2457258.5 17.2414948266 0 15.850881819 0
2457259.5 16.6546140635 0 15.2746920734 0
2457260.5 15.8163507939 0 14.4517828455 0
2457261.5 15.6832418677 0 14.3212701499 0
2457262.5 23.1451025439 0 21.6452113885 0
2457263.5 23.1676424097 0 21.6672457081 0
2457264.5 22.5870904447 0 21.0974950359 0
2457265.5 22.2698176754 0 20.7860475622 0
2457266.5 23.6669487057 0 22.1555113451 0
2457267.5 22.8843604662 0 21.3872892614 0
2457268.5 23.013929422 0 21.5142723319 0
2457269.5 22.9382022095 0 21.439980598 0
2457270.5 24.5118959331 0 22.9850516553 0
2457271.5 25.2021924077 0 23.6627245603 0
2457272.5 24.5307188877 0 23.0035779521 0
2457273.5 24.672652233 0 23.1427665059 0
2457274.5 16.8383402389 0 15.452350609 0
2457275.5 16.3528945407 0 14.9760732151 0
2457276.5 16.8728489574 0 15.4863042668 0
2457277.5 15.9344550815 0 14.5652112407 0
2457278.5 21.4792109476 0 20.0044723343 0
2457279.5 20.904389036 0 19.4402274697 0
2457280.5 21.3348508881 0 19.8627533487 0
2457281.5 20.6384278397 0 19.1792671407 0
2457282.5 16.9382414196 0 15.55018252 0
2457283.5 16.3456442061 0 14.9686978108 0
2457284.5 15.8474625252 0 14.4799452268 0
2457285.5 15.3100599407 0 13.9523963818 0
2457286.5 20.9690235269 0 19.5073316079 0
2457287.5 21.6815771176 0 20.2067973567 0
2457288.5 21.0029039532 0 19.5408091902 0
2457289.5 20.1398693484 0 18.6939233256 0
2457290.5 20.9385270218 0 19.4779127704 0
2457291.5 21.2676281784 0 19.8008215994 0
2457292.5 20.9141295705 0 19.453824044 0
2457293.5 20.2808165407 0 18.8324056314 0
2457294.5 20.9378631003 0 19.4797529044 0
2457295.5 21.7351171008 0 20.262067629 0
2457296.5 21.2920484397 0 19.8271484237 0
2457297.5 21.3846578497 0 19.9181479663 0
2457298.5 18.8329395282 0 17.4147841172 0
2457299.5 19.2302505863 0 17.8047402449 0
2457300.5 19.3410855723 0 17.9136383018 0
2457301.5 20.0078746692 0 18.5682591513 0
2457302.5 22.7079249592 0 21.2208844043 0
2457303.5 21.9475428519 0 20.4746441111 0
2457304.5 21.7584275061 0 20.2889585894 0
2457305.5 22.1810500162 0 20.7037273018 0
2457306.5 23.8208247834 0 22.3128400954 0
2457307.5 24.7472707447 0 23.2223847918 0
2457308.5 24.4474756216 0 22.9279906077 0
2457309.5 25.141951231 0 23.6095894291 0
2457310.5 23.338175351 0 21.8370830736 0
2457311.5 22.4442013135 0 20.9598057691 0
2457312.5 22.5527677807 0 21.0664916367 0
2457313.5 22.0921972364 0 20.6144172631 0
2457314.5 16.9264129743 0 15.5417678699 0
2457315.5 16.2188750517 0 14.8472032171 0
2457316.5 16.4090450849 0 15.0336669756 0
2457317.5 16.3648004293 0 14.9902774647 0
2457318.5 16.6367073432 0 15.2584207701 0
2457319.5 17.524934808 0 16.1302950651 0
2457320.5 16.6706930008 0 15.2917852346 0
2457321.5 16.3237848694 0 14.9514427758 0
2457322.5 15.4915202543 0 14.1339845449 0
2457323.5 15.4162075859 0 14.0601942875 0
2457324.5 14.68335186 0 13.3409919458 0
2457325.5 15.1259895669 0 13.7753364339 0
2457326.5 25.5886938547 0 24.0422945261 0
2457327.5 26.2439175188 0 24.6855659381 0
2457328.5 26.5872557667 0 25.0225819029 0
2457329.5 26.6072787951 0 25.0423043238 0
2457330.5 26.4500235257 0 24.8903510875 0
2457331.5 25.6976916996 0 24.1517237592 0
2457332.5 25.9547926412 0 24.4041576052 0
2457333.5 25.2320330204 0 23.6946496977 0
2457334.5 16.0965920154 0 14.7271652463 0
2457335.5 16.3940079453 0 15.0191067199 0
2457336.5 15.6816571107 0 14.3197940605 0
2457337.5 14.8905100928 0 13.5433178 0
2457338.5 24.1972291099 0 22.6794780536 0
2457339.5 23.4813645866 0 21.9769284813 0
2457340.5 23.3244531119 0 21.8229100199 0
2457341.5 22.5175665421 0 21.031107573 0
2457342.5 26.1607585653 0 24.6051106155 0
2457343.5 25.4986660904 0 23.9552040504 0
2457344.5 25.2465348497 0 23.7076658549 0
2457345.5 24.4131033504 0 22.889537188 0
2457346.5 16.2714829948 0 14.8965528338 0
2457347.5 15.71773207 0 14.3531745878 0
2457348.5 15.8365623726 0 14.4697668125 0
2457349.5 15.6967206114 0 14.3326154444 0
2457350.5 16.5360920014 0 15.1562364885 0
2457351.5 16.0841016312 0 14.7127472898 0
2457352.5 16.6804608147 0 15.2981974772 0
2457353.5 17.3034121514 0 15.9094346562 0
2457354.5 23.8052786152 0 22.2901913695 0
2457355.5 24.719723895 0 23.1875780133 0
2457356.5 25.5397095641 0 23.9925304766 0
2457357.5 25.2176065116 0 23.6762184725 0
2457358.5 16.1756001785 0 14.8045904848 0
2457359.5 15.8307812451 0 14.4662401391 0
2457360.5 16.2973487951 0 14.9243216317 0
2457361.5 16.4502881591 0 15.0744992782 0
2457362.5 24.1961856717 0 22.6787494655 0
2457363.5 24.2065645471 0 22.6887643492 0
2457364.5 24.0375926643 0 22.5229063145 0
2457365.5 24.642582515 0 23.1165671563 0
2457366.5 26.3548065977 0 24.7985961142 0
2457367.5 26.3679285871 0 24.8116199186 0
2457368.5 27.2976035661 0 25.7249239679 0
2457369.5 26.7528449398 0 25.189894707 0
2457370.5 15.801880319 0 14.4397153871 0
2457371.5 15.3063850315 0 13.9535019304 0
2457372.5 16.0051751834 0 14.6394248494 0
2457373.5 15.167223793 0 13.8168615452 0
2457374.5 16.4345753185 0 15.0629572219 0
2457375.5 16.1284516427 0 14.7627064439 0
2457376.5 16.3786392051 0 15.0081696638 0
2457377.5 15.5583018729 0 14.2028906574 0
2457378.5 24.3294774017 0 22.8088389274 0
2457379.5 24.7693645583 0 23.2405081062 0
2457380.5 24.045572518 0 22.5302635826 0
2457381.5 24.4899151762 0 22.9664665602 0
2457382.5 19.0164766248 0 17.5918452042 0
2457383.5 18.1390359432 0 16.7307861356 0
2457384.5 19.0531851225 0 17.6279081649 0
2457385.5 18.1293486684 0 16.7211313271 0
2457386.5 24.8218317414 0 23.2870306823 0
2457387.5 24.2858541685 0 22.7608274542 0
2457388.5 24.8242346943 0 23.2890990799 0
2457389.5 25.6358494357 0 24.0857260793 0
2457390.5 15.253038727 0 13.8940083374 0
2457391.5 14.3671670757 0 13.0247413641 0
2457392.5 14.2869199277 0 12.9459101526 0
2457393.5 14.5663670613 0 13.22037357 0
2457394.5 16.9334461126 0 15.5460552805 0
2457395.5 17.2783178403 0 15.8846656192 0
2457396.5 17.7567148335 0 16.3541775632 0
2457397.5 17.5055563337 0 16.1076603316 0
2457398.5 25.5270192948 0 23.983048941 0
2457399.5 25.3491909258 0 23.808297996 0
2457400.5 25.5001072862 0 23.9562829849 0
2457401.5 24.780992728 0 23.25039615 0
2457402.5 24.1896731638 0 22.6693820693 0
2457403.5 24.6980791671 0 23.1684841219 0
2457404.5 24.604959688 0 23.0769737024 0
2457405.5 24.5005044482 0 22.9745935125 0
2457406.5 25.0764511325 0 23.5414498491 0
2457407.5 25.2092905573 0 23.6717894818 0
2457408.5 24.6716255168 0 23.1438625801 0
2457409.5 25.0249366966 0 23.490525202 0
2457410.5 26.5377081171 0 24.9779632217 0
2457411.5 27.1180282049 0 25.5480432828 0
2457412.5 26.279859466 0 24.7248437155 0
2457413.5 25.7460804691 0 24.2006670043 0
2457414.5 22.951047713 0 21.4568166236 0
2457415.5 22.562263774 0 21.0751342267 0
2457416.5 22.2761945035 0 20.794306447 0
2457417.5 22.2885789648 0 20.8065219707 0
2457418.5 23.9728667713 0 22.4628285228 0
2457419.5 24.4523131094 0 22.9333806047 0
2457420.5 24.8696961052 0 23.3432751393 0
2457421.5 25.7106313697 0 24.1688498172 0
2457422.5 16.8246514569 0 15.4454359739 0
2457423.5 15.9090250162 0 14.5469178483 0
2457424.5 15.6164162014 0 14.259620926 0
2457425.5 15.3927249459 0 14.0402049868 0
2457426.5 24.7299022817 0 23.201758189 0
2457427.5 24.5056521213 0 22.9815934275 0
2457428.5 24.3475117285 0 22.8265087859 0
2457429.5 24.682727506 0 23.1553910092 0
2457430.5 22.8078678043 0 21.317337072 0
2457431.5 23.0710954151 0 21.5757588239 0
2457432.5 22.6414145861 0 21.154148274 0
2457433.5 23.3958359156 0 21.8947121911 0
2457434.5 19.7674961318 0 18.3351797494 0
2457435.5 18.8675570171 0 17.4520368166 0
2457436.5 18.8403548377 0 17.4251908204 0
2457437.5 18.6122590396 0 17.2013793923 0
2457438.5 19.890565063 0 18.4586145665 0
2457439.5 19.227362537 0 17.80785728 0
2457440.5 20.0039570017 0 18.5700804559 0
2457441.5 19.1043745814 0 17.6870620513 0
2457442.5 26.0514271021 0 24.5058862803 0
2457443.5 26.0477308771 0 24.5021759848 0
2457444.5 26.7599679497 0 25.2014056809 0
2457445.5 25.8434973007 0 24.3014104463 0
2457446.5 26.5744498283 0 25.0218985832 0
2457447.5 25.9280887276 0 24.3871206066 0
2457448.5 26.6528208402 0 25.0988756199 0
2457449.5 26.8535103441 0 25.2959333108 0
2457450.5 19.6460534211 0 18.2226200856 0
2457451.5 19.2631947552 0 17.8468858465 0
2457452.5 18.9090804634 0 17.4993205418 0
2457453.5 18.6025440559 0 17.1985733973 0
2457454.5 20.4971011729 0 19.0592754341 0
2457455.5 21.2981190775 0 19.8455915351 0
2457456.5 21.4571265452 0 20.0015295764 0
2457457.5 21.8118402735 0 20.3497140195 0
2457458.5 19.4269277861 0 18.0079189874 0
2457459.5 20.076877469 0 18.6457686373 0
2457460.5 20.8572259745 0 19.4116138956 0
2457461.5 20.7430526189 0 19.2997246596 0
2457462.5 18.1557687264 0 16.7584132479 0
2457463.5 17.9556715307 0 16.562213746 0
2457464.5 17.947123467 0 16.5537377079 0
2457465.5 18.2001379173 0 16.8020856087 0
2457466.5 16.5485724645 0 15.1820525121 0
2457467.5 17.1100507173 0 15.7332194092 0
2457468.5 16.5628964367 0 15.1963091226 0
2457469.5 16.4939368364 0 15.1285324002 0
2457470.5 24.4847508832 0 22.9699930259 0
2457471.5 23.8758343251 0 22.372349377 0
2457472.5 23.4072044529 0 21.9122506292 0
2457473.5 24.0164007066 0 22.5101390033 0
2457474.5 17.1228718291 0 15.7472963976 0
2457475.5 18.0268406026 0 16.6346473563 0
2457476.5 17.5467279036 0 16.1633808952 0
2457477.5 17.9146722533 0 16.524306646 0
2457478.5 18.1151578477 0 16.7242839118 0
2457479.5 17.7090405714 0 16.3256113297 0
2457480.5 16.8500040922 0 15.4824219038 0
2457481.5 16.9570293497 0 15.5875114109 0
2457482.5 17.9414256148 0 16.554955569 0
2457483.5 17.8260993732 0 16.4417116113 0
2457484.5 18.1252719312 0 16.7353881929 0
2457485.5 18.2203255083 0 16.8287615904 0
2457486.5 20.8111241924 0 19.3699809016 0
2457487.5 21.0011263109 0 19.5564935404 0
2457488.5 20.1705286224 0 18.7413707695 0
2457489.5 19.9299726392 0 18.5051009245 0
2457490.5 16.9640223864 0 15.5961566904 0
2457491.5 16.6137694585 0 15.2523760628 0
2457492.5 16.1607288384 0 14.8076501458 0
2457493.5 16.9682202378 0 15.5999625239 0
2457494.5 19.630860966 0 18.2152818123 0
2457495.5 19.2120633268 0 17.8041742886 0
2457496.5 20.0868074362 0 18.6625699626 0
2457497.5 20.2724471837 0 18.844602699 0
2457498.5 20.2416800764 0 18.8130233289 0
2457499.5 19.4731632838 0 18.0587090301 0
2457500.5 18.6102156152 0 17.2117810432 0
2457501.5 19.1022633657 0 17.6947136859 0
2457502.5 22.0369579802 0 20.5773626075 0
2457503.5 22.1112294935 0 20.6501143483 0
2457504.5 22.6798325368 0 21.2081143731 0
2457505.5 22.4097058503 0 20.9431400648 0
2457506.5 24.0764074214 0 22.5795954362 0
2457507.5 23.8234236929 0 22.3311921248 0
2457508.5 23.8497841201 0 22.3569819291 0
2457509.5 24.6068409883 0 23.1002393422 0
2457510.5 18.6358061708 0 17.2424176648 0
2457511.5 18.31264953 0 16.9252031034 0
2457512.5 17.6604893299 0 16.2850086639 0
2457513.5 17.9787366104 0 16.597250197 0
2457514.5 18.2100772504 0 16.822386388 0
2457515.5 17.5784838798 0 16.2024636561 0
2457516.5 18.3604198021 0 16.9700026873 0
2457517.5 17.4852820804 0 16.1111826126 0
2457518.5 22.8495829228 0 21.3747064651 0
2457519.5 23.2629302395 0 21.7803333865 0
2457520.5 22.9450855061 0 21.46852065 0
2457521.5 23.5810229565 0 22.0926850777 0
2457522.5 17.082415947 0 15.7139741922 0
2457523.5 16.6715238857 0 15.310640248 0
2457524.5 16.5464527743 0 15.1880226624 0
2457525.5 15.7686202839 0 14.4245306119 0
2457526.5 22.5658232358 0 21.0983128158 0
2457527.5 22.4138961363 0 20.9491340458 0
2457528.5 21.6482904924 0 20.197536967 0
2457529.5 22.3293005922 0 20.8660573211 0
2457530.5 27.3334706066 0 25.7763620052 0
2457531.5 27.5398864831 0 25.9794021132 0
2457532.5 27.2750033278 0 25.7191052859 0
2457533.5 26.6347559884 0 25.0900939826 0
2457534.5 22.7842563767 0 21.3131721576 0
2457535.5 22.2191478514 0 20.7583765672 0
2457536.5 21.3181344668 0 19.8740834816 0
2457537.5 20.4970610149 0 19.0681865913 0
2457538.5 25.0772892831 0 23.5626265512 0
2457539.5 24.4528921727 0 22.9495735546 0
2457540.5 24.9892277406 0 23.4758912717 0
2457541.5 25.843009125 0 24.3139633653 0
2457542.5 24.8589242578 0 23.3487059533 0
2457543.5 24.6208094229 0 23.1148865729 0
2457544.5 24.3225213445 0 22.8220516905 0
2457545.5 24.1129878364 0 22.6162348857 0
2457546.5 16.8467613265 0 15.487653935 0
2457547.5 17.4792715693 0 16.1083498917 0
2457548.5 18.0359131729 0 16.6547262072 0
2457549.5 18.9118810069 0 17.5143734566 0
2457550.5 22.0124349099 0 20.5579195529 0
2457551.5 21.718776979 0 20.2696922268 0
2457552.5 21.8784504749 0 20.4263406081 0
2457553.5 21.6297350579 0 20.1822356176 0
2457554.5 18.9705119002 0 17.5697808128 0
2457555.5 19.1025906418 0 17.6994308518 0
2457556.5 19.2629628887 0 17.8568397758 0
2457557.5 18.6380129572 0 17.2435067321 0
2457558.5 22.4959328592 0 21.0304072928 0
2457559.5 23.3319788375 0 21.8508839235 0
2457560.5 23.8686506613 0 22.3776075505 0
2457561.5 23.541003684 0 22.0561638001 0
2457562.5 17.639118102 0 16.2635491801 0
2457563.5 16.776582333 0 15.4169823639 0
2457564.5 17.0252465164 0 15.6609612381 0
2457565.5 17.8065323249 0 16.4279061926 0
2457566.5 19.8329929296 0 18.4140663239 0
2457567.5 19.4507401153 0 18.0388469191 0
2457568.5 19.9577194473 0 18.5363363319 0
2457569.5 20.0146737441 0 18.5923716882 0
2457570.5 21.328213249 0 19.8838157432 0
2457571.5 20.6855456683 0 19.2529115032 0
2457572.5 20.0813402072 0 18.66009686 0
2457573.5 20.3362016306 0 18.9101260408 0
2457574.5 26.3327320145 0 24.7937699181 0
2457575.5 26.8806049282 0 25.3317923373 0
2457576.5 26.8664823247 0 25.3179406077 0
2457577.5 26.401489035 0 24.8613276816 0
2457578.5 21.2074892067 0 19.7619318662 0
2457579.5 21.6887866173 0 20.2341323563 0
2457580.5 21.7945797551 0 20.3378942202 0
2457581.5 22.0394734943 0 20.5784162147 0
2457582.5 26.9824687459 0 25.4308624377 0
2457583.5 27.3455548053 0 25.7878127953 0
2457584.5 27.893928605 0 26.3270832648 0
2457585.5 26.9675684472 0 25.416593631 0
2457586.5 17.2109537534 0 15.8397563745 0
2457587.5 17.1517130837 0 15.7816599315 0
2457588.5 17.4322551762 0 16.0571152905 0
2457589.5 17.6890655337 0 16.3090619495 0
2457590.5 19.5009411177 0 18.0878593292 0
2457591.5 18.5860438992 0 17.1900868474 0
2457592.5 18.6498063479 0 17.2527852644 0
2457593.5 18.0548553324 0 16.6690008133 0
2457594.5 17.1608313136 0 15.7934021687 0
2457595.5 16.7422896992 0 15.3825321521 0
2457596.5 16.7332406389 0 15.3738102144 0
2457597.5 17.4741790713 0 16.1010589705 0
2457598.5 22.182291482 0 20.7197272341 0
2457599.5 22.4584600861 0 20.99090674 0
2457600.5 22.0044683254 0 20.545157085 0
2457601.5 21.9151725117 0 20.457655168 0
2457602.5 26.7402697524 0 25.1964962099 0
2457603.5 26.4380792164 0 24.8996982242 0
2457604.5 25.8382886078 0 24.3106329675 0
2457605.5 25.7608633516 0 24.2347226621 0
2457606.5 18.9862136343 0 17.5868994117 0
2457607.5 18.1793120099 0 16.7948116686 0
2457608.5 18.0441666118 0 16.6621243121 0
2457609.5 18.5338335924 0 17.1426036074 0
2457610.5 26.6905027376 0 25.1476005827 0
2457611.5 27.254682225 0 25.7019115412 0
2457612.5 27.4292735537 0 25.8733430493 0
2457613.5 28.2057948315 0 26.6370809691 0
2457614.5 23.8435475948 0 22.3557558323 0
2457615.5 24.426906651 0 22.9282766437 0
2457616.5 25.2651964556 0 23.7512527665 0
2457617.5 26.0794076607 0 24.55078882 0
2457618.5 19.0140730789 0 17.6177214148 0
2457619.5 18.5367534994 0 17.1491581434 0
2457620.5 18.2270556289 0 16.8451967321 0
2457621.5 19.1214060115 0 17.7229277184 0
2457622.5 25.184017436 0 23.6738248619 0
2457623.5 25.6284991664 0 24.1100884231 0
