2457258.5 16.2150277005 0 14.856826807 0
2457259.5 16.1907108775 0 14.8328933236 0
2457260.5 16.5733093342 0 15.2083109524 0
2457261.5 17.4665743037 0 16.0850193881 0
2457262.5 20.8570184387 0 19.4125666078 0
2457263.5 20.9998665656 0 19.5527913419 0
2457264.5 21.3001368856 0 19.8474673463 0
2457265.5 21.5020548345 0 20.0455017129 0
2457266.5 23.7305626507 0 22.2355477606 0
2457267.5 23.094293393 0 21.6108473757 0
2457268.5 23.3707398666 0 21.882169185 0
2457269.5 24.2464922214 0 22.7415811974 0
2457270.5 26.3860377478 0 24.8451819273 0
2457271.5 25.8920927858 0 24.3600642788 0
2457272.5 26.0539896922 0 24.5189981798 0
2457273.5 25.9471829415 0 24.4141225635 0
2457274.5 19.3494833341 0 17.9384280244 0
2457275.5 19.5454888937 0 18.1307254819 0
2457276.5 19.5253832531 0 18.1110403573 0
2457277.5 19.6149745581 0 18.1988006604 0
2457278.5 20.8828893313 0 19.4436685695 0
2457279.5 21.4416591778 0 19.9919153823 0
2457280.5 21.0202175235 0 19.5781715948 0
2457281.5 20.1355920375 0 18.7100939628 0
2457282.5 25.1511574415 0 23.634873202 0
2457283.5 25.7395417443 0 24.2124927224 0
2457284.5 26.256854627 0 24.7206032232 0
2457285.5 26.3611288591 0 24.8229582993 0
2457286.5 22.0847791344 0 20.6270526291 0
2457287.5 21.3098768698 0 19.8665105369 0
2457288.5 20.4356386287 0 19.0086752176 0
2457289.5 21.0198933203 0 19.5820243059 0
2457290.5 24.1373311055 0 22.6391026751 0
2457291.5 23.6614118138 0 22.1719970776 0
2457292.5 23.6618428884 0 22.1724900131 0
2457293.5 23.3612206291 0 21.8775198772 0
2457294.5 18.1477318274 0 16.7580480815 0
2457295.5 19.0676390254 0 17.6608899202 0
2457296.5 19.7561929893 0 18.3368413615 0
2457297.5 19.3796295606 0 17.9673845909 0
2457298.5 24.1356572705 0 22.6341335572 0
2457299.5 23.9007120543 0 22.4037237955 0
2457300.5 24.7888104386 0 23.2753157596 0
2457301.5 24.5062575948 0 22.9979661327 0
2457302.5 20.4012784848 0 18.9677563046 0
2457303.5 20.3923094265 0 18.9590120754 0
2457304.5 20.8013827869 0 19.3604889219 0
2457305.5 20.8201241061 0 19.379007991 0
2457306.5 18.4383850317 0 17.04248059 0
2457307.5 18.8351579541 0 17.4318757796 0
2457308.5 19.1158084491 0 17.7074068789 0
2457309.5 18.1977009896 0 16.8063981626 0
2457310.5 25.8858321146 0 24.352617617 0
2457311.5 26.7407611679 0 25.1922394405 0
2457312.5 27.3625400011 0 25.8032846341 0
2457313.5 26.4778112401 0 24.9339681902 0
2457314.5 17.972430738 0 16.5880757947 0
2457315.5 18.6744969112 0 17.2770827752 0
2457316.5 18.7194510621 0 17.3212882405 0
2457317.5 19.2729814675 0 17.8645191982 0
2457318.5 23.3793866936 0 21.8963243171 0
2457319.5 22.6901329496 0 21.2197755779 0
2457320.5 23.3495998057 0 21.8672095081 0
2457321.5 24.1076290643 0 22.6112550611 0
2457322.5 26.4612974784 0 24.9222214338 0
2457323.5 27.217123643 0 25.6646042206 0
2457324.5 27.9514827156 0 26.3869686524 0
2457325.5 27.8921531413 0 26.3287174006 0
2457326.5 27.093023861 0 25.5439266603 0
2457327.5 26.4839003617 0 24.9456771424 0
2457328.5 27.1029995373 0 25.5539583301 0
2457329.5 27.630898562 0 26.0730407006 0
2457330.5 17.5665151521 0 16.1957968349 0
2457331.5 17.7928420257 0 16.4180576481 0
2457332.5 18.247904873 0 16.8645280106 0
2457333.5 17.3570228546 0 15.990028133 0
2457334.5 22.6495123056 0 21.1856314837 0
2457335.5 22.1731293964 0 20.7182259415 0
2457336.5 22.13993906 0 20.685686947 0
2457337.5 22.2985870951 0 20.8415598194 0
2457338.5 26.7457716084 0 25.2056713176 0
2457339.5 26.431396309 0 24.8969546433 0
2457340.5 26.8685724701 0 25.3262097763 0
2457341.5 26.7291156892 0 25.1892176435 0
2457342.5 22.018547917 0 20.5679331988 0
2457343.5 21.0886955294 0 19.6552591892 0
2457344.5 20.5393485436 0 19.1161542656 0
2457345.5 20.9839184027 0 19.552362792 0
2457346.5 23.1455335604 0 21.6747608806 0
2457347.5 22.4177644077 0 20.9606478853 0
2457348.5 23.2840864476 0 21.8109350998 0
2457349.5 22.8714619577 0 21.4061340882 0
2457350.5 21.522487028 0 20.0834284481 0
2457351.5 20.8889136205 0 19.4616054699 0
2457352.5 20.6329472308 0 19.2102010753 0
2457353.5 20.5642160847 0 19.1428857139 0
2457354.5 20.5708716641 0 19.1478223492 0
2457355.5 20.4405528856 0 19.0199860598 0
2457356.5 20.0954761137 0 18.6812903356 0
2457357.5 19.4370764849 0 18.0350341661 0
2457358.5 22.0595561742 0 20.6106136705 0
2457359.5 22.0107648135 0 20.5626027044 0
2457360.5 22.6674341832 0 21.2073033445 0
2457361.5 22.8093565029 0 21.3466300418 0
2457362.5 23.1703031621 0 21.7020057517 0
2457363.5 23.3361216271 0 21.8649326261 0
2457364.5 22.4985059697 0 21.0426666158 0
2457365.5 22.6401835815 0 21.1815446485 0
2457366.5 25.9888959141 0 24.468352639 0
2457367.5 25.457927939 0 23.9469381481 0
2457368.5 26.2162638139 0 24.6916140831 0
2457369.5 26.7194550243 0 25.1859289677 0
2457370.5 17.9730969622 0 16.6011113218 0
2457371.5 17.8067070008 0 16.4378097863 0
2457372.5 17.5080661824 0 16.1448407844 0
2457373.5 17.1471283955 0 15.7905071878 0
2457374.5 23.4877646051 0 22.0157571115 0
2457375.5 23.9597173912 0 22.4788242756 0
2457376.5 24.6864879747 0 23.1922827529 0
2457377.5 24.9852735115 0 23.4857646991 0
2457378.5 21.6686599657 0 20.2308384814 0
2457379.5 21.8592413658 0 20.4179089349 0
2457380.5 20.9697073154 0 19.5447490641 0
2457381.5 20.0969527541 0 18.6880532401 0
2457382.5 21.8790159576 0 20.439853579 0
2457383.5 21.1964800127 0 19.7698106489 0
2457384.5 21.7950220779 0 20.3571864166 0
2457385.5 21.9633452927 0 20.5224710133 0
2457386.5 19.9902376513 0 18.5854695582 0
2457387.5 19.0924713778 0 17.7042438192 0
2457388.5 19.3698180399 0 17.9766093611 0
2457389.5 19.1494684306 0 17.7601906506 0
2457390.5 20.9931367253 0 19.5694606344 0
2457391.5 21.7499996272 0 20.3124276233 0
2457392.5 21.0753388321 0 19.6504352555 0
2457393.5 20.8106744081 0 19.3906201548 0
2457394.5 26.6248254882 0 25.0957875987 0
2457395.5 26.4436985739 0 24.9180885612 0
2457396.5 26.0016140121 0 24.484123526 0
2457397.5 25.1988548677 0 23.6959738775 0
2457398.5 25.948978432 0 24.4339990814 0
2457399.5 26.5576301097 0 25.0315487905 0
2457400.5 25.9701036273 0 24.4546483007 0
2457401.5 26.5741559151 0 25.0478599375 0
2457402.5 21.9958511657 0 20.5509032694 0
2457403.5 22.4539759409 0 21.0006543832 0
2457404.5 21.697625195 0 20.2582239428 0
2457405.5 21.4369015649 0 20.0023150846 0
2457406.5 17.6104007431 0 16.2449439766 0
2457407.5 17.9891911441 0 16.6167754728 0
2457408.5 17.1287571179 0 15.772449743 0
2457409.5 17.7979885914 0 16.4294037656 0
2457410.5 21.7544976824 0 20.3097655707 0
2457411.5 22.0999427422 0 20.6486973509 0
2457412.5 21.6410162528 0 20.1981200708 0
2457413.5 21.0942425549 0 19.6615608474 0
2457414.5 17.8254556522 0 16.453007171 0
2457415.5 17.7548073998 0 16.3837425156 0
2457416.5 18.0144597705 0 16.6385497505 0
2457417.5 17.395009176 0 16.0306314119 0
2457418.5 27.5713536762 0 26.0224217254 0
2457419.5 27.1925829901 0 25.64998355 0
2457420.5 27.0269664441 0 25.487162535 0
2457421.5 27.440081688 0 25.892979107 0
2457422.5 26.7919375143 0 25.2577537125 0
2457423.5 27.3816696991 0 25.8373558839 0
2457424.5 28.3029079102 0 26.7436391425 0
2457425.5 28.3129137175 0 26.7536243146 0
2457426.5 24.873026266 0 23.3751886166 0
2457427.5 24.3628337717 0 22.8744501509 0
2457428.5 25.1767338639 0 23.6732722299 0
2457429.5 25.3011220942 0 23.7953787576 0
2457430.5 23.9172699254 0 22.4380513088 0
2457431.5 24.4457499457 0 22.9566094088 0
2457432.5 24.7148810738 0 23.2208690666 0
2457433.5 23.7891685295 0 22.3120727583 0
2457434.5 22.4225782619 0 20.9711385931 0
2457435.5 22.1277171232 0 20.6815816456 0
2457436.5 22.0840586829 0 20.638799896 0
2457437.5 21.6525795465 0 20.2152585692 0
2457438.5 26.2361788404 0 24.7150814878 0
2457439.5 26.8041731048 0 25.2727289545 0
2457440.5 26.4119156808 0 24.8875820472 0
2457441.5 26.1467350581 0 24.6272025056 0
2457442.5 22.08535999 0 20.6401623227 0
2457443.5 21.6866034401 0 20.2485965054 0
2457444.5 21.6267449738 0 20.1897167705 0
2457445.5 21.2247354944 0 19.7953019332 0
2457446.5 23.8854269227 0 22.4069060037 0
2457447.5 23.0341123649 0 21.5713277719 0
2457448.5 22.5181928177 0 21.0648387388 0
2457449.5 23.2122125711 0 21.7459944106 0
2457450.5 17.6199719471 0 16.2595997513 0
2457451.5 18.5090090145 0 17.1319797879 0
2457452.5 18.0314207262 0 16.6633660973 0
2457453.5 17.5764769946 0 16.2168957198 0
2457454.5 20.2938775014 0 18.882236769 0
2457455.5 19.8433429515 0 18.440109239 0
2457456.5 19.7720684989 0 18.3701451549 0
2457457.5 20.1936927608 0 18.7838883797 0
2457458.5 23.7251974974 0 22.2499287757 0
2457459.5 23.2673062915 0 21.8005492678 0
2457460.5 23.8459453387 0 22.368293996 0
2457461.5 24.4251928723 0 22.9367875866 0
2457462.5 24.2159646011 0 22.7288572907 0
2457463.5 24.5296081248 0 23.0365437082 0
2457464.5 23.827170627 0 22.3471428537 0
2457465.5 23.6000581784 0 22.1244256261 0
2457466.5 21.0325687856 0 19.6057273723 0
2457467.5 21.8433698681 0 20.4016119479 0
2457468.5 22.0153999054 0 20.5702847664 0
2457469.5 22.3272771372 0 20.8764978144 0
2457470.5 17.2728353716 0 15.9158355944 0
2457471.5 17.6280879821 0 16.2645059906 0
2457472.5 17.3096892534 0 15.9521515811 0
2457473.5 16.9020266823 0 15.5520148965 0
2457474.5 23.2144682439 0 21.7502118692 0
2457475.5 22.4126942551 0 20.9634460413 0
2457476.5 21.5231783002 0 20.0902190352 0
2457477.5 22.271317999 0 20.8246060169 0
2457478.5 22.0524663187 0 20.6104852589 0
2457479.5 22.8484582394 0 21.3916848665 0
2457480.5 23.2894346487 0 21.8244323132 0
2457481.5 23.830251224 0 22.3554241016 0
2457482.5 26.1188755064 0 24.6030500045 0
2457483.5 26.8474337483 0 25.3186162873 0
2457484.5 26.2955119395 0 24.7763694488 0
2457485.5 25.9357061628 0 24.4229839288 0
2457486.5 20.3675195416 0 18.9552094424 0
2457487.5 21.2798001782 0 19.8506636818 0
2457488.5 21.5755831805 0 20.140972406 0
2457489.5 20.7837956585 0 19.3637947647 0
2457490.5 21.9553620673 0 20.5130866626 0
2457491.5 22.1686800048 0 20.722438436 0
2457492.5 21.7075839969 0 20.2698553671 0
2457493.5 21.2604892965 0 19.8310220585 0
2457494.5 22.4831002654 0 21.0312714859 0
2457495.5 22.126348686 0 20.6812324591 0
2457496.5 21.9098660622 0 20.4686475668 0
2457497.5 21.1016092755 0 19.6751769907 0
2457498.5 18.3530113178 0 16.9786957394 0
2457499.5 17.6845341239 0 16.3224810849 0
2457500.5 17.121868877 0 15.7701218901 0
2457501.5 16.4633306725 0 15.1236450178 0
2457502.5 17.5405829123 0 16.1839165892 0
2457503.5 18.101539086 0 16.7345751198 0
2457504.5 17.2905458293 0 15.9386432563 0
2457505.5 16.3874451202 0 15.0524938056 0
2457506.5 24.8352126952 0 23.3411691093 0
2457507.5 25.1638331588 0 23.6638466868 0
2457508.5 25.1244427338 0 23.624990175 0
2457509.5 25.6398904052 0 24.1308837606 0
2457510.5 18.2119937459 0 16.8413696627 0
2457511.5 18.5824199613 0 17.2047343482 0
2457512.5 18.6321983001 0 17.2537497731 0
2457513.5 17.98272722 0 16.6164179104 0
2457514.5 18.8254199332 0 17.4445840107 0
2457515.5 18.3890955783 0 17.0162103903 0
2457516.5 18.8774841036 0 17.4954332396 0
2457517.5 18.2506263224 0 16.8802692784 0
2457518.5 23.8946216573 0 22.4228350889 0
2457519.5 23.8210421298 0 22.3504952686 0
2457520.5 23.5845817869 0 22.1185728757 0
2457521.5 22.9754415603 0 21.5207255242 0
2457522.5 21.8426964018 0 20.409426826 0
2457523.5 21.0208995831 0 19.6029302429 0
2457524.5 20.6400849886 0 19.2291301017 0
2457525.5 20.9554976263 0 19.538781058 0
2457526.5 25.8679728826 0 24.3600106832 0
2457527.5 26.2441312699 0 24.7293241986 0
2457528.5 26.6995314304 0 25.1764394015 0
2457529.5 25.8514292027 0 24.3435602455 0
2457530.5 27.5022585072 0 25.9674211355 0
2457531.5 27.5489369297 0 26.0131686017 0
2457532.5 28.412318296 0 26.8624208846 0
2457533.5 28.2312059205 0 26.6841152803 0
2457534.5 27.7685830491 0 26.230293223 0
2457535.5 26.9877461202 0 25.4627389945 0
2457536.5 27.2550261442 0 25.7253395887 0
2457537.5 26.9818157582 0 25.4567415205 0
2457538.5 28.1378872852 0 26.5954014588 0
2457539.5 27.467743563 0 25.9364906861 0
2457540.5 27.5508758681 0 26.018114288 0
2457541.5 28.1178407635 0 26.5758547678 0
2457542.5 20.253490464 0 18.8520930909 0
2457543.5 20.4951142737 0 19.0893764572 0
2457544.5 19.8468882326 0 18.4531604246 0
2457545.5 20.7484420845 0 19.3379353801 0
2457546.5 19.0236809187 0 17.6452350144 0
2457547.5 18.4489282136 0 17.0810842051 0
2457548.5 18.9088554917 0 17.5325108151 0
2457549.5 18.8074983778 0 17.4330317207 0
2457550.5 21.3564909828 0 19.9375427692 0
2457551.5 20.8898370205 0 19.4795619605 0
2457552.5 20.7853721272 0 19.3770860751 0
2457553.5 21.1650690316 0 19.7496399187 0
2457554.5 21.6146515582 0 20.1924256982 0
2457555.5 21.1361962782 0 19.7229342013 0
2457556.5 21.8594959386 0 20.4327095142 0
2457557.5 21.6304284228 0 20.207735498 0
2457558.5 26.4747220044 0 24.9600464806 0
2457559.5 26.8959209055 0 25.3737572097 0
2457560.5 27.4639464897 0 25.9319229111 0
2457561.5 27.4654273362 0 25.9334996308 0
2457562.5 23.5403895509 0 22.0801294295 0
2457563.5 23.8110718862 0 22.3460060084 0
2457564.5 23.5582913322 0 22.0980501026 0
2457565.5 24.1927681101 0 22.7207616968 0
2457566.5 19.7021309196 0 18.3136326973 0
2457567.5 19.8366950643 0 18.4455084243 0
2457568.5 20.6025600685 0 19.1970756917 0
2457569.5 20.5030440906 0 19.0994378869 0
2457570.5 19.7951041323 0 18.4023020073 0
2457571.5 19.4871529106 0 18.1002338693 0
2457572.5 19.3725412813 0 17.9876217805 0
2457573.5 19.9923206662 0 18.5957618279 0
2457574.5 18.1407230126 0 16.7802774306 0
2457575.5 17.8464108678 0 16.4912519875 0
2457576.5 17.0496394167 0 15.7091142196 0
2457577.5 17.5250622425 0 16.1758210948 0
2457578.5 19.8891083117 0 18.4989880377 0
2457579.5 20.4901802691 0 19.0890629924 0
2457580.5 20.5819459092 0 19.1790494622 0
2457581.5 20.9729826861 0 19.5627987574 0
2457582.5 23.3321865483 0 21.8763919851 0
2457583.5 23.0968282912 0 21.6453828523 0
2457584.5 22.9062007736 0 21.4582880837 0
2457585.5 22.1952398559 0 20.7606224671 0
2457586.5 22.4552858987 0 21.0144220514 0
2457587.5 23.3337429564 0 21.8766273755 0
2457588.5 23.0453508385 0 21.5935506807 0
2457589.5 23.7742699671 0 22.3091800281 0
2457590.5 27.8016894717 0 26.2638513313 0
2457591.5 27.2602441901 0 25.7316953099 0
2457592.5 26.9543572764 0 25.4310707431 0
2457593.5 26.3200598357 0 24.8080431043 0
2457594.5 20.3393623584 0 18.9393942594 0
2457595.5 20.561475637 0 19.157548563 0
2457596.5 20.2373408686 0 18.839304597 0
2457597.5 19.7487591639 0 18.3599136521 0
2457598.5 20.9723749961 0 19.5613958801 0
2457599.5 21.2933583302 0 19.8763114476 0
2457600.5 21.1529755197 0 19.7384306094 0
2457601.5 21.27381679 0 19.8570437938 0
2457602.5 27.391707306 0 25.8618998036 0
2457603.5 28.080564679 0 26.5390501485 0
2457604.5 28.8860280186 0 27.3325303512 0
2457605.5 28.3729501965 0 26.8267431228 0
2457606.5 19.5701838843 0 18.1848193528 0
2457607.5 19.207839925 0 17.8292625458 0
2457608.5 20.0228127285 0 18.6292199695 0
2457609.5 19.5060144005 0 18.1218197583 0
2457610.5 27.6662083881 0 26.1344530101 0
2457611.5 27.409281318 0 25.8818252942 0
2457612.5 26.6929782304 0 25.1781373941 0
2457613.5 26.3090343972 0 24.801105417 0
2457614.5 20.6072124671 0 19.2036099465 0
2457615.5 21.3049896351 0 19.8883498094 0
2457616.5 22.0218022321 0 20.5918173935 0
2457617.5 21.6046415686 0 20.182508664 0
2457618.5 19.6881926319 0 18.2988498203 0
2457619.5 20.3322970869 0 18.9308470317 0
2457620.5 20.6776196805 0 19.2696218702 0
2457621.5 20.677096736 0 19.2690491018 0
2457622.5 27.7957924382 0 26.259323368 0
2457623.5 27.4030632491 0 25.8733311572 0
