0.0 16.928549 0.0165600382268 15.507937 0.0342358468661
1.0 16.15275 0.182366674362 14.745817 0.0807631666911
2.0 17.069556 0.198759377915 15.645666 0.025094096185
3.0 16.726397 0.183489968102 15.308531 0.0607511869893
4.0 17.526637 0.0226714004599 16.092726 0.104692980151
5.0 17.86961 0.150264110985 16.427495 0.0633604286636
6.0 17.43953 0.0213539357665 16.007474 0.0783886567517
7.0 17.947317 0.0615734791174 16.504315 0.075792852043
8.0 17.881034 0.113695336404 16.438552 0.0849898654115
9.0 17.498125 0.0429493078111 16.063643 0.150679182307
10.0 17.543905 0.00455193958567 16.10751 0.125991264846
11.0 18.458654 0.0708709639417 17.006743 0.129766711592
12.0 19.132937 0.166875153915 17.670333 0.120246434798
13.0 18.983802 0.0432812100862 17.524231 0.0813653066878
14.0 15.656297 0.159467754069 14.260909 0.187880885564
15.0 15.969106 0.0769233691369 14.566834 0.100080304907
16.0 16.931844 0.0718383838217 15.513515 0.189401519277
17.0 16.183041 0.188842573639 14.779333 0.140702884584
18.0 16.146684 0.135604937059 14.744406 0.131862559528
19.0 16.645401 0.0828846554715 15.235255 0.14297840629
20.0 17.263986 0.131345176962 15.843391 0.19392903585
21.0 17.054161 0.0148179495207 15.636255 0.100840284616
22.0 17.155398 0.162096925525 15.734343 0.144604318166
23.0 17.736652 0.199118127441 16.305848 0.0430351181514
24.0 17.651342 0.0807970360557 16.222643 0.19098361192
25.0 17.330691 0.0146440938211 15.909798 0.0198583569759
26.0 16.76096 0.125031192165 15.35222 0.100102251719
27.0 16.788852 0.19205142651 15.381474 0.00862524791999
28.0 15.985121 0.118994629586 14.592077 0.191191680928
29.0 15.234919 0.0604885771933 13.856279 0.0249335151052
30.0 15.096662 0.091569421965 13.718993 0.169801128276
31.0 18.478895 0.114487175851 17.044288 0.159386169356
32.0 17.538045 0.0957829186317 16.119143 0.17079005153
33.0 17.599519 0.0744833204702 16.17925 0.0591368581933
34.0 17.340467 0.101422474022 15.926111 0.130860348363
35.0 18.321208 0.0809094517926 16.89029 0.131786762782
36.0 17.605317 0.0194329449021 16.189451 0.0745724155514
37.0 17.378117 0.0643496194511 15.968019 0.0555031255153
38.0 18.187793 0.184570817398 16.763707 0.187309720701
39.0 18.419577 0.161260042669 16.990733 0.142033990931
40.0 19.19063 0.0827933031894 17.747147 0.0748318768952
41.0 19.789199 0.12447868052 18.335562 0.0231072431987
42.0 19.517132 0.102299640985 18.068094 0.00813454778893
43.0 19.816887 0.189263973595 18.36145 0.0425699753097
44.0 18.865126 0.0118458155078 17.426664 0.0328805744328
45.0 19.400378 0.144404405278 17.95972 0.0953098120652
46.0 19.667669 0.193850079461 18.221548 0.0437306228
47.0 20.329845 0.0437311784739 18.869781 0.0241405488402
48.0 19.844411 0.0822232803699 18.391742 0.0752435286516
49.0 21.25136 0.0698542078984 19.785181 0.110443970041
50.0 21.807267 0.146553477145 20.331493 0.0825183438976
51.0 21.220411 0.0237784713371 19.7556 0.11589247692
52.0 20.957853 0.129076473112 19.499458 0.0075822708036
53.0 20.849619 0.121122688064 19.395063 0.101736657414
54.0 20.346862 0.157383147122 18.903267 0.0145371109619
55.0 20.287442 0.0653530212015 18.846445 0.171545774147
56.0 21.005949 0.0104967716667 19.550116 0.133965250583
57.0 21.019881 0.0488974788623 19.562507 0.0359121833831
58.0 21.312895 0.137985355586 19.848263 0.013910453154
59.0 21.481967 0.131890744259 20.01574 0.184427069891
60.0 22.191457 0.076112974884 20.711107 0.164394731803
61.0 22.84736 0.164261886254 21.356234 0.0530290329825
62.0 23.58635 0.0908370945571 22.080532 0.0586681825737
63.0 22.733775 0.0132540216708 21.243291 0.00339367097213
64.0 23.080846 0.043241162237 21.582103 0.174953876141
65.0 23.901485 0.197128164703 22.389418 0.139213582219
66.0 24.223034 0.189114681095 22.697659 0.0494374699635
67.0 24.77645 0.0921922557876 23.239833 0.039109761913
68.0 24.721781 0.0422843642081 23.184281 0.150424940651
69.0 25.334793 0.0234831999807 23.787002 0.0271832254762
70.0 24.776104 0.0368804048845 23.239846 0.17816736778
71.0 24.881013 0.159810612643 23.343164 0.0121239042047
72.0 24.886954 0.0436028174874 23.348281 0.0809760033342
73.0 25.029939 0.0372699942048 23.490685 0.0736177274115
74.0 25.671416 0.16643382215 24.119458 0.165950166329
75.0 25.558788 0.0890593367625 24.010852 0.143427378235
76.0 26.247168 0.0854415364041 24.684979 0.096915735799
77.0 25.7271 0.124890925746 24.175707 0.129311858721
78.0 25.98751 0.063460911768 24.43201 0.10357567186
79.0 26.10375 0.16803105103 24.545969 0.0504339349609
80.0 24.47332 0.121351462079 22.947359 0.0736071796542
81.0 23.715725 0.142543814804 22.204305 0.019722715102
82.0 23.989422 0.106374855664 22.474129 0.0653721502958
83.0 24.737411 0.0191821106222 23.206523 0.0562719455321
84.0 25.36713 0.0986024879074 23.826014 0.186981353667
85.0 26.277075 0.128243835961 24.719511 0.00728571268183
86.0 26.407537 0.000128170367431 24.84966 0.0546871214791
87.0 27.12953 0.0744159732016 25.560337 0.19861952289
88.0 27.913988 0.129869863368 26.330979 0.0602284720537
89.0 27.835688 0.0762186637023 26.253859 0.136054996896
90.0 27.552205 0.16985929121 25.974929 0.155878477097
91.0 27.958443 0.126625045598 26.373229 0.119166035134
92.0 28.590022 0.132551068402 26.993186 0.0221931153043
93.0 29.421367 0.0163438581842 27.813125 0.0826849842568
94.0 29.072314 0.186996088318 27.469925 0.104722886645
95.0 29.449685 0.102739908487 27.841652 0.00776657893251
96.0 28.589619 0.0882523589772 26.993935 0.163218685006
97.0 17.850593 0.0534192109927 16.45571 0.144431206763
98.0 18.547574 0.0830387132652 17.14059 0.0507609418063
99.0 18.194882 0.0420103121227 16.794021 0.0708792273806
100.0 18.878628 0.169868287599 17.465706 0.040471319076
101.0 19.609473 0.187935294442 18.183143 0.16355919041
102.0 18.987528 0.133644601172 17.572314 0.184716662643
103.0 18.195039 0.00374278825871 16.793026 0.152604310657
104.0 23.931373 0.163544421951 22.431213 0.0447606997288
105.0 23.112356 0.0654308987011 21.629212 0.192279050521
106.0 22.313251 0.150103640052 20.846439 0.1752052865
107.0 21.724129 0.118293197789 20.268582 0.061225112494
108.0 21.777462 0.0391439721388 20.321653 0.042580881595
109.0 21.026173 0.0438171678566 19.585129 0.157904106195
110.0 20.997077 0.119095610522 19.557453 0.0285775408195
111.0 21.424656 0.143287358724 19.97754 0.00852021011746
112.0 20.626414 0.177746726885 19.193142 0.199604297469
113.0 20.239235 0.0699071573151 18.814383 0.0373199631568
114.0 19.260803 0.0696116364863 17.852465 0.0111408057804
115.0 19.688894 0.127632428839 18.272827 0.0910755938295
116.0 20.1683 0.171207382499 18.743652 0.0595745012267
117.0 24.192372 0.014182177297 22.693088 0.0799524544471
118.0 24.350906 0.0762381177736 22.850333 0.197184592894
119.0 23.594877 0.191173117196 22.109462 0.155483245652
120.0 23.568209 0.00199297536679 22.084702 0.178794540828
121.0 24.49588 0.104095017725 22.997074 0.199542919619
122.0 23.974726 0.0125585182296 22.484234 0.152645075957
123.0 23.378642 0.15998843793 21.899064 0.173154072106
124.0 23.81272 0.0515008890173 22.325874 0.00953994171165
125.0 24.906133 0.117850490004 23.392839 0.0347968141419
126.0 24.022123 0.00925218946131 22.526031 0.0995371709422
127.0 23.219898 0.0377004077503 21.737113 0.0579566107986
128.0 22.462164 0.158641323683 20.994734 0.0510173312277
129.0 22.487618 0.135322683896 21.014807 0.115552754808
130.0 22.53588 0.0608751784239 21.063188 0.0938342948868
131.0 23.106099 0.192731871815 21.62424 0.0643208673064
132.0 23.220023 0.072776204542 21.735633 0.0524954331858
133.0 23.436319 0.0229919749591 21.946406 0.0407759205804
134.0 23.762488 0.0453069450444 22.266832 0.0414635017727
135.0 23.390204 0.19482266281 21.900346 0.0173159229355
136.0 24.631466 0.144226510603 23.119648 0.0447697672916
137.0 24.456461 0.0826956947524 22.946422 0.163831747895
138.0 24.909429 0.147240122618 23.391408 0.0333995145801
139.0 24.722006 0.140461263922 23.207953 0.199275204475
140.0 24.273083 0.144797255387 22.769228 0.175574526762
141.0 25.259435 0.0474918726124 23.738722 0.145467952728
142.0 25.6481 0.0338712204646 24.120093 0.198747565061
143.0 25.466223 0.0934807354493 23.943263 0.161552546026
144.0 25.58568 0.169525299203 24.060266 0.160994868343
145.0 24.986301 0.194773823168 23.469997 0.17063457512
146.0 25.355314 0.112041359273 23.83349 0.0721161863425
147.0 25.041942 0.0630995995628 23.525397 0.0845418610225
148.0 25.189212 0.0356071933542 23.669049 0.0247966151479
149.0 25.609969 0.158354628896 24.082094 0.111519967422
150.0 25.379336 0.115792113044 23.857485 0.0543423267404
151.0 25.022314 0.0762019810457 23.509003 0.159467319561
152.0 24.591056 0.137070662252 23.084647 0.0453241681244
153.0 21.987328 0.00121551435936 20.533728 0.182574417682
154.0 22.383363 0.142598693681 20.92186 0.0395818389024
155.0 22.135036 0.107398650953 20.678497 0.122116152769
156.0 22.22291 0.190824898353 20.765071 0.0304990623713
157.0 22.23877 0.0606459519338 20.779221 0.106286624962
158.0 22.917565 0.119396611262 21.444646 0.039516074523
159.0 22.192145 0.130956765959 20.734125 0.0656509189072
160.0 22.351031 0.132074359202 20.891742 0.162254234347
161.0 22.888105 0.0533824458798 21.418421 0.0711565632717
162.0 22.504595 0.116657098072 21.042406 0.0561451030636
163.0 21.896363 0.0150614553581 20.444687 0.00715050001174
164.0 22.755805 0.0233398504749 21.290294 0.140599977418
165.0 23.040104 0.0804326939652 21.570241 0.0632058070001
166.0 22.771317 0.0671595550581 21.306991 0.0619259161039
167.0 23.055357 0.0215623978758 21.586696 0.127928339537
168.0 23.415075 0.165980749166 21.941662 0.0229329724798
169.0 23.469376 0.192208790335 21.996595 0.0864531637563
170.0 24.120106 0.0917168494037 22.633924 0.116163445419
171.0 23.458713 0.146597498487 21.982946 0.1336638856
172.0 21.29937 0.170473541462 19.856848 0.10811385641
173.0 20.785954 0.10826744685 19.35173 0.160440989159
174.0 20.466254 0.129784837713 19.03637 0.18976396185
175.0 20.47491 0.154107649054 19.04548 0.154238516987
176.0 20.220167 0.140176929787 18.795561 0.147010898569
177.0 20.336308 0.143871589083 18.91052 0.143281131479
178.0 19.506322 0.191794575277 18.096848 0.0558331897445
179.0 19.397932 0.0275259766287 17.99108 0.0814546491796
180.0 19.353618 0.188030302978 17.946847 0.165753051008
181.0 18.638109 0.166704300569 17.243432 0.161860946065
182.0 19.396404 0.137385691624 17.98819 0.005600895076
183.0 19.719594 0.0310422982517 18.303776 0.194474067451
184.0 19.468602 0.0570490553564 18.057444 0.0556519411153
185.0 19.806841 0.17247652889 18.388784 0.170544218065
186.0 21.797503 0.0711055309708 20.350569 0.00456098335183
187.0 22.368509 0.0110637309481 20.912064 0.0726948188859
188.0 23.276368 0.0729387563019 21.804573 0.0510097847421
189.0 22.634078 0.150257021517 21.174542 0.192505064284
190.0 22.950559 0.183326060272 21.487094 0.0826030958655
191.0 22.165272 0.14026314667 20.716309 0.18107842987
192.0 21.564275 0.0785134952615 20.127314 0.0527957040425
193.0 20.783062 0.045736512132 19.362422 0.120024348226
194.0 20.081482 0.131226174451 18.672793 0.110497256592
195.0 19.481877 0.107299789554 18.082659 0.00249100015194
196.0 19.223874 0.115356243431 17.830664 0.100637791019
197.0 18.92649 0.0461992894406 17.540319 0.190850296697
198.0 18.315936 0.0145399299631 16.940068 0.158320430277
199.0 19.282804 0.197773216507 17.889677 0.103651072242
200.0 19.652066 0.0866512687307 18.250856 0.0256414635579
201.0 19.486739 0.0553858280566 18.089876 0.0240578136607
202.0 18.818603 0.0948444453036 17.434115 0.0195277192601
203.0 23.754851 0.0414078352235 22.283007 0.0506450644101
204.0 22.911112 0.0271450775914 21.455269 0.0258479501727
205.0 23.394121 0.0953355263 21.928445 0.135868415752
206.0 22.502778 0.0312235780067 21.052049 0.0638214046539
207.0 23.417902 0.00679262323229 21.951711 0.0725018830239
208.0 24.181092 0.0827058145957 22.700051 0.136375118959
209.0 23.421156 0.0494992741062 21.955436 0.0293677411067
210.0 26.928205 0.188911135343 25.390105 0.179601254354
211.0 26.033714 0.0363965122084 24.511265 0.0493812366155
212.0 25.883733 0.0566223841627 24.365446 0.120267998154
213.0 24.744598 0.058395050928 23.253873 0.00893290572592
214.0 23.961101 0.163802492953 22.485764 0.0759820733345
215.0 24.587073 0.184231767157 23.09914 0.00225941778492
216.0 24.952774 0.15153322247 23.456839 0.00124866266206
217.0 18.841319 0.113038354504 17.455908 0.163607903821
218.0 17.896629 0.102612276776 16.528506 0.103414811272
219.0 18.105511 0.192129835951 16.734862 0.0194659910831
220.0 18.177426 0.188982552648 16.80437 0.0934637414255
221.0 19.068995 0.0537478189805 17.680289 0.178694112876
222.0 18.069371 0.167154266468 16.697991 0.0686931360605
223.0 18.88795 0.0686125635234 17.500134 0.112730660746
224.0 18.187274 0.15044595165 16.813769 0.0574323225306
225.0 17.852579 0.0854380639971 16.485407 0.197867141193
226.0 18.562548 0.114142107478 17.182765 0.100451838529
227.0 19.030098 0.0675133699291 17.641131 0.152603209836
228.0 18.304003 0.101876826626 16.926618 0.0487816363055
229.0 18.151004 0.170140654176 16.776132 0.0376715479531
230.0 18.724323 0.0233723409321 17.33941 0.124130754228
231.0 17.802389 0.109431684973 16.433123 0.1768956633
232.0 24.090418 0.117227076099 22.597448 0.199053880503
233.0 24.202666 0.122580421802 22.70679 0.164202127858
234.0 23.526774 0.161446912894 22.042967 0.14262769078
235.0 23.736703 0.05072465511 22.249008 0.162859321374
236.0 24.090366 0.0913427307281 22.595748 0.190435050328
237.0 24.194645 0.114745469103 22.696822 0.121578850878
238.0 24.138165 0.104540075534 22.641575 0.0798988783465
239.0 24.503513 0.178013187558 23.000832 0.00904678318237
240.0 24.653783 0.174155411426 23.149289 0.16046228189
241.0 23.912009 0.00876254732843 22.423112 0.0129034477395
242.0 18.143721 0.00391065348864 16.764839 0.0470173588109
243.0 19.082162 0.0481383512573 17.687815 0.000759096860261
244.0 18.212881 0.148646904056 16.835213 0.167464689269
245.0 18.74988 0.0667909408021 17.360669 0.122915232404
246.0 18.918022 0.0112507984191 17.523938 0.0872098487929
247.0 27.177131 0.0335945266301 25.622871 0.0223631985395
248.0 27.057393 0.109787058087 25.504395 0.0893459709488
249.0 27.77331 0.0897060077359 26.207725 0.142435455949
250.0 27.311884 0.166222241643 25.754703 0.150593095863
251.0 27.081096 0.0256791998404 25.527402 0.022862693802
252.0 27.419166 0.185385633782 25.858751 0.0928007701385
253.0 27.507722 0.196063274224 25.943932 0.139100102303
254.0 28.262558 0.0342855537757 26.686335 0.022609359927
255.0 22.78388 0.130936689207 21.312221 0.0270657609799
256.0 22.417843 0.0163020069508 20.95271 0.155533072295
257.0 22.489151 0.0631659834873 21.023754 0.00413200672351
258.0 22.478909 0.0487022867219 21.015691 0.0758708878126
259.0 23.10572 0.0798676247823 21.632274 0.155508142053
260.0 24.019376 0.0252793342184 22.528858 0.129184296611
261.0 23.705759 0.103513912118 22.222897 0.150030875899
262.0 21.531373 0.172396516458 20.082017 0.110219774825
263.0 21.501342 0.0723532472465 20.054447 0.00611049419916
264.0 21.152662 0.0972202741513 19.712683 0.173390735725
265.0 21.421812 0.0800144923525 19.975792 0.0400992365207
266.0 21.722817 0.0842435121356 20.272155 0.199062118602
267.0 21.352012 0.188930554491 19.907211 0.0876217607959
268.0 21.862092 0.099163233781 20.407576 0.106509171218
269.0 22.72008 0.118459167392 21.250736 0.187861255672
270.0 23.568404 0.0276018765024 22.084549 0.0787998694756
271.0 18.705501 0.131146190517 17.313541 0.0564738826489
272.0 19.022 0.0123143588561 17.623981 0.192185072994
273.0 19.170036 0.0494216669395 17.767372 0.0405751638005
274.0 18.187372 0.17972877493 16.801989 0.190289011561
275.0 18.878798 0.0415894163942 17.48035 0.122203207353
276.0 18.398414 0.0253112492608 17.009699 0.0239110497363
277.0 17.934874 0.0435691426518 16.555392 0.16414597722
278.0 17.704101 0.0118764513478 16.329469 0.0582940740024
279.0 17.133859 0.0748285753301 15.771761 0.0926740317675
280.0 18.516753 0.197344255116 17.125881 0.197741300052
281.0 18.740775 0.11515972021 17.34464 0.141015877504
282.0 17.972542 0.0679984228919 16.592595 0.134817823427
283.0 18.332172 0.149937030829 16.945825 0.104106559986
284.0 21.277502 0.165950962059 19.838245 0.0102955116225
285.0 20.580432 0.133217212453 19.152222 0.194445698711
286.0 20.263991 0.0570138030765 18.842313 0.17722763289
287.0 20.974168 0.00391082960137 19.537445 0.0366007033147
288.0 20.913303 0.112561258026 19.479436 0.111589147833
289.0 20.407977 0.0726340984784 18.982245 0.163143802538
290.0 19.879744 0.187480832052 18.464791 0.0935856177414
291.0 19.74123 0.105274238318 18.329354 0.00364523948875
292.0 20.726116 0.101374594595 19.305614 0.0609835704649
293.0 19.967194 0.00246477887725 18.561001 0.0659538244298
294.0 20.173823 0.132300253104 18.763084 0.0760531118962
295.0 19.974526 0.146866649046 18.568754 0.147460578523
296.0 20.466803 0.199996136532 19.053652 0.137637113604
297.0 19.962403 0.188025040347 18.559993 0.00502355315544
298.0 20.671203 0.0787289939976 19.256449 0.16733911204
299.0 21.071939 0.107835083367 19.650959 0.0298134761444
300.0 20.310365 0.149376568601 18.902777 0.197933553723
301.0 19.780485 0.0354873914069 18.383602 0.133041660061
302.0 19.242336 0.0100393079567 17.854414 0.10012955653
303.0 19.533193 0.027683653456 18.137977 0.0882994841829
304.0 19.210148 0.132812315398 17.819321 0.00660686217198
305.0 19.275371 0.12434027751 17.885256 0.18425218454
306.0 18.67026 0.13627038484 17.291207 0.029060850192
307.0 21.349657 0.00957695478774 19.912859 0.0316561696395
308.0 21.815899 0.109187458244 20.372386 0.0210216412139
309.0 22.408113 0.0629704555228 20.952077 0.0264653995369
310.0 21.980101 0.101125065022 20.531754 0.00137891561726
311.0 22.834463 0.0112775434101 21.368897 0.0348045080362
312.0 22.787469 0.0957848354686 21.323343 0.0833572609427
313.0 23.46402 0.0778230585571 21.987135 0.188888027273
314.0 24.161212 0.0613261708477 22.670529 0.0252477775643
315.0 24.539102 0.102800856469 23.040279 0.0595871675013
316.0 24.942984 0.0423986506112 23.43838 0.158062913485
317.0 24.330083 0.000761355784587 22.836774 0.0283797728155
318.0 23.449993 0.0179795709722 21.971684 0.132426253691
319.0 23.073159 0.0330933445398 21.600344 0.0719840425887
320.0 23.118523 0.0412373783769 21.644414 0.122993715529
321.0 17.870697 0.0789798339612 16.497737 0.0924954538834
322.0 17.07588 0.0118856801607 15.718341 0.184450411211
323.0 17.272724 0.159080402371 15.91145 0.171833929538
324.0 17.567442 0.051496966801 16.199186 0.097754410051
325.0 16.769824 0.19463008128 15.415617 0.000829342978407
326.0 17.57181 0.117628649562 16.204487 0.156872696806
327.0 16.84055 0.131273811426 15.485104 0.116506961923
328.0 16.754959 0.0915535066688 15.400233 0.0790871469392
329.0 16.531031 0.177127838166 15.180919 0.103728320224
330.0 16.502365 0.132186641454 15.151286 0.0527584586103
331.0 16.468537 0.125153603662 15.116565 0.0338616468069
332.0 16.272728 0.099088976798 14.923133 0.133272335565
333.0 26.435181 0.000762272233452 24.907045 0.0553154354372
334.0 26.88117 0.0539581922221 25.343268 0.0181343398798
335.0 27.589482 0.0925268084461 26.039101 0.149869286081
336.0 27.810094 0.0675557026616 26.255004 0.0536630289312
337.0 28.121784 0.0552122363579 26.560119 0.1546173051
338.0 27.758869 0.0104875300093 26.20445 0.0343132738547
339.0 27.041133 0.192237270581 25.500792 0.133031486405
340.0 26.034406 0.0938319828069 24.510647 0.111100317505
341.0 26.745515 0.0143200933421 25.210389 0.0881747569658
342.0 25.786841 0.117798534256 24.267826 0.00028848417574
343.0 25.211127 0.161820784987 23.701567 0.0718579793484
344.0 24.404972 0.136077752436 22.910793 0.124204081383
345.0 24.477654 0.191924583876 22.983969 0.186313381129
346.0 23.721016 0.126892694155 22.240079 0.104918363006
347.0 23.21416 0.0629594158822 21.741806 0.0489714935595
348.0 23.336565 0.0738697064164 21.862423 0.181082520281
349.0 21.244028 0.151329699131 19.818519 0.0427723015207
350.0 21.826829 0.0473016453519 20.390133 0.189153731161
351.0 22.198343 0.0471715719744 20.75517 0.0648215470422
352.0 23.005555 0.131424965357 21.546261 0.198484346748
353.0 23.107031 0.17529582376 21.647515 0.101232157627
354.0 22.987358 0.112890323524 21.530167 0.176460152968
355.0 23.783384 0.114047351329 22.312465 0.12349442704
356.0 23.631723 0.0202857916587 22.162531 0.0726736164202
357.0 23.964978 0.185025397016 22.489653 0.0284622878948
358.0 23.77604 0.195577180572 22.303719 0.199980360497
359.0 25.87058 0.100911109349 24.370294 0.0839822739288
360.0 25.225402 0.19410002326 23.737376 0.0518462701836
361.0 26.07404 0.198009497099 24.571646 0.10147751646
362.0 26.301737 0.138186633199 24.794367 0.0224728887433
363.0 25.927929 0.198744636392 24.42803 0.0619337304601
364.0 26.78989 0.193210508499 25.273162 0.0853755621641
365.0 26.114391 0.00183998792644 24.609532 0.153892969416
366.0 25.558377 0.0313365337318 24.062232 0.187904850127
367.0 23.678132 0.0315000819301 22.226144 0.0413674719306
368.0 23.626409 0.0811266743491 22.174636 0.162008594589
369.0 23.560709 0.0926584282685 22.108632 0.0698039393793
370.0 23.683818 0.0113301351305 22.231254 0.19004720469
371.0 25.156155 0.0583090122482 23.668771 0.0383427319376
372.0 25.836652 0.0982909670194 24.337575 0.108206932458
373.0 25.442001 0.112701579159 23.950822 0.130998663493
374.0 24.665611 0.0487737891851 23.188925 0.045244077215
375.0 25.363659 0.00587211731301 23.8733 0.176096946555
376.0 25.596626 0.199589439919 24.102509 0.150185021223
377.0 25.995259 0.156601836607 24.495208 0.074125317504
378.0 21.116772 0.0129589324673 19.703082 0.0985497451487
379.0 21.017135 0.17871725209 19.605866 0.142172067288
380.0 21.298756 0.0595888925495 19.883544 0.0200486260266
381.0 20.642104 0.13246708202 19.239531 0.0858947085705
382.0 21.29865 0.141491954496 19.884073 0.0181068205086
383.0 21.175209 0.197082872245 19.76478 0.0870763652756
384.0 20.668945 0.153853661922 19.267072 0.116619328526
385.0 20.532585 0.0323642048649 19.135249 0.0983771233076
386.0 21.251569 0.128676887055 19.840206 0.0464670440335
387.0 21.22613 0.0980704720258 19.814618 0.0453382790773
388.0 21.004131 0.185616050789 19.597414 0.083833378326
389.0 20.14997 0.143079791689 18.75806 0.189071596922
390.0 20.338236 0.10469358501 18.941754 0.0775778031057
391.0 21.13969 0.105370413267 19.72702 0.0128277934762
392.0 21.824436 0.0830909383645 20.399979 0.0923987257739
393.0 26.315001 0.160778457847 24.816462 0.0595681244695
394.0 27.197585 0.000722309152854 25.685081 0.132879446675
395.0 27.514784 0.183567931568 25.995797 0.143534862459
396.0 27.758109 0.134905484954 26.234716 0.0251106355325
397.0 26.832235 0.142023360346 25.323524 0.178064477375
398.0 26.680429 0.130252603804 25.174126 0.118947305086
399.0 27.035991 0.144776936495 25.522073 0.109421791463
400.0 27.026798 0.082369083136 25.512281 0.150759801246
401.0 27.279127 0.059702703848 25.760606 0.0657749881029
402.0 27.171825 0.193493109887 25.655429 0.106492053896
403.0 27.982184 0.0747507485511 26.453711 0.0895448583745
404.0 28.123392 0.198004393562 26.590873 0.000215325680109
405.0 27.238379 0.012779026146 25.719162 0.164015346877
406.0 27.381028 0.169652170445 25.858119 0.138793710885
407.0 28.024579 0.145986801442 26.490351 0.0764190436142
408.0 27.279425 0.158705060991 25.758909 0.0576682084373
409.0 27.617221 0.0588884929016 26.090048 0.0781830819351
410.0 20.550194 0.173922687977 19.153518 0.129270094377
411.0 20.124272 0.159549158173 18.736758 0.0936535361192
412.0 19.210235 0.0488812428105 17.838771 0.19419107923
413.0 18.37836 0.189397991427 17.024067 0.0827253118204
414.0 17.984813 0.176655315065 16.639206 0.0553660157624
415.0 18.706866 0.0848699003616 17.34697 0.181496432504
416.0 18.92133 0.0788018963736 17.559171 0.0786490784464
417.0 18.935733 0.1739345898 17.575347 0.162604864854
418.0 19.615666 0.00783658126734 18.240817 0.119951164012
419.0 24.912746 0.144107943858 23.438297 0.095179246686
420.0 25.076934 0.123904905103 23.599336 0.0751004797704
421.0 24.895207 0.183996557752 23.419946 0.124852854579
422.0 24.501053 0.142213290907 23.033806 0.120949631374
423.0 29.118471 0.0354179446774 27.577076 0.075813643607
424.0 28.424321 0.0677682520022 26.894359 0.119824429319
425.0 27.839168 0.0929944254893 26.319514 0.0712505028203
426.0 28.187581 0.0995839892886 26.663024 0.0549893093763
427.0 27.648342 0.0396218541868 26.134482 0.0168313298529
428.0 28.246835 0.0961148861891 26.722701 0.0216307974126
429.0 27.993058 0.163774455669 26.473288 0.145741818348
430.0 28.230065 0.179278748792 26.707856 0.0759220076167
431.0 28.738922 0.123858269369 27.20255 0.179902544684
432.0 29.635704 0.132974629735 28.088317 0.103924796261
433.0 29.474468 0.0973449368638 27.926928 0.125142101361
434.0 28.843218 0.0900032150292 27.303023 0.00991096384006
435.0 29.377479 0.0715437290249 27.828916 0.0581712516448
436.0 30.121714 0.0529535458446 28.569198 0.0859880085416
437.0 30.400408 0.00802992514779 28.846733 0.0445082048703
438.0 29.513282 0.0521833226235 27.962588 0.181057743207
439.0 29.218425 0.0813174751467 27.669946 0.162558545483
440.0 28.287481 0.0398022923111 26.75131 0.136686453554
441.0 28.545504 0.144976226194 27.004588 0.150854807373
442.0 28.736687 0.09792472318 27.191248 0.146157324622
443.0 28.023029 0.0149764369143 26.487603 0.0265633379192
444.0 27.585277 0.0674907502858 26.055641 0.0576445981958
445.0 27.737205 0.115693587048 26.205728 0.0376829983086
446.0 27.565851 0.168444215884 26.0365 0.195782994626
447.0 27.007659 0.165450987626 25.489928 0.0663528551895
448.0 24.58119 0.0907457565348 23.11811 0.0763200377212
449.0 23.656624 0.185318605073 22.209273 0.178920418826
450.0 22.954237 0.071480621695 21.518177 0.0896003125609
451.0 22.201292 0.147756046057 20.780026 0.0399568434773
452.0 21.631276 0.0186984323414 20.222425 0.101197066655
453.0 21.677348 0.124511624455 20.266805 0.177537784396
454.0 21.063878 0.0913965206952 19.666738 0.167909780048
455.0 20.222363 0.159104945651 18.83919 0.11856818573
456.0 20.407199 0.0940571456052 19.019438 0.087260000041
457.0 20.809227 0.178555189875 19.41286 0.184867131282
458.0 20.659429 0.11189698506 19.26646 0.0547072506229
459.0 20.552309 0.0438847239075 19.159519 0.14711695326
460.0 19.910274 0.102357969027 18.52803 0.128002513765
461.0 20.339165 0.183414966937 18.948832 0.172268325283
462.0 19.423419 0.15868353506 18.048718 0.0905621465443
463.0 19.213735 0.167240993084 17.841615 0.14047667754
464.0 27.343505 0.0101506890487 25.830593 0.199932898184
465.0 28.090379 0.108171079851 26.564252 0.0686160393436
466.0 28.919324 0.100408488017 27.381204 0.0666017566092
467.0 29.178509 0.165793709189 27.637883 0.189573742115
468.0 28.931331 0.0101377109826 27.394099 0.18992933704
469.0 28.973133 0.0199792515635 27.436552 0.114941791219
470.0 28.334702 0.143281179322 26.808986 0.155130467194
471.0 29.022544 0.173498438773 27.487247 0.0168930205808
472.0 29.869645 0.0719328012776 28.324796 0.0906691461015
473.0 29.047729 0.0683963818486 27.510982 0.166050476052
474.0 29.755676 0.135874698602 28.212101 0.0482391092733
475.0 30.242806 0.192982174502 28.69787 0.114759702027
476.0 30.484717 0.121449001032 28.940761 0.136999998141
477.0 30.960864 0.0923581298854 29.420115 0.07049245352
478.0 30.478018 0.00358638062815 28.933129 0.15465373091
479.0 30.113713 0.0411228803119 28.569188 0.107109341747
480.0 30.424301 0.0654769812424 28.878519 0.023667450443
481.0 26.549322 0.0224562532549 25.052642 0.12904699229
482.0 25.948603 0.143675185251 24.461286 0.183372282794
483.0 26.678094 0.177102162482 25.17826 0.0155824671281
484.0 20.035025 0.0702079671522 18.665421 0.112958120208
485.0 20.630131 0.128473278024 19.248838 0.0670053042603
486.0 20.623627 0.17943596292 19.24405 0.0461845514055
487.0 20.599371 0.164674537716 19.221 0.172429244757
488.0 21.48281 0.113501296048 20.088542 0.00409330045356
489.0 22.0683 0.0549715335561 20.664204 0.189532103282
490.0 22.256634 0.0431315800794 20.849095 0.146595415174
491.0 22.478525 0.005210560037 21.068245 0.0731996201282
492.0 23.173966 0.106447173261 21.751467 0.0516740962384
493.0 22.675004 0.164055014161 21.260364 0.176276658414
494.0 22.484826 0.0419770519474 21.071923 0.0391092471136
495.0 22.313594 0.121696766343 20.901958 0.0831154910886
496.0 21.973617 0.035514714596 20.567625 0.124220446243
497.0 29.347855 0.063498109081 27.819734 0.113598404459
498.0 29.698778 0.0784480185503 28.168815 0.19835423582
499.0 28.935098 0.00426658722909 27.412224 0.00232945382731
500.0 29.012117 0.199586863058 27.487705 0.0112312230756
