2457258.5 17.2414948266 0.0 15.850881819 0.0 
2457263.5 16.8054957947 0.0 15.4226256341 0.0 
2457268.5 19.3001639548 0.0 17.873453785 0.0 
2457273.5 18.3704508207 0.0 16.9613277799 0.0 
2457278.5 24.7328423146 0.0 23.2076833574 0.0 
2457283.5 27.4510929423 0.0 25.8775203391 0.0 
2457288.5 19.2998517008 0.0 17.8766314639 0.0 
2457293.5 18.5777467164 0.0 17.1678433224 0.0 
2457298.5 18.7494503352 0.0 17.3337453894 0.0 
2457303.5 26.2683664796 0.0 24.7126856242 0.0 
2457308.5 19.4721699347 0.0 18.039202599 0.0 
2457313.5 23.8682704213 0.0 22.3558261837 0.0 
2457318.5 21.7322947893 0.0 20.2576701527 0.0 
2457323.5 24.1329673907 0.0 22.6149899593 0.0 
2457328.5 21.9388615892 0.0 20.4628632071 0.0 
2457333.5 18.2743764177 0.0 16.8667949539 0.0 
2457338.5 25.2381623271 0.0 23.699946954 0.0 
2457343.5 20.5488545877 0.0 19.094590972 0.0 
2457348.5 15.7428948513 0.0 14.3808050176 0.0 
2457353.5 27.3432546086 0.0 25.7669308426 0.0 
2457358.5 24.331618872 0.0 22.8073744265 0.0 
2457363.5 22.4347009764 0.0 20.9468868382 0.0 
2457368.5 24.1218604818 0.0 22.6004447845 0.0 
2457373.5 25.3629729862 0.0 23.8202949778 0.0 
2457378.5 18.1210673068 0.0 16.7102372713 0.0 
2457383.5 16.5904353041 0.0 15.210510772 0.0 
2457388.5 24.2157710759 0.0 22.6932884476 0.0 
2457393.5 23.7406400408 0.0 22.2269372601 0.0 
2457398.5 22.0830221607 0.0 20.6007950788 0.0 
2457403.5 24.9229594797 0.0 23.3871244758 0.0 
2457408.5 18.0634539727 0.0 16.6552212732 0.0 
2457413.5 21.5587273239 0.0 20.0838775908 0.0 
2457418.5 20.003999065 0.0 18.560329771 0.0 
2457423.5 21.6769722431 0.0 20.204222459 0.0 
2457428.5 21.8196437768 0.0 20.3445853525 0.0 
2457433.5 27.2578543949 0.0 25.683209274 0.0 
2457438.5 23.3384542847 0.0 21.8359928609 0.0 
2457443.5 20.1824870849 0.0 18.7384834131 0.0 
2457448.5 21.7513096588 0.0 20.2782608069 0.0 
2457453.5 21.7343176394 0.0 20.2647945533 0.0 
2457458.5 24.8127615097 0.0 23.2883553134 0.0 
2457463.5 18.1628208845 0.0 16.7614990329 0.0 
2457468.5 19.0880397004 0.0 17.6697557405 0.0 
2457473.5 17.7123545613 0.0 16.3199583961 0.0 
2457478.5 18.5758013823 0.0 17.1672278207 0.0 
2457483.5 21.8893232831 0.0 20.4190942161 0.0 
2457488.5 23.9788878758 0.0 22.4692517646 0.0 
2457493.5 23.9558180816 0.0 22.4466493953 0.0 
2457498.5 25.2466655218 0.0 23.7128274043 0.0 
2457503.5 17.5255497871 0.0 16.1323584915 0.0 
2457508.5 15.7877026644 0.0 14.4287584969 0.0 
2457513.5 16.4097095186 0.0 15.0364297728 0.0 
2457518.5 16.3391741338 0.0 14.9668354344 0.0 
2457523.5 25.8835194841 0.0 24.3325490952 0.0 
2457528.5 17.2014618616 0.0 15.814160926 0.0 
2457533.5 24.1489006199 0.0 22.6338048584 0.0 
2457538.5 15.6443062725 0.0 14.2858952264 0.0 
2457543.5 21.5532977054 0.0 20.0859418128 0.0 
2457548.5 21.0629201318 0.0 19.6034854755 0.0 
2457553.5 20.4420335986 0.0 18.995662264 0.0 
2457558.5 23.5126616115 0.0 22.0120012134 0.0 
2457563.5 18.8188183099 0.0 17.4044961013 0.0 
2457568.5 23.3513088593 0.0 21.8561857372 0.0 
2457573.5 25.4696999709 0.0 23.9365072597 0.0 
2457578.5 19.409829495 0.0 17.9913635273 0.0 
2457583.5 20.8115998421 0.0 19.3652145551 0.0 
2457588.5 19.6085869941 0.0 18.1820623929 0.0 
2457593.5 17.8647300434 0.0 16.4708148162 0.0 
2457598.5 23.0686377862 0.0 21.579832072 0.0 
2457603.5 19.3293005999 0.0 17.9090422126 0.0 
2457608.5 18.2699674215 0.0 16.8672610354 0.0 
2457613.5 23.3363725885 0.0 21.8399008882 0.0 
2457618.5 17.0180045048 0.0 15.63778159 0.0 
2457623.5 22.9706636176 0.0 21.4790171778 0.0 
2457628.5 21.4713329142 0.0 20.0056505176 0.0 
2457633.5 18.868510497 0.0 17.4535753553 0.0 
2457638.5 20.6935856759 0.0 19.2453982057 0.0 
2457643.5 16.9573830057 0.0 15.5809437489 0.0 
2457648.5 18.5805461341 0.0 17.1753235104 0.0 
2457653.5 25.599194897 0.0 24.0648860583 0.0 
2457658.5 24.7546700988 0.0 23.2340518523 0.0 
2457663.5 24.6839295044 0.0 23.1641093228 0.0 
2457668.5 20.2393378852 0.0 18.802265086 0.0 
2457673.5 18.3358918254 0.0 16.9370215355 0.0 
2457678.5 17.2978135392 0.0 15.9195198025 0.0 
2457683.5 17.0190469811 0.0 15.6451471917 0.0 
2457688.5 26.6953067292 0.0 25.1430028987 0.0 
2457693.5 16.5966339161 0.0 15.2320330204 0.0 
2457698.5 25.881002042 0.0 24.3479356582 0.0 
2457703.5 17.7260290345 0.0 16.3448552074 0.0 
2457708.5 21.5833898394 0.0 20.1303679631 0.0 
2457713.5 23.7594189513 0.0 22.268516789 0.0 
2457718.5 20.4998656922 0.0 19.0696272258 0.0 
2457723.5 23.2740310737 0.0 21.7901393068 0.0 
2457728.5 25.234013016 0.0 23.7114573381 0.0 
2457733.5 17.6638472997 0.0 16.2820341772 0.0 
2457738.5 26.2156139804 0.0 24.6777286122 0.0 
2457743.5 16.3306546188 0.0 14.9785038284 0.0 
2457748.5 21.8202223959 0.0 20.3640804738 0.0 
2457753.5 20.3641245053 0.0 18.9371568999 0.0 
2457758.5 22.620173983 0.0 21.1547110677 0.0 
2457763.5 19.4752558289 0.0 18.0713653371 0.0 
2457768.5 22.6980296405 0.0 21.2336778912 0.0 
2457773.5 26.475981588 0.0 24.9414089255 0.0 
2457778.5 17.4604201485 0.0 16.0917355259 0.0 
2457783.5 18.4336645869 0.0 17.0491554816 0.0 
2457788.5 18.0541362966 0.0 16.6751991358 0.0 
2457793.5 25.0493689577 0.0 23.5426634956 0.0 
2457798.5 18.6186333259 0.0 17.2324400062 0.0 
2457803.5 20.2925133381 0.0 18.8775454978 0.0 
2457808.5 22.2317808483 0.0 20.7803240579 0.0 
2457813.5 20.1116783207 0.0 18.698352377 0.0 
2457818.5 21.9629718131 0.0 20.5144208835 0.0 
2457823.5 19.8507488445 0.0 18.4409597143 0.0 
2457828.5 20.9337505381 0.0 19.5052300739 0.0 
2457833.5 21.4893914313 0.0 20.0518842197 0.0 
2457838.5 22.3322223851 0.0 20.8790963128 0.0 
2457843.5 24.6399398393 0.0 23.1435101919 0.0 
2457848.5 22.4582312594 0.0 21.0013996259 0.0 
2457853.5 22.5401207922 0.0 21.0817404943 0.0 
2457858.5 24.5446512673 0.0 23.0508646779 0.0 
2457863.5 24.7972080618 0.0 23.299975257 0.0 
2457868.5 27.7804927383 0.0 26.2300400421 0.0 
2457873.5 27.1821326766 0.0 25.6399183964 0.0 
2457878.5 28.0357365677 0.0 26.4763951479 0.0 
2457883.5 24.9521479757 0.0 23.4456043972 0.0 
2457888.5 16.7662533035 0.0 15.4104881473 0.0 
2457893.5 15.9132431942 0.0 14.5716171958 0.0 
2457898.5 21.4760179479 0.0 20.028727798 0.0 
2457903.5 26.7607887287 0.0 25.218288375 0.0 
2457908.5 18.9221130751 0.0 17.5217690825 0.0 
2457913.5 18.8283693412 0.0 17.4299726392 0.0 
2457918.5 26.6106338966 0.0 25.0684827597 0.0 
2457923.5 27.1603198198 0.0 25.6063019118 0.0 
2457928.5 23.3721777661 0.0 21.888191103 0.0 
2457933.5 24.1027455267 0.0 22.6057421568 0.0 
2457938.5 19.1205710558 0.0 17.716860244 0.0 
2457943.5 19.3568340014 0.0 17.9510937716 0.0 
2457948.5 14.8807130462 0.0 13.5610150062 0.0 
2457953.5 26.4957914265 0.0 24.959597621 0.0 
2457958.5 23.2173658078 0.0 21.7422345893 0.0 
2457963.5 19.7916600876 0.0 18.381626209 0.0 
2457968.5 24.0732515317 0.0 22.584844875 0.0 
2457973.5 21.8859426132 0.0 20.4380078089 0.0 
2457978.5 24.7360831887 0.0 23.2366912487 0.0 
2457983.5 21.4400517652 0.0 19.9986469304 0.0 
2457988.5 16.2565385274 0.0 14.9088589483 0.0 
2457993.5 18.3989020049 0.0 17.0099307277 0.0 
2457998.5 20.193356947 0.0 18.7707866681 0.0 
2458003.5 15.8414120494 0.0 14.4999788954 0.0 
2458008.5 26.4796410112 0.0 24.941212462 0.0 
2458013.5 16.630818422 0.0 15.273318132 0.0 
2458018.5 17.8550454403 0.0 16.475300699 0.0 
2458023.5 25.4035695326 0.0 23.8824896506 0.0 
2458028.5 21.6864325268 0.0 20.2313850651 0.0 
2458033.5 21.0168072675 0.0 19.5714884129 0.0 
2458038.5 26.9680812007 0.0 25.4161261883 0.0 
2458043.5 26.6580909159 0.0 25.1120089341 0.0 
2458048.5 23.1781467294 0.0 21.6949699381 0.0 
2458053.5 19.1379910555 0.0 17.729431311 0.0 
2458058.5 26.3562792977 0.0 24.81376436 0.0 
2458063.5 25.9711457635 0.0 24.4352336431 0.0 
2458068.5 21.0676175106 0.0 19.6246691842 0.0 
2458073.5 16.6410856535 0.0 15.2827832215 0.0 
2458078.5 19.0903883267 0.0 17.6858635121 0.0 
2458083.5 18.7746769697 0.0 17.373784767 0.0 
2458088.5 24.8245533348 0.0 23.3103601508 0.0 
2458093.5 25.990685264 0.0 24.453935003 0.0 
2458098.5 22.16977122 0.0 20.7010542903 0.0 
2458103.5 21.7546883983 0.0 20.290577637 0.0 
2458108.5 17.6452346421 0.0 16.2561679616 0.0 
2458113.5 25.7229946754 0.0 24.1853271165 0.0 
2458118.5 20.4991061573 0.0 19.0573074498 0.0 
2458123.5 24.6274020065 0.0 23.1082374704 0.0 
2458128.5 25.6772336781 0.0 24.1388409946 0.0 
2458133.5 16.9424061942 0.0 15.5644766322 0.0 
2458138.5 24.5595315693 0.0 23.0388833023 0.0 
2458143.5 26.2237561077 0.0 24.674236355 0.0 
2458148.5 18.2906344704 0.0 16.8899185994 0.0 
2458153.5 23.9475359892 0.0 22.4417577101 0.0 
2458158.5 14.8741047525 0.0 13.5347982313 0.0 
2458163.5 24.3344389913 0.0 22.8152799714 0.0 
2458168.5 20.8828195545 0.0 19.4305453887 0.0 
2458173.5 23.6929319127 0.0 22.1888527451 0.0 
2458178.5 22.3746714838 0.0 20.8932695172 0.0 
2458183.5 25.2667490567 0.0 23.7322008878 0.0 
2458188.5 17.3805953476 0.0 15.9913644379 0.0 
2458193.5 23.6837392405 0.0 22.1797735891 0.0 
2458198.5 26.1160584812 0.0 24.5669053599 0.0 
2458203.5 20.927028696 0.0 19.4730343042 0.0 
2458208.5 16.1690527763 0.0 14.8051656131 0.0 
2458213.5 21.4550974601 0.0 19.9925071908 0.0 
2458218.5 18.844157019 0.0 17.4301762422 0.0 
2458223.5 24.453407228 0.0 22.9352995769 0.0 
2458228.5 21.3383257598 0.0 19.8803376225 0.0 
2458233.5 19.6691698352 0.0 18.2397932333 0.0 
2458238.5 18.299918776 0.0 16.898269394 0.0 
2458243.5 22.1898314289 0.0 20.7185493514 0.0 
2458248.5 20.0642400423 0.0 18.6300586249 0.0 
2458253.5 22.8114877127 0.0 21.3291937178 0.0 
2458258.5 18.261705226 0.0 16.8617656581 0.0 
2458263.5 23.8410722405 0.0 22.3382449397 0.0 
2458268.5 20.8203614575 0.0 19.3716108634 0.0 
2458273.5 21.1935624404 0.0 19.7409994885 0.0 
2458278.5 22.2324697074 0.0 20.760869916 0.0 
2458283.5 22.1529892628 0.0 20.6831117022 0.0 
2458288.5 16.2236847251 0.0 14.8640074937 0.0 
2458293.5 18.3171430311 0.0 16.919033363 0.0 
2458298.5 22.0893878408 0.0 20.619325008 0.0 
2458303.5 23.4874901173 0.0 21.9892543044 0.0 
2458308.5 16.6305653941 0.0 15.262436446 0.0 
2458313.5 20.2485881784 0.0 18.8123023989 0.0 
2458318.5 19.7283591557 0.0 18.3005967422 0.0 
2458323.5 22.9454973419 0.0 21.4598281849 0.0 
2458328.5 21.7520007027 0.0 20.2902405559 0.0 
2458333.5 18.0440762878 0.0 16.6503025846 0.0 
2458338.5 24.6876672731 0.0 23.1695781173 0.0 
2458343.5 17.9106569203 0.0 16.5203762088 0.0 
2458348.5 19.410055853 0.0 17.9924298197 0.0 
2458353.5 26.7852564734 0.0 25.2332090905 0.0 
2458358.5 20.6739009272 0.0 19.2360584296 0.0 
2458363.5 28.0118276629 0.0 26.4433912304 0.0 
2458368.5 17.459991017 0.0 16.0877743655 0.0 
2458373.5 25.3885094948 0.0 23.870016104 0.0 
2458378.5 19.473062371 0.0 18.0654128914 0.0 
2458383.5 26.9431191063 0.0 25.3965065216 0.0 
2458388.5 25.3028896943 0.0 23.7896527325 0.0 
2458393.5 20.0682358911 0.0 18.6528800712 0.0 
2458398.5 19.6710150851 0.0 18.2656206502 0.0 
2458403.5 19.106773633 0.0 17.7116101785 0.0 
2458408.5 21.7836634781 0.0 20.3403472223 0.0 
2458413.5 24.5807756927 0.0 23.0833580705 0.0 
2458418.5 18.8362822516 0.0 17.4475438927 0.0 
2458423.5 19.1937338636 0.0 17.7971274691 0.0 
2458428.5 20.182617465 0.0 18.7666522272 0.0 
2458433.5 23.0447946076 0.0 21.5731354736 0.0 
2458438.5 20.182089747 0.0 18.7647993588 0.0 
2458443.5 23.9790773826 0.0 22.4932320296 0.0 
2458448.5 19.1395033378 0.0 17.7462001337 0.0 
2458453.5 18.6184301307 0.0 17.2351742239 0.0 
2458458.5 24.3737389671 0.0 22.8860404855 0.0 
2458463.5 18.9840157805 0.0 17.595700796 0.0 
2458468.5 19.321905451 0.0 17.9273246098 0.0 
2458473.5 25.8424456825 0.0 24.3314962711 0.0 
2458478.5 22.1605119988 0.0 20.7202922037 0.0 
2458483.5 24.5376152122 0.0 23.0507590091 0.0 
2458488.5 19.4720590993 0.0 18.0813509563 0.0 
2458493.5 27.0738521072 0.0 25.5434814837 0.0 
2458498.5 21.3910829774 0.0 19.9658302151 0.0 
2458503.5 20.5572548982 0.0 19.1492144908 0.0 
2458508.5 23.9766713652 0.0 22.5073114816 0.0 
2458513.5 17.485592749 0.0 16.1357465233 0.0 
2458518.5 28.3608573288 0.0 26.8135871105 0.0 
2458523.5 24.6849256892 0.0 23.2037507602 0.0 
2458528.5 17.5184531916 0.0 16.1723755615 0.0 
2458533.5 28.428369535 0.0 26.885707661 0.0 
2458538.5 26.1027823738 0.0 24.6017581809 0.0 
2458543.5 28.5059194235 0.0 26.963347942 0.0 
2458548.5 26.2178532685 0.0 24.7120633315 0.0 
2458553.5 25.6883444505 0.0 24.1915273196 0.0 
2458558.5 26.520423776 0.0 25.0087441325 0.0 
2458563.5 21.7957466289 0.0 20.3765070591 0.0 
2458568.5 26.7752893684 0.0 25.2615946263 0.0 
2458573.5 23.8135779924 0.0 22.3545909444 0.0 
2458578.5 26.5049932093 0.0 24.9944919408 0.0 
2458583.5 17.8600379537 0.0 16.5074694151 0.0 
2458588.5 25.4212330689 0.0 23.9262858802 0.0 
2458593.5 26.1202855459 0.0 24.6153820786 0.0 
2458598.5 26.1578286896 0.0 24.6510121784 0.0 
2458603.5 19.6134539914 0.0 18.2251661646 0.0 
2458608.5 27.1292732448 0.0 25.6007767637 0.0 
2458613.5 18.6792364219 0.0 17.3096837864 0.0 
2458618.5 28.7708731158 0.0 27.215414758 0.0 
2458623.5 28.3926265175 0.0 26.8424931397 0.0 
2458628.5 28.7273443461 0.0 27.1725743323 0.0 
2458633.5 19.4773389965 0.0 18.0919368737 0.0 
2458638.5 20.3977964477 0.0 18.9988575147 0.0 
2458643.5 20.7261499033 0.0 19.3221374605 0.0 
2458648.5 18.8897068089 0.0 17.5181416999 0.0 
2458653.5 26.1550271775 0.0 24.6516358832 0.0 
2458658.5 27.2169512949 0.0 25.6923509537 0.0 
2458663.5 18.3194765647 0.0 16.9608955183 0.0 
2458668.5 27.5654857461 0.0 26.0346503977 0.0 
2458673.5 21.9675504952 0.0 20.5404700092 0.0 
2458678.5 25.1156170749 0.0 23.6332751171 0.0 
2458683.5 18.6578636991 0.0 17.2944866859 0.0 
2458688.5 18.8020784813 0.0 17.4358660717 0.0 
2458693.5 20.4320121685 0.0 19.0375738709 0.0 
2458698.5 28.5155676624 0.0 26.9739114005 0.0 
2458703.5 26.7924353449 0.0 25.2808927601 0.0 
2458708.5 22.2323144215 0.0 20.8055855759 0.0 
2458713.5 26.377528894 0.0 24.8757545115 0.0 
2458718.5 19.2806008959 0.0 17.9093665134 0.0 
2458723.5 25.1690502646 0.0 23.6918870534 0.0 
2458728.5 25.8843713716 0.0 24.3919390423 0.0 
2458733.5 20.4302858499 0.0 19.0375340477 0.0 
2458738.5 27.1140656151 0.0 25.5990080704 0.0 
2458743.5 22.3118600097 0.0 20.8840691152 0.0 
2458748.5 28.086607531 0.0 26.5544387201 0.0 
2458753.5 23.0488041896 0.0 21.6075641558 0.0 
2458758.5 22.628760484 0.0 21.1954493666 0.0 
2458763.5 23.3963548818 0.0 21.9481317847 0.0 
2458768.5 23.6245049686 0.0 22.1705476671 0.0 
2458773.5 18.7396805573 0.0 17.3789964945 0.0 
2458778.5 25.888315763 0.0 24.3960883529 0.0 
2458783.5 26.1555680804 0.0 24.6578879633 0.0 
2458788.5 24.5351294674 0.0 23.0695681019 0.0 
2458793.5 26.1854367081 0.0 24.6894276149 0.0 
2458798.5 27.8836766326 0.0 26.3595694307 0.0 
2458803.5 26.3427436635 0.0 24.8489807243 0.0 
2458808.5 29.6575037748 0.0 28.1091662053 0.0 
2458813.5 24.3058497773 0.0 22.8501799529 0.0 
2458818.5 20.4002678782 0.0 19.0185350205 0.0 
2458823.5 20.8451873084 0.0 19.4554146653 0.0 
2458828.5 20.2028078562 0.0 18.8238006713 0.0 
2458833.5 27.2830303437 0.0 25.7755361948 0.0 
2458838.5 26.0140012193 0.0 24.5297151368 0.0 
2458843.5 24.752181909 0.0 23.2926016011 0.0 
2458848.5 25.3372400634 0.0 23.8652035072 0.0 
2458853.5 24.6210605954 0.0 23.1639576154 0.0 
2458858.5 20.3084806949 0.0 18.930085643 0.0 
2458863.5 26.5090111996 0.0 25.0178634095 0.0 
2458868.5 19.7082573732 0.0 18.3404676922 0.0 
2458873.5 30.1772710004 0.0 28.6302898377 0.0 
2458878.5 25.7592267834 0.0 24.2793389192 0.0 
2458883.5 22.9152628885 0.0 21.4890075504 0.0 
2458888.5 26.6651667716 0.0 25.1713624429 0.0 
2458893.5 20.1990725214 0.0 18.8271164395 0.0 
2458898.5 27.5768899388 0.0 26.0676619197 0.0 
2458903.5 28.4772532769 0.0 26.9552049458 0.0 
2458908.5 27.2448655271 0.0 25.7438586028 0.0 
2458913.5 26.8265480804 0.0 25.3322737901 0.0 
2458918.5 31.4821046454 0.0 29.9432467059 0.0 
2458923.5 25.4117077061 0.0 23.9461209726 0.0 
2458928.5 21.7501873776 0.0 20.3558645565 0.0 
2458933.5 28.1622410762 0.0 26.6505701856 0.0 
2458938.5 29.7371207467 0.0 28.2011420974 0.0 
2458943.5 29.2867431666 0.0 27.7537393766 0.0 
2458948.5 21.8972506141 0.0 20.4969122371 0.0 
2458953.5 29.3308447829 0.0 27.7964546127 0.0 
2458958.5 27.648717379 0.0 26.1430773697 0.0 
2458963.5 26.612795516 0.0 25.1254630673 0.0 
2458968.5 22.1998515441 0.0 20.7959552127 0.0 
2458973.5 21.6558363069 0.0 20.2602691612 0.0 
2458978.5 21.932235463 0.0 20.5297893434 0.0 
2458983.5 23.0340798701 0.0 21.611084358 0.0 
2458988.5 28.4429397646 0.0 26.9207826546 0.0 
2458993.5 29.5014115737 0.0 27.9643570315 0.0 
2458998.5 20.3374659734 0.0 18.9636278293 0.0 
2459003.5 23.3449806423 0.0 21.915041371 0.0 
2459008.5 24.3451296096 0.0 22.8973362436 0.0 
2459013.5 20.5498343954 0.0 19.1694301811 0.0 
2459018.5 28.4504558401 0.0 26.9267708835 0.0 
2459023.5 20.9963091454 0.0 19.6084060598 0.0 
2459028.5 19.8161825032 0.0 18.4504917979 0.0 
2459033.5 24.5078365819 0.0 23.0561683394 0.0 
2459038.5 26.82581144 0.0 25.3310830773 0.0 
2459043.5 28.6844927683 0.0 27.1561036279 0.0 
2459048.5 20.3171363665 0.0 18.9413262026 0.0 
2459053.5 27.0839084332 0.0 25.5832231813 0.0 
2459058.5 21.4593534344 0.0 20.0605838077 0.0 
2459063.5 26.1129164236 0.0 24.6307489153 0.0 
2459068.5 25.5399412657 0.0 24.0665902188 0.0 
2459073.5 29.8689394919 0.0 28.3282209785 0.0 
2459078.5 24.4783458181 0.0 23.0278877734 0.0 
2459083.5 20.8866978584 0.0 19.5018685088 0.0 
