2457258.5 14.1585209919 14.1585209919
2457259.5 14.1200958817 14.1200958817
2457260.5 14.233200453 14.233200453
2457261.5 14.2090654473 14.2090654473
2457262.5 14.150562241 14.150562241
2457263.5 14.1370741034 14.1370741034
2457264.5 14.0671119666 14.0671119666
2457265.5 14.024781927 14.024781927
2457266.5 14.1111715039 14.1111715039
2457267.5 14.0642571455 14.0642571455
2457268.5 14.0141856195 14.0141856195
2457269.5 14.0546877951 14.0546877951
2457270.5 13.992770039 13.992770039
2457271.5 13.9345822369 13.9345822369
2457272.5 13.9414863292 13.9414863292
2457273.5 13.9636566716 13.9636566716
2457274.5 14.0096725729 14.0096725729
2457275.5 14.0059350322 14.0059350322
2457276.5 13.9098757901 13.9098757901
2457277.5 13.9634639859 13.9634639859
2457278.5 13.9657554385 13.9657554385
2457279.5 14.0051200124 14.0051200124
2457280.5 13.9786267751 13.9786267751
2457281.5 13.9983399281 13.9983399281
2457282.5 13.9087859427 13.9087859427
2457283.5 13.8776385611 13.8776385611
2457284.5 13.8861677384 13.8861677384
2457285.5 13.8468248389 13.8468248389
2457286.5 13.8724534853 13.8724534853
2457287.5 13.9287304117 13.9287304117
2457288.5 13.9664215652 13.9664215652
2457289.5 13.9938435668 13.9938435668
2457290.5 13.970741183 13.970741183
2457291.5 13.9914612477 13.9914612477
2457292.5 14.0464369848 14.0464369848
2457293.5 14.1042437293 14.1042437293
2457294.5 14.0561265484 14.0561265484
2457295.5 14.0280521899 14.0280521899
2457296.5 13.9957053165 13.9957053165
2457297.5 13.9226792842 13.9226792842
2457298.5 13.8769965484 13.8769965484
2457299.5 13.8379641822 13.8379641822
2457300.5 13.8632978404 13.8632978404
2457301.5 13.9353300893 13.9353300893
2457302.5 13.8972419691 13.8972419691
2457303.5 13.83843191 13.83843191
2457304.5 13.7852171835 13.7852171835
2457305.5 13.8663800066 13.8663800066
2457306.5 13.9192599664 13.9192599664
2457307.5 13.9463365221 13.9463365221
2457308.5 13.9504392892 13.9504392892
2457309.5 13.9778425792 13.9778425792
2457310.5 13.9208489232 13.9208489232
2457311.5 13.8562550645 13.8562550645
2457312.5 13.8639798496 13.8639798496
2457313.5 13.9133195091 13.9133195091
2457314.5 13.8805224516 13.8805224516
2457315.5 13.8736882749 13.8736882749
2457316.5 13.8210366314 13.8210366314
2457317.5 13.787784402 13.787784402
2457318.5 13.644312051 13.644312051
2457319.5 13.6477926467 13.6477926467
2457320.5 13.5879940841 13.5879940841
2457321.5 14.4939515493 14.4939515493
2457322.5 14.5824957704 14.5824957704
2457323.5 14.7268317272 14.7268317272
2457324.5 14.8579960028 14.8579960028
2457325.5 14.9618899002 14.9618899002
2457326.5 15.0758638105 15.0758638105
2457327.5 15.0187846567 15.0187846567
2457328.5 14.9678953431 14.9678953431
2457329.5 15.0404549954 15.0404549954
2457330.5 15.0985519533 15.0985519533
2457331.5 15.1839721603 15.1839721603
2457332.5 15.2121813544 15.2121813544
2457333.5 15.1931706593 15.1931706593
2457334.5 15.1245873933 15.1245873933
2457335.5 14.9534942157 14.9534942157
2457336.5 14.8138421036 14.8138421036
2457337.5 14.918983002 14.918983002
2457338.5 14.8262052987 14.8262052987
2457339.5 14.9369514813 14.9369514813
2457340.5 14.7795649467 14.7795649467
2457341.5 14.6873831152 14.6873831152
2457342.5 14.7038074367 14.7038074367
2457343.5 14.6183169304 14.6183169304
2457344.5 14.5771634756 14.5771634756
2457345.5 14.6709854145 14.6709854145
2457346.5 14.6399273707 14.6399273707
2457347.5 14.5585557853 14.5585557853
2457348.5 14.4006654833 14.4006654833
2457349.5 14.5177329006 14.5177329006
2457350.5 14.6355783414 14.6355783414
2457351.5 14.6599974801 14.6599974801
2457352.5 14.5644985643 14.5644985643
2457353.5 14.4604356856 14.4604356856
2457354.5 14.4293803329 14.4293803329
2457355.5 14.4173656037 14.4173656037
2457356.5 14.4864916878 14.4864916878
2457357.5 14.3886324572 14.3886324572
2457358.5 14.4594017737 14.4594017737
2457359.5 14.5055577833 14.5055577833
2457360.5 14.4708106468 14.4708106468
2457361.5 14.4997864162 14.4997864162
2457362.5 14.4659924655 14.4659924655
2457363.5 14.4965017264 14.4965017264
2457364.5 14.4046318516 14.4046318516
2457365.5 14.5188455156 14.5188455156
2457366.5 14.507210918 14.507210918
2457367.5 14.6270700387 14.6270700387
2457368.5 14.7145930435 14.7145930435
2457369.5 14.5821174002 14.5821174002
2457370.5 14.5552436547 14.5552436547
2457371.5 14.4369497823 14.4369497823
2457372.5 14.4060815942 14.4060815942
2457373.5 14.3244550415 14.3244550415
2457374.5 14.2172589953 14.2172589953
2457375.5 14.3039529084 14.3039529084
2457376.5 14.3457136548 14.3457136548
2457377.5 14.3108366818 14.3108366818
2457378.5 14.1586900684 14.1586900684
2457379.5 14.2917209161 14.2917209161
2457380.5 14.2990669039 14.2990669039
2457381.5 14.2522346019 14.2522346019
2457382.5 14.3616233223 14.3616233223
2457383.5 14.2892825048 14.2892825048
2457384.5 14.3021215759 14.3021215759
2457385.5 14.3962234502 14.3962234502
2457386.5 14.443579466 14.443579466
2457387.5 14.4636128996 14.4636128996
2457388.5 14.389217497 14.389217497
2457389.5 14.4508121311 14.4508121311
2457390.5 14.5773032319 14.5773032319
2457391.5 14.6527085166 14.6527085166
2457392.5 14.6304947192 14.6304947192
2457393.5 14.6858008449 14.6858008449
2457394.5 14.6771228049 14.6771228049
2457395.5 14.6746249021 14.6746249021
2457396.5 14.5362338551 14.5362338551
2457397.5 14.4347239099 14.4347239099
2457398.5 14.2912782402 14.2912782402
2457399.5 14.3906672303 14.3906672303
2457400.5 14.4297212424 14.4297212424
2457401.5 14.4323886515 14.4323886515
2457402.5 14.5590605663 14.5590605663
2457403.5 14.4874061362 14.4874061362
2457404.5 14.3736444452 14.3736444452
2457405.5 14.3538809337 14.3538809337
2457406.5 14.289502003 14.289502003
2457407.5 14.4388920241 14.4388920241
2457408.5 14.583113122 14.583113122
2457409.5 14.4807141845 14.4807141845
2457410.5 14.4819794737 14.4819794737
2457411.5 14.3553483689 14.3553483689
2457412.5 14.3607962141 14.3607962141
2457413.5 14.2936180416 14.2936180416
2457414.5 14.3083986488 14.3083986488
2457415.5 14.390618916 14.390618916
2457416.5 14.3846328333 14.3846328333
2457417.5 14.3141959929 14.3141959929
2457418.5 14.2700419446 14.2700419446
2457419.5 14.2118815286 14.2118815286
2457420.5 14.1463973655 14.1463973655
2457421.5 14.1063397343 14.1063397343
2457422.5 14.0759636999 14.0759636999
2457423.5 14.0818865595 14.0818865595
2457424.5 14.1800842066 14.1800842066
2457425.5 14.2174005065 14.2174005065
2457426.5 14.2399074017 14.2399074017
2457427.5 14.1755389943 14.1755389943
2457428.5 14.0974516039 14.0974516039
2457429.5 14.1831063637 14.1831063637
2457430.5 14.0837040047 14.0837040047
2457431.5 14.0523433903 14.0523433903
2457432.5 14.0873799026 14.0873799026
2457433.5 14.1492913608 14.1492913608
2457434.5 14.1742070937 14.1742070937
2457435.5 14.1929059485 14.1929059485
2457436.5 14.2755963081 14.2755963081
2457437.5 14.2158280225 14.2158280225
2457438.5 14.1946694492 14.1946694492
2457439.5 14.2938537158 14.2938537158
2457440.5 14.3754277226 14.3754277226
2457441.5 14.4052544575 14.4052544575
2457442.5 14.3426863267 14.3426863267
2457443.5 14.4021643986 14.4021643986
2457444.5 14.3641005762 14.3641005762
2457445.5 14.3854758421 14.3854758421
2457446.5 14.3542211014 14.3542211014
2457447.5 15.0638709164 15.0638709164
2457448.5 15.0973080074 15.0973080074
2457449.5 15.0898305934 15.0898305934
2457450.5 15.1536213862 15.1536213862
2457451.5 15.2940403312 15.2940403312
2457452.5 15.3053205918 15.3053205918
2457453.5 15.3787040542 15.3787040542
2457454.5 15.2454045587 15.2454045587
2457455.5 15.0941115897 15.0941115897
2457456.5 15.1287901898 15.1287901898
2457457.5 15.1785244575 15.1785244575
2457458.5 15.1957884923 15.1957884923
2457459.5 15.1234287107 15.1234287107
2457460.5 15.1814612895 15.1814612895
2457461.5 15.1822868567 15.1822868567
2457462.5 15.0535498561 15.0535498561
2457463.5 14.9730727656 14.9730727656
2457464.5 15.0479390266 15.0479390266
2457465.5 15.0074319448 15.0074319448
2457466.5 14.9810657899 14.9810657899
2457467.5 15.0831173235 15.0831173235
2457468.5 15.0447367252 15.0447367252
2457469.5 15.0472294728 15.0472294728
2457470.5 14.9864620218 14.9864620218
2457471.5 14.9402686984 14.9402686984
2457472.5 14.9047924468 14.9047924468
2457473.5 15.0544782684 15.0544782684
2457474.5 14.9477197766 14.9477197766
2457475.5 15.0769006607 15.0769006607
2457476.5 14.979153338 14.979153338
2457477.5 14.9768477412 14.9768477412
2457478.5 14.9640725299 14.9640725299
2457479.5 15.0287257912 15.0287257912
2457480.5 15.0450438326 15.0450438326
2457481.5 14.8863522134 14.8863522134
2457482.5 14.9181590422 14.9181590422
2457483.5 14.8331558562 14.8331558562
2457484.5 14.9055247072 14.9055247072
2457485.5 15.0213185534 15.0213185534
2457486.5 14.9982772184 14.9982772184
2457487.5 15.0122395066 15.0122395066
2457488.5 15.0023296646 15.0023296646
2457489.5 15.1092689808 15.1092689808
2457490.5 14.9931737657 14.9931737657
2457491.5 14.9898245391 14.9898245391
2457492.5 15.0059887956 15.0059887956
2457493.5 15.1213515352 15.1213515352
2457494.5 15.191093305 15.191093305
2457495.5 15.0320280748 15.0320280748
2457496.5 14.9176043799 14.9176043799
2457497.5 15.0867340495 15.0867340495
2457498.5 14.9229655479 14.9229655479
2457499.5 14.7985401973 14.7985401973
2457500.5 14.7002617258 14.7002617258
2457501.5 14.6096467083 14.6096467083
2457502.5 14.4782618807 14.4782618807
2457503.5 14.5824639882 14.5824639882
2457504.5 14.5500683275 14.5500683275
2457505.5 14.4096252459 14.4096252459
2457506.5 14.4154836382 14.4154836382
2457507.5 14.4517638421 14.4517638421
2457508.5 14.4189710539 14.4189710539
2457509.5 14.446229677 14.446229677
2457510.5 15.26023094 15.26023094
2457511.5 15.3408198524 15.3408198524
2457512.5 15.293108802 15.293108802
2457513.5 15.3204636695 15.3204636695
2457514.5 15.347327095 15.347327095
2457515.5 15.3246108348 15.3246108348
2457516.5 15.3142441938 15.3142441938
2457517.5 15.1737108985 15.1737108985
2457518.5 15.2506603053 15.2506603053
2457519.5 15.3658610726 15.3658610726
2457520.5 15.3471076442 15.3471076442
2457521.5 15.4718809496 15.4718809496
2457522.5 15.6263582097 15.6263582097
2457523.5 15.6904193674 15.6904193674
2457524.5 15.8706338258 15.8706338258
2457525.5 15.9696009672 15.9696009672
2457526.5 16.0839401533 16.0839401533
2457527.5 16.1966234987 16.1966234987
2457528.5 16.255001488 16.255001488
2457529.5 16.1647134831 16.1647134831
2457530.5 16.024633201 16.024633201
2457531.5 16.0886958253 16.0886958253
2457532.5 16.2635137203 16.2635137203
2457533.5 16.3190162293 16.3190162293
2457534.5 16.4011724933 16.4011724933
2457535.5 16.5292668728 16.5292668728
2457536.5 16.4492724998 16.4492724998
2457537.5 16.3751525368 16.3751525368
2457538.5 16.261157541 16.261157541
2457539.5 16.1258941671 16.1258941671
2457540.5 15.9377832613 15.9377832613
2457541.5 16.0592312979 16.0592312979
2457542.5 15.8982966367 15.8982966367
2457543.5 15.9353499588 15.9353499588
2457544.5 15.8011652167 15.8011652167
2457545.5 15.7176845456 15.7176845456
2457546.5 15.6192408856 15.6192408856
2457547.5 15.7506172186 15.7506172186
2457548.5 15.584276171 15.584276171
2457549.5 15.6517538234 15.6517538234
2457550.5 15.7947217334 15.7947217334
2457551.5 15.9085548606 15.9085548606
2457552.5 16.050738459 16.050738459
2457553.5 16.1805251778 16.1805251778
2457554.5 16.0331394253 16.0331394253
2457555.5 16.0550653704 16.0550653704
2457556.5 15.981919125 15.981919125
2457557.5 15.8189007321 15.8189007321
2457558.5 15.8292989857 15.8292989857
2457559.5 15.9893560057 15.9893560057
2457560.5 16.1035753448 16.1035753448
2457561.5 16.2106408293 16.2106408293
2457562.5 16.0506898788 16.0506898788
2457563.5 16.0974222415 16.0974222415
2457564.5 16.195238458 16.195238458
2457565.5 16.2457979908 16.2457979908
2457566.5 16.2259669322 16.2259669322
2457567.5 16.4285462535 16.4285462535
2457568.5 16.3285132759 16.3285132759
2457569.5 16.1759923439 16.1759923439
2457570.5 15.9712907756 15.9712907756
2457571.5 16.0579708072 16.0579708072
2457572.5 16.2441418561 16.2441418561
2457573.5 14.3911195074 14.3911195074
2457574.5 14.3790711125 14.3790711125
2457575.5 14.4328592941 14.4328592941
2457576.5 14.3905278679 14.3905278679
2457577.5 14.5175121853 14.5175121853
2457578.5 14.4437199536 14.4437199536
2457579.5 14.2965653801 14.2965653801
2457580.5 14.2525547274 14.2525547274
2457581.5 14.1855209308 14.1855209308
2457582.5 14.2676378586 14.2676378586
2457583.5 14.1918078566 14.1918078566
2457584.5 14.2361965025 14.2361965025
2457585.5 14.1700902231 14.1700902231
2457586.5 14.1723554069 14.1723554069
2457587.5 14.1554816099 14.1554816099
2457588.5 14.3281117405 14.3281117405
2457589.5 14.2191899967 14.2191899967
2457590.5 14.1289014623 14.1289014623
2457591.5 14.194891834 14.194891834
2457592.5 14.1817477792 14.1817477792
2457593.5 14.3052587252 14.3052587252
2457594.5 14.3112966182 14.3112966182
2457595.5 14.3480541737 14.3480541737
2457596.5 14.2587604343 14.2587604343
2457597.5 14.2985774051 14.2985774051
2457598.5 14.3533170172 14.3533170172
2457599.5 14.4991140345 14.4991140345
2457600.5 14.530485653 14.530485653
2457601.5 14.545469606 14.545469606
2457602.5 14.6327962424 14.6327962424
2457603.5 14.8547229529 14.8547229529
2457604.5 14.7268266618 14.7268266618
2457605.5 14.8506428653 14.8506428653
2457606.5 14.827107683 14.827107683
2457607.5 14.6693371645 14.6693371645
2457608.5 14.7778744353 14.7778744353
2457609.5 14.7408746202 14.7408746202
2457610.5 14.6335273159 14.6335273159
2457611.5 14.5689393166 14.5689393166
2457612.5 14.5704184961 14.5704184961
2457613.5 14.6066059308 14.6066059308
2457614.5 14.5178735692 14.5178735692
2457615.5 14.4030681253 14.4030681253
2457616.5 14.5369558539 14.5369558539
2457617.5 14.6296884846 14.6296884846
2457618.5 14.6772090977 14.6772090977
2457619.5 14.753491045 14.753491045
2457620.5 14.7144319468 14.7144319468
2457621.5 14.7983030333 14.7983030333
2457622.5 14.7246642398 14.7246642398
2457623.5 14.8486359455 14.8486359455
2457624.5 15.0184607011 15.0184607011
2457625.5 14.9749724056 14.9749724056
2457626.5 15.0955329024 15.0955329024
2457627.5 14.9814499657 14.9814499657
2457628.5 15.1241329011 15.1241329011
2457629.5 15.2291216697 15.2291216697
2457630.5 15.1654164468 15.1654164468
2457631.5 15.0546782959 15.0546782959
2457632.5 15.0730695645 15.0730695645
2457633.5 15.1207524064 15.1207524064
2457634.5 14.9817168344 14.9817168344
2457635.5 15.0679125607 15.0679125607
2457636.5 14.383202203 14.383202203
2457637.5 14.326751299 14.326751299
2457638.5 14.3448599735 14.3448599735
2457639.5 14.3529005536 14.3529005536
2457640.5 14.4445268083 14.4445268083
2457641.5 14.4657760464 14.4657760464
2457642.5 14.3864392015 14.3864392015
2457643.5 14.2991705238 14.2991705238
2457644.5 14.3815369466 14.3815369466
2457645.5 14.4229858433 14.4229858433
2457646.5 14.3959184158 14.3959184158
2457647.5 14.415200389 14.415200389
2457648.5 14.2614682361 14.2614682361
2457649.5 14.2091996056 14.2091996056
2457650.5 14.2750827483 14.2750827483
2457651.5 14.2201594339 14.2201594339
2457652.5 14.2526747306 14.2526747306
2457653.5 14.1585795154 14.1585795154
2457654.5 14.2125642172 14.2125642172
2457655.5 14.1676915327 14.1676915327
2457656.5 14.2263722738 14.2263722738
2457657.5 14.1982522796 14.1982522796
2457658.5 14.1635957296 14.1635957296
2457659.5 14.1498439935 14.1498439935
2457660.5 14.1150835057 14.1150835057
2457661.5 14.0133302534 14.0133302534
2457662.5 14.0346237539 14.0346237539
2457663.5 14.0413085203 14.0413085203
2457664.5 14.0013496118 14.0013496118
2457665.5 14.0087449329 14.0087449329
2457666.5 13.9583970677 13.9583970677
2457667.5 14.011137573 14.011137573
2457668.5 13.9235547328 13.9235547328
2457669.5 13.8725707126 13.8725707126
2457670.5 13.8999316874 13.8999316874
2457671.5 13.8144597042 13.8144597042
2457672.5 13.8755109137 13.8755109137
2457673.5 13.8965336414 13.8965336414
2457674.5 13.8374903292 13.8374903292
2457675.5 13.8055767066 13.8055767066
2457676.5 13.7612588365 13.7612588365
2457677.5 13.8222010673 13.8222010673
2457678.5 13.8330040137 13.8330040137
2457679.5 13.8261610459 13.8261610459
2457680.5 13.7781171198 13.7781171198
2457681.5 13.7769989925 13.7769989925
2457682.5 13.7065994691 13.7065994691
2457683.5 13.69568481 13.69568481
2457684.5 13.7057899005 13.7057899005
2457685.5 13.7144121648 13.7144121648
2457686.5 13.7084837637 13.7084837637
2457687.5 13.7147916818 13.7147916818
2457688.5 13.7337201691 13.7337201691
2457689.5 13.7085518404 13.7085518404
2457690.5 13.6893460167 13.6893460167
2457691.5 13.6923238901 13.6923238901
2457692.5 13.6656333864 13.6656333864
2457693.5 13.8061091387 13.8061091387
2457694.5 13.8064978741 13.8064978741
2457695.5 13.8487871447 13.8487871447
2457696.5 13.8566909665 13.8566909665
2457697.5 13.8710961074 13.8710961074
2457698.5 13.9191873403 13.9191873403
2457699.5 14.2366011518 14.2366011518
2457700.5 14.1539250079 14.1539250079
2457701.5 14.1655473017 14.1655473017
2457702.5 14.08451014 14.08451014
2457703.5 14.0864110828 14.0864110828
2457704.5 14.0823802714 14.0823802714
2457705.5 14.023302829 14.023302829
2457706.5 14.0025274038 14.0025274038
2457707.5 13.9761401429 13.9761401429
2457708.5 14.1600180839 14.1600180839
2457709.5 14.1986326487 14.1986326487
2457710.5 14.1855542621 14.1855542621
2457711.5 14.169108897 14.169108897
2457712.5 14.1117788463 14.1117788463
2457713.5 14.0362819289 14.0362819289
2457714.5 14.0878808062 14.0878808062
2457715.5 14.0923137161 14.0923137161
2457716.5 14.0373206383 14.0373206383
2457717.5 14.0473698656 14.0473698656
2457718.5 13.995298539 13.995298539
2457719.5 13.9888372654 13.9888372654
2457720.5 13.9497469887 13.9497469887
2457721.5 13.9304042423 13.9304042423
2457722.5 13.9446913667 13.9446913667
2457723.5 14.0313545776 14.0313545776
2457724.5 14.0511030819 14.0511030819
2457725.5 14.034231575 14.034231575
2457726.5 14.0109978392 14.0109978392
2457727.5 14.022145086 14.022145086
2457728.5 14.0238474789 14.0238474789
2457729.5 14.0430327072 14.0430327072
2457730.5 14.0580978635 14.0580978635
2457731.5 14.0524740316 14.0524740316
2457732.5 14.0446492864 14.0446492864
2457733.5 14.0349754523 14.0349754523
2457734.5 14.0544691696 14.0544691696
2457735.5 14.0359561677 14.0359561677
2457736.5 14.0345255844 14.0345255844
2457737.5 14.0396969039 14.0396969039
2457738.5 13.9041354903 13.9041354903
2457739.5 13.9347649796 13.9347649796
2457740.5 13.9783648898 13.9783648898
2457741.5 13.9672441041 13.9672441041
2457742.5 13.9708425877 13.9708425877
2457743.5 13.993736553 13.993736553
2457744.5 14.0254560775 14.0254560775
2457745.5 14.0712793061 14.0712793061
2457746.5 14.0969415402 14.0969415402
2457747.5 14.117878257 14.117878257
2457748.5 14.1377540162 14.1377540162
2457749.5 14.148691423 14.148691423
2457750.5 14.2012885647 14.2012885647
2457751.5 14.2449198526 14.2449198526
2457752.5 14.1768089434 14.1768089434
2457753.5 14.2838919484 14.2838919484
2457754.5 14.3069915559 14.3069915559
2457755.5 14.2968164664 14.2968164664
2457756.5 14.3037201779 14.3037201779
2457757.5 14.3135657625 14.3135657625
2457758.5 14.3628724125 14.3628724125
2457759.5 14.3844498981 14.3844498981
2457760.5 14.3512345027 14.3512345027
2457761.5 14.3819418071 14.3819418071
2457762.5 15.5431109708 15.5431109708
2457763.5 15.530412615 15.530412615
2457764.5 15.3934678532 15.3934678532
2457765.5 15.3690925331 15.3690925331
2457766.5 15.4163920674 15.4163920674
2457767.5 15.3677501654 15.3677501654
2457768.5 15.4069458549 15.4069458549
2457769.5 15.3631983984 15.3631983984
2457770.5 15.3026335603 15.3026335603
2457771.5 15.4162585621 15.4162585621
2457772.5 15.4351728043 15.4351728043
2457773.5 15.5331932972 15.5331932972
2457774.5 15.6667389483 15.6667389483
2457775.5 15.7243259055 15.7243259055
2457776.5 15.8104904695 15.8104904695
2457777.5 15.953100087 15.953100087
2457778.5 15.8097117673 15.8097117673
2457779.5 15.6367702886 15.6367702886
2457780.5 15.6438026621 15.6438026621
2457781.5 15.7617089487 15.7617089487
2457782.5 15.9262331405 15.9262331405
2457783.5 15.7820003482 15.7820003482
2457784.5 15.6202469401 15.6202469401
2457785.5 15.5202841171 15.5202841171
2457786.5 15.4581915061 15.4581915061
2457787.5 15.4853534677 15.4853534677
2457788.5 15.4591156553 15.4591156553
2457789.5 15.3683562052 15.3683562052
2457790.5 15.4241979384 15.4241979384
2457791.5 15.3879839839 15.3879839839
2457792.5 15.3663852627 15.3663852627
2457793.5 15.4758645704 15.4758645704
2457794.5 15.3554228378 15.3554228378
2457795.5 15.1909229388 15.1909229388
2457796.5 15.1512948464 15.1512948464
2457797.5 15.0263301807 15.0263301807
2457798.5 15.1453803608 15.1453803608
2457799.5 15.0696253303 15.0696253303
2457800.5 15.057519763 15.057519763
2457801.5 15.0667797571 15.0667797571
2457802.5 14.9857063259 14.9857063259
2457803.5 15.0163028395 15.0163028395
2457804.5 15.0461241511 15.0461241511
2457805.5 15.1040635085 15.1040635085
2457806.5 15.0109652049 15.0109652049
2457807.5 15.0803354697 15.0803354697
2457808.5 15.0118352817 15.0118352817
2457809.5 14.9914747 14.9914747
2457810.5 14.9142873604 14.9142873604
2457811.5 15.0171828315 15.0171828315
2457812.5 14.9866722095 14.9866722095
2457813.5 15.0513553388 15.0513553388
2457814.5 14.9296703593 14.9296703593
2457815.5 14.9125940749 14.9125940749
2457816.5 14.971590981 14.971590981
2457817.5 15.1033187127 15.1033187127
2457818.5 15.0412692998 15.0412692998
2457819.5 15.0617285498 15.0617285498
2457820.5 14.9353227505 14.9353227505
2457821.5 14.8951225331 14.8951225331
2457822.5 14.8189515246 14.8189515246
2457823.5 14.7184255037 14.7184255037
2457824.5 14.737955431 14.737955431
2457825.5 15.4923037161 15.4923037161
2457826.5 15.437768107 15.437768107
2457827.5 15.3663012779 15.3663012779
2457828.5 15.2490674288 15.2490674288
2457829.5 15.3628963932 15.3628963932
2457830.5 15.5155098994 15.5155098994
2457831.5 15.4335338747 15.4335338747
2457832.5 15.5907026293 15.5907026293
2457833.5 15.6970290121 15.6970290121
2457834.5 15.8114313351 15.8114313351
2457835.5 15.831214925 15.831214925
2457836.5 15.6886474099 15.6886474099
2457837.5 15.7239415504 15.7239415504
2457838.5 15.8529872606 15.8529872606
2457839.5 15.9554269502 15.9554269502
2457840.5 16.0963419388 16.0963419388
2457841.5 16.0732096096 16.0732096096
2457842.5 16.0834985689 16.0834985689
2457843.5 15.9347768339 15.9347768339
2457844.5 16.0155897957 16.0155897957
2457845.5 16.099277035 16.099277035
2457846.5 16.2153395899 16.2153395899
2457847.5 16.1659126552 16.1659126552
2457848.5 16.0527241029 16.0527241029
2457849.5 15.9673226855 15.9673226855
2457850.5 16.0753987595 16.0753987595
2457851.5 16.0956489405 16.0956489405
2457852.5 16.0777048226 16.0777048226
2457853.5 16.1870665224 16.1870665224
2457854.5 16.1734501166 16.1734501166
2457855.5 16.2499765365 16.2499765365
2457856.5 16.3709525566 16.3709525566
2457857.5 16.3756623923 16.3756623923
2457858.5 16.5272474401 16.5272474401
2457859.5 16.6922210588 16.6922210588
2457860.5 16.620503437 16.620503437
2457861.5 16.6228464658 16.6228464658
2457862.5 16.7430901881 16.7430901881
2457863.5 16.6325893169 16.6325893169
2457864.5 16.810854523 16.810854523
2457865.5 16.6428857139 16.6428857139
2457866.5 16.4506561108 16.4506561108
2457867.5 16.4841678455 16.4841678455
2457868.5 16.4886306489 16.4886306489
2457869.5 16.5048455806 16.5048455806
2457870.5 16.65531004 16.65531004
2457871.5 16.5613672747 16.5613672747
2457872.5 16.7589634226 16.7589634226
2457873.5 16.8078371998 16.8078371998
2457874.5 16.6735648314 16.6735648314
2457875.5 16.6112840378 16.6112840378
2457876.5 16.76876726 16.76876726
2457877.5 16.7175372831 16.7175372831
2457878.5 16.7504154428 16.7504154428
2457879.5 16.9422548337 16.9422548337
2457880.5 16.8030782832 16.8030782832
2457881.5 16.640237399 16.640237399
2457882.5 16.5187258591 16.5187258591
2457883.5 16.417997527 16.417997527
2457884.5 16.5588267938 16.5588267938
2457885.5 16.4889390909 16.4889390909
2457886.5 16.4999491835 16.4999491835
2457887.5 16.5256503495 16.5256503495
2457888.5 15.0814647237 15.0814647237
2457889.5 15.0442264673 15.0442264673
2457890.5 14.9609761784 14.9609761784
2457891.5 14.9823917712 14.9823917712
2457892.5 15.100272107 15.100272107
2457893.5 15.081787433 15.081787433
2457894.5 15.0891814167 15.0891814167
2457895.5 15.0416996408 15.0416996408
2457896.5 15.1221518199 15.1221518199
2457897.5 15.0801550897 15.0801550897
2457898.5 15.1253448564 15.1253448564
2457899.5 15.2327106891 15.2327106891
2457900.5 15.2262259946 15.2262259946
2457901.5 15.1059212126 15.1059212126
2457902.5 15.1745527778 15.1745527778
2457903.5 15.2491363982 15.2491363982
2457904.5 15.3644546464 15.3644546464
2457905.5 15.2176824005 15.2176824005
2457906.5 15.1263524992 15.1263524992
2457907.5 15.2748891121 15.2748891121
2457908.5 15.2486075627 15.2486075627
2457909.5 15.2363746463 15.2363746463
2457910.5 15.2772939337 15.2772939337
2457911.5 15.3979963112 15.3979963112
2457912.5 15.2736536313 15.2736536313
2457913.5 15.3844008417 15.3844008417
2457914.5 15.3321313664 15.3321313664
2457915.5 15.2276433414 15.2276433414
2457916.5 15.1943491173 15.1943491173
2457917.5 15.3393277789 15.3393277789
2457918.5 15.4000669684 15.4000669684
2457919.5 15.4137017129 15.4137017129
2457920.5 15.3609631843 15.3609631843
2457921.5 15.3204718372 15.3204718372
2457922.5 15.2676783777 15.2676783777
2457923.5 15.2242442517 15.2242442517
2457924.5 15.2012604793 15.2012604793
2457925.5 15.2759131983 15.2759131983
2457926.5 15.2228306658 15.2228306658
2457927.5 15.226871145 15.226871145
2457928.5 15.2035825034 15.2035825034
2457929.5 15.1127452626 15.1127452626
2457930.5 15.0545071514 15.0545071514
2457931.5 15.0217960005 15.0217960005
2457932.5 14.981505469 14.981505469
2457933.5 14.8766738516 14.8766738516
2457934.5 14.83722297 14.83722297
2457935.5 14.9148955424 14.9148955424
2457936.5 14.9122204842 14.9122204842
2457937.5 14.8109765902 14.8109765902
2457938.5 14.8601673033 14.8601673033
2457939.5 14.9043002395 14.9043002395
2457940.5 14.9464943551 14.9464943551
2457941.5 14.9381251489 14.9381251489
2457942.5 14.9285383208 14.9285383208
2457943.5 14.8800925972 14.8800925972
2457944.5 14.8662196575 14.8662196575
2457945.5 14.8002288949 14.8002288949
2457946.5 14.8633486476 14.8633486476
2457947.5 14.9209628586 14.9209628586
2457948.5 14.8832227693 14.8832227693
2457949.5 14.8505302737 14.8505302737
2457950.5 14.8249265864 14.8249265864
2457951.5 15.6252761799 15.6252761799
2457952.5 15.4724107744 15.4724107744
2457953.5 15.407835443 15.407835443
2457954.5 15.3375025678 15.3375025678
2457955.5 15.2510338864 15.2510338864
2457956.5 15.3029710672 15.3029710672
2457957.5 15.2860388158 15.2860388158
2457958.5 15.3338641304 15.3338641304
2457959.5 15.2365378512 15.2365378512
2457960.5 15.2718010201 15.2718010201
2457961.5 15.3730135793 15.3730135793
2457962.5 15.2971721507 15.2971721507
2457963.5 15.073203473 15.073203473
2457964.5 15.2175220052 15.2175220052
2457965.5 15.1133463757 15.1133463757
2457966.5 15.1898892753 15.1898892753
2457967.5 15.0966253876 15.0966253876
2457968.5 14.9964781612 14.9964781612
2457969.5 14.9374648688 14.9374648688
2457970.5 14.8431418409 14.8431418409
2457971.5 14.881228736 14.881228736
2457972.5 14.9601343909 14.9601343909
2457973.5 15.0306368678 15.0306368678
2457974.5 15.0358288005 15.0358288005
2457975.5 14.9174896576 14.9174896576
2457976.5 14.8701044719 14.8701044719
2457977.5 14.791456677 14.791456677
2457978.5 14.5263928321 14.5263928321
2457979.5 14.6525413651 14.6525413651
2457980.5 14.6857138665 14.6857138665
2457981.5 14.5873390086 14.5873390086
2457982.5 14.5428731867 14.5428731867
2457983.5 14.4224276108 14.4224276108
2457984.5 14.3130771818 14.3130771818
2457985.5 14.3201010751 14.3201010751
2457986.5 14.3736407864 14.3736407864
2457987.5 14.4542403632 14.4542403632
2457988.5 14.5216456789 14.5216456789
2457989.5 14.4964197875 14.4964197875
