2457258.5 16.4397499501 16.4397499501
2457259.5 16.4023313592 16.4023313592
2457260.5 16.3597365544 16.3597365544
2457261.5 16.3442345317 16.3442345317
2457262.5 16.4535922121 16.4535922121
2457263.5 16.3932057412 16.3932057412
2457264.5 16.3449567518 16.3449567518
2457265.5 16.3124864052 16.3124864052
2457266.5 16.3183454248 16.3183454248
2457267.5 16.3770428626 16.3770428626
2457268.5 16.4230951752 16.4230951752
2457269.5 16.3592242496 16.3592242496
2457270.5 16.3283855791 16.3283855791
2457271.5 16.344638661 16.344638661
2457272.5 16.3635604528 16.3635604528
2457273.5 16.3181366602 16.3181366602
2457274.5 16.3498801038 16.3498801038
2457275.5 16.2458694741 16.2458694741
2457276.5 16.1771812491 16.1771812491
2457277.5 16.2065743981 16.2065743981
2457278.5 16.1067551393 16.1067551393
2457279.5 16.0881023333 16.0881023333
2457280.5 16.0448117496 16.0448117496
2457281.5 16.0275150099 16.0275150099
2457282.5 15.9933394567 15.9933394567
2457283.5 16.033992008 16.033992008
2457284.5 16.025556469 16.025556469
2457285.5 16.0094898156 16.0094898156
2457286.5 16.0469104405 16.0469104405
2457287.5 16.0672956717 16.0672956717
2457288.5 16.1571101406 16.1571101406
2457289.5 16.148723965 16.148723965
2457290.5 16.1384004506 16.1384004506
2457291.5 16.1240355711 16.1240355711
2457292.5 16.0904047393 16.0904047393
2457293.5 16.1024211702 16.1024211702
2457294.5 16.1120295179 16.1120295179
2457295.5 16.0852807354 16.0852807354
2457296.5 16.08503443 16.08503443
2457297.5 16.0585077545 16.0585077545
2457298.5 16.0392154825 16.0392154825
2457299.5 15.9921869935 15.9921869935
2457300.5 16.0542987222 16.0542987222
2457301.5 16.1001589638 16.1001589638
2457302.5 16.0895434303 16.0895434303
2457303.5 16.0600288195 16.0600288195
2457304.5 16.0472157528 16.0472157528
2457305.5 16.059049575 16.059049575
2457306.5 15.9942370252 15.9942370252
2457307.5 15.9657077384 15.9657077384
2457308.5 15.9281964469 15.9281964469
2457309.5 15.9312090011 15.9312090011
2457310.5 15.889340617 15.889340617
2457311.5 15.8772336233 15.8772336233
2457312.5 15.8312760929 15.8312760929
2457313.5 15.8303013182 15.8303013182
2457314.5 15.8209461596 15.8209461596
2457315.5 15.8129630733 15.8129630733
2457316.5 15.833450492 15.833450492
2457317.5 15.847335986 15.847335986
2457318.5 15.9415185402 15.9415185402
2457319.5 15.9311770039 15.9311770039
2457320.5 15.9233608952 15.9233608952
2457321.5 17.7278712636 17.7278712636
2457322.5 17.8307772101 17.8307772101
2457323.5 17.939778366 17.939778366
2457324.5 17.8131418914 17.8131418914
2457325.5 17.9207468285 17.9207468285
2457326.5 17.8395279989 17.8395279989
2457327.5 17.9572137156 17.9572137156
2457328.5 18.0838924039 18.0838924039
2457329.5 18.1051740798 18.1051740798
2457330.5 18.1715690755 18.1715690755
2457331.5 18.153250514 18.153250514
2457332.5 18.0277320632 18.0277320632
2457333.5 17.9550238351 17.9550238351
2457334.5 18.1509376323 18.1509376323
2457335.5 17.987514776 17.987514776
2457336.5 18.1524460685 18.1524460685
2457337.5 18.21394192 18.21394192
2457338.5 18.0382998918 18.0382998918
2457339.5 18.0932297106 18.0932297106
2457340.5 18.2676259434 18.2676259434
2457341.5 18.1773481475 18.1773481475
2457342.5 18.0650750142 18.0650750142
2457343.5 18.0452189747 18.0452189747
2457344.5 17.9161472141 17.9161472141
2457345.5 17.8420748581 17.8420748581
2457346.5 17.7795439614 17.7795439614
2457347.5 17.6386251669 17.6386251669
2457348.5 17.8092121458 17.8092121458
2457349.5 17.7993014386 17.7993014386
2457350.5 17.7680382657 17.7680382657
2457351.5 17.817090565 17.817090565
2457352.5 17.7857552652 17.7857552652
2457353.5 17.8319074479 17.8319074479
2457354.5 17.9064283963 17.9064283963
2457355.5 17.956312836 17.956312836
2457356.5 18.0293057274 18.0293057274
2457357.5 18.1772859476 18.1772859476
2457358.5 18.3161384924 18.3161384924
2457359.5 18.2533952469 18.2533952469
2457360.5 18.4021424954 18.4021424954
2457361.5 18.233334603 18.233334603
2457362.5 18.2538166954 18.2538166954
2457363.5 18.2444642919 18.2444642919
2457364.5 18.4176760093 18.4176760093
2457365.5 18.2126643774 18.2126643774
2457366.5 18.4052239723 18.4052239723
2457367.5 18.4429682288 18.4429682288
2457368.5 18.5395537103 18.5395537103
2457369.5 18.3608175027 18.3608175027
2457370.5 18.3244786333 18.3244786333
2457371.5 18.4184779668 18.4184779668
2457372.5 18.4451622143 18.4451622143
2457373.5 18.3787667393 18.3787667393
2457374.5 18.3309103039 18.3309103039
2457375.5 18.1998249091 18.1998249091
2457376.5 18.1715190958 18.1715190958
2457377.5 18.0772014859 18.0772014859
2457378.5 18.0649917032 18.0649917032
2457379.5 17.9865872214 17.9865872214
2457380.5 18.0822660609 18.0822660609
2457381.5 18.2117919052 18.2117919052
2457382.5 18.1774557394 18.1774557394
2457383.5 18.124404192 18.124404192
2457384.5 16.8584605665 16.8584605665
2457385.5 16.8730025234 16.8730025234
2457386.5 16.9150711455 16.9150711455
2457387.5 16.9972900208 16.9972900208
2457388.5 17.0383274853 17.0383274853
2457389.5 17.01582384 17.01582384
2457390.5 17.0208290331 17.0208290331
2457391.5 17.0691605175 17.0691605175
2457392.5 17.1353268921 17.1353268921
2457393.5 17.065973886 17.065973886
2457394.5 17.0871660345 17.0871660345
2457395.5 16.9398190805 16.9398190805
2457396.5 17.0760093356 17.0760093356
2457397.5 17.2184774431 17.2184774431
2457398.5 17.3389018269 17.3389018269
2457399.5 17.2467959819 17.2467959819
2457400.5 17.1183047077 17.1183047077
2457401.5 17.0891974345 17.0891974345
2457402.5 17.204276995 17.204276995
2457403.5 17.3812433346 17.3812433346
2457404.5 17.3748562673 17.3748562673
2457405.5 17.5505851933 17.5505851933
2457406.5 17.5154786249 17.5154786249
2457407.5 17.4343912449 17.4343912449
2457408.5 17.1746884665 17.1746884665
2457409.5 17.2020772807 17.2020772807
2457410.5 17.100199651 17.100199651
2457411.5 17.0470137034 17.0470137034
2457412.5 17.0695139485 17.0695139485
2457413.5 16.9269668552 16.9269668552
2457414.5 16.9585673077 16.9585673077
2457415.5 16.975931013 16.975931013
2457416.5 16.8730506697 16.8730506697
2457417.5 16.9576590297 16.9576590297
2457418.5 17.0986876182 17.0986876182
2457419.5 16.9992646338 16.9992646338
2457420.5 17.0923299911 17.0923299911
2457421.5 17.1871527494 17.1871527494
2457422.5 17.1664864846 17.1664864846
2457423.5 17.3326466753 17.3326466753
2457424.5 17.3541418559 17.3541418559
2457425.5 17.3581932144 17.3581932144
2457426.5 17.3830638527 17.3830638527
2457427.5 17.4830863689 17.4830863689
2457428.5 17.4025757951 17.4025757951
2457429.5 17.4297415961 17.4297415961
2457430.5 17.2782098487 17.2782098487
2457431.5 17.4193327191 17.4193327191
2457432.5 17.5182873313 17.5182873313
2457433.5 17.4420386713 17.4420386713
2457434.5 17.2390630813 17.2390630813
2457435.5 17.2543747824 17.2543747824
2457436.5 17.3613238593 17.3613238593
2457437.5 17.4720268391 17.4720268391
2457438.5 17.4832542076 17.4832542076
2457439.5 17.3243242736 17.3243242736
2457440.5 17.1719087903 17.1719087903
2457441.5 17.3255236861 17.3255236861
2457442.5 17.4739384281 17.4739384281
2457443.5 17.468311793 17.468311793
2457444.5 17.6064437075 17.6064437075
2457445.5 17.764643809 17.764643809
2457446.5 17.68040954 17.68040954
2457447.5 15.8560933788 15.8560933788
2457448.5 15.9220026181 15.9220026181
2457449.5 15.9935324663 15.9935324663
2457450.5 15.9632050503 15.9632050503
2457451.5 15.9725462319 15.9725462319
2457452.5 16.0510259837 16.0510259837
2457453.5 15.9030565172 15.9030565172
2457454.5 15.8943549796 15.8943549796
2457455.5 15.8745951084 15.8745951084
2457456.5 15.8790977767 15.8790977767
2457457.5 15.9188694239 15.9188694239
2457458.5 15.8809521828 15.8809521828
2457459.5 15.9760459893 15.9760459893
2457460.5 15.9484165345 15.9484165345
2457461.5 16.0209843841 16.0209843841
2457462.5 15.9821643062 15.9821643062
2457463.5 15.9409258788 15.9409258788
2457464.5 15.9687526759 15.9687526759
2457465.5 15.9525039432 15.9525039432
2457466.5 15.9395826089 15.9395826089
2457467.5 15.9418566105 15.9418566105
2457468.5 15.776522936 15.776522936
2457469.5 15.7973448651 15.7973448651
2457470.5 15.7383994048 15.7383994048
2457471.5 15.6881170818 15.6881170818
2457472.5 15.6320352488 15.6320352488
2457473.5 15.707964669 15.707964669
2457474.5 15.6774062985 15.6774062985
2457475.5 15.6914706305 15.6914706305
2457476.5 15.6300727424 15.6300727424
2457477.5 15.5918775065 15.5918775065
2457478.5 15.5852153361 15.5852153361
2457479.5 15.5550008621 15.5550008621
2457480.5 15.5354173995 15.5354173995
2457481.5 15.5745853162 15.5745853162
2457482.5 15.5765952771 15.5765952771
2457483.5 15.7612001544 15.7612001544
2457484.5 15.7102956896 15.7102956896
2457485.5 15.6452858673 15.6452858673
2457486.5 15.6209922827 15.6209922827
2457487.5 15.6741907914 15.6741907914
2457488.5 15.7396631899 15.7396631899
2457489.5 15.6866557735 15.6866557735
2457490.5 15.6398054572 15.6398054572
2457491.5 15.7094691517 15.7094691517
2457492.5 15.7378838479 15.7378838479
2457493.5 15.7409619619 15.7409619619
2457494.5 15.6867802332 15.6867802332
2457495.5 15.7467359942 15.7467359942
2457496.5 15.7524761917 15.7524761917
2457497.5 15.8107252658 15.8107252658
2457498.5 15.9074831657 15.9074831657
2457499.5 15.9204186699 15.9204186699
2457500.5 15.9030964266 15.9030964266
2457501.5 15.8908144778 15.8908144778
2457502.5 15.9248964626 15.9248964626
2457503.5 15.9373802925 15.9373802925
2457504.5 15.9242016533 15.9242016533
2457505.5 16.0031432527 16.0031432527
2457506.5 16.0062323485 16.0062323485
2457507.5 15.9381405222 15.9381405222
2457508.5 15.9384991893 15.9384991893
2457509.5 15.9543801729 15.9543801729
2457510.5 16.5661486529 16.5661486529
2457511.5 16.4634226111 16.4634226111
2457512.5 16.5129990567 16.5129990567
2457513.5 16.6577154889 16.6577154889
2457514.5 16.5293494691 16.5293494691
2457515.5 16.3943596598 16.3943596598
2457516.5 16.306511618 16.306511618
2457517.5 16.2869247909 16.2869247909
2457518.5 16.3002113184 16.3002113184
2457519.5 16.3744996702 16.3744996702
2457520.5 16.4228664758 16.4228664758
2457521.5 16.3859645863 16.3859645863
2457522.5 16.384208245 16.384208245
2457523.5 16.4490349207 16.4490349207
2457524.5 16.4370871459 16.4370871459
2457525.5 16.4524199628 16.4524199628
2457526.5 16.4881555373 16.4881555373
2457527.5 16.4680357887 16.4680357887
2457528.5 16.1678574543 16.1678574543
2457529.5 16.209586074 16.209586074
2457530.5 16.2497352005 16.2497352005
2457531.5 16.3525205326 16.3525205326
2457532.5 16.3508969224 16.3508969224
2457533.5 16.2725344573 16.2725344573
2457534.5 16.2768036585 16.2768036585
2457535.5 16.2956612516 16.2956612516
2457536.5 16.1738795964 16.1738795964
2457537.5 16.1423818844 16.1423818844
2457538.5 16.1749287278 16.1749287278
2457539.5 16.1829636404 16.1829636404
2457540.5 16.1889733418 16.1889733418
2457541.5 16.2309303133 16.2309303133
2457542.5 16.2247767546 16.2247767546
2457543.5 16.0860344523 16.0860344523
2457544.5 16.0252853799 16.0252853799
2457545.5 15.9448676984 15.9448676984
2457546.5 15.9375759647 15.9375759647
2457547.5 16.0102562919 16.0102562919
2457548.5 16.0516824885 16.0516824885
2457549.5 15.9474084497 15.9474084497
2457550.5 16.0325642891 16.0325642891
2457551.5 16.0615254645 16.0615254645
2457552.5 16.0421416966 16.0421416966
2457553.5 16.0886762935 16.0886762935
2457554.5 16.1329233545 16.1329233545
2457555.5 16.2066110152 16.2066110152
2457556.5 16.1721278611 16.1721278611
2457557.5 16.1420330653 16.1420330653
2457558.5 16.2922440373 16.2922440373
2457559.5 16.3960421717 16.3960421717
2457560.5 16.4740592079 16.4740592079
2457561.5 16.5418964224 16.5418964224
2457562.5 16.6088879118 16.6088879118
2457563.5 16.6880673127 16.6880673127
2457564.5 16.5601846931 16.5601846931
2457565.5 16.4889596283 16.4889596283
2457566.5 16.3644867733 16.3644867733
2457567.5 16.3608577081 16.3608577081
2457568.5 16.3672938189 16.3672938189
2457569.5 16.318291676 16.318291676
2457570.5 16.3053772473 16.3053772473
2457571.5 16.3080781147 16.3080781147
2457572.5 16.3273501655 16.3273501655
2457573.5 17.1613804051 17.1613804051
2457574.5 17.2766177782 17.2766177782
2457575.5 17.3695016072 17.3695016072
2457576.5 17.2264991544 17.2264991544
2457577.5 17.2616397986 17.2616397986
2457578.5 17.1982962388 17.1982962388
2457579.5 17.3303810644 17.3303810644
2457580.5 17.229465517 17.229465517
2457581.5 17.3767290949 17.3767290949
2457582.5 17.2964363876 17.2964363876
2457583.5 17.3967324944 17.3967324944
2457584.5 17.2764799086 17.2764799086
2457585.5 17.416350137 17.416350137
2457586.5 17.561976587 17.561976587
2457587.5 17.5001692795 17.5001692795
2457588.5 17.6458475622 17.6458475622
2457589.5 17.6237391942 17.6237391942
2457590.5 17.4516847147 17.4516847147
2457591.5 17.3479731444 17.3479731444
2457592.5 17.3596300338 17.3596300338
2457593.5 17.2915328395 17.2915328395
2457594.5 17.3283861872 17.3283861872
2457595.5 17.3935356261 17.3935356261
2457596.5 17.2831423724 17.2831423724
2457597.5 17.2093143539 17.2093143539
2457598.5 17.3834743535 17.3834743535
2457599.5 17.2619057077 17.2619057077
2457600.5 17.1905194822 17.1905194822
2457601.5 17.1507799556 17.1507799556
2457602.5 17.2271171119 17.2271171119
2457603.5 17.4099546534 17.4099546534
2457604.5 17.4426378862 17.4426378862
2457605.5 17.5468578087 17.5468578087
2457606.5 17.5153597984 17.5153597984
2457607.5 17.6685762707 17.6685762707
2457608.5 17.8455297417 17.8455297417
2457609.5 17.6496107466 17.6496107466
2457610.5 17.7815283175 17.7815283175
2457611.5 17.6942097901 17.6942097901
2457612.5 17.7206277193 17.7206277193
2457613.5 17.8091129836 17.8091129836
2457614.5 17.84250969 17.84250969
2457615.5 17.7466513502 17.7466513502
2457616.5 17.7034281059 17.7034281059
2457617.5 17.5703952039 17.5703952039
2457618.5 17.7053026581 17.7053026581
2457619.5 17.7156377765 17.7156377765
2457620.5 17.7173294031 17.7173294031
2457621.5 17.7456155478 17.7456155478
2457622.5 17.6714237243 17.6714237243
2457623.5 17.567368076 17.567368076
2457624.5 17.445967384 17.445967384
2457625.5 17.3673183038 17.3673183038
2457626.5 17.4108954244 17.4108954244
2457627.5 17.3780538377 17.3780538377
2457628.5 17.2892404496 17.2892404496
2457629.5 17.4377775291 17.4377775291
2457630.5 17.3340044009 17.3340044009
2457631.5 17.2175872781 17.2175872781
2457632.5 17.182494884 17.182494884
2457633.5 17.246924113 17.246924113
2457634.5 17.2968208055 17.2968208055
2457635.5 17.2922983452 17.2922983452
2457636.5 17.7155029732 17.7155029732
2457637.5 17.6806710996 17.6806710996
2457638.5 17.7023407428 17.7023407428
2457639.5 17.7159686317 17.7159686317
2457640.5 17.6393544694 17.6393544694
2457641.5 17.4593173088 17.4593173088
2457642.5 17.4480674897 17.4480674897
2457643.5 17.5445765298 17.5445765298
2457644.5 17.7259788977 17.7259788977
2457645.5 17.5828840971 17.5828840971
2457646.5 17.6036223031 17.6036223031
2457647.5 17.671375538 17.671375538
2457648.5 17.687594257 17.687594257
2457649.5 17.7850932292 17.7850932292
2457650.5 17.9200030894 17.9200030894
2457651.5 17.8860225135 17.8860225135
2457652.5 17.9802377494 17.9802377494
2457653.5 17.9797716507 17.9797716507
2457654.5 17.8303832589 17.8303832589
2457655.5 17.7368502902 17.7368502902
2457656.5 17.6551718051 17.6551718051
2457657.5 17.4977862707 17.4977862707
2457658.5 17.4668259568 17.4668259568
2457659.5 17.5185810825 17.5185810825
2457660.5 17.4598664959 17.4598664959
2457661.5 17.4463651719 17.4463651719
2457662.5 17.434071384 17.434071384
2457663.5 17.5590558061 17.5590558061
2457664.5 17.6620911918 17.6620911918
2457665.5 17.7623528015 17.7623528015
2457666.5 17.6766480081 17.6766480081
2457667.5 17.6706244137 17.6706244137
2457668.5 17.6193728516 17.6193728516
2457669.5 17.4954072916 17.4954072916
2457670.5 17.5358313815 17.5358313815
2457671.5 17.5814184964 17.5814184964
2457672.5 17.683325516 17.683325516
2457673.5 17.8346767253 17.8346767253
2457674.5 17.7533965366 17.7533965366
2457675.5 17.890271695 17.890271695
2457676.5 17.8622348841 17.8622348841
2457677.5 17.9330463019 17.9330463019
2457678.5 17.906062992 17.906062992
2457679.5 17.902771065 17.902771065
2457680.5 18.0391447976 18.0391447976
2457681.5 18.0982742721 18.0982742721
2457682.5 18.0864986986 18.0864986986
2457683.5 18.2310502906 18.2310502906
2457684.5 18.2468038149 18.2468038149
2457685.5 18.0695882831 18.0695882831
2457686.5 18.1593813452 18.1593813452
2457687.5 18.3176125645 18.3176125645
2457688.5 18.3433733475 18.3433733475
2457689.5 18.2961113892 18.2961113892
2457690.5 18.3522529382 18.3522529382
2457691.5 18.2789362059 18.2789362059
2457692.5 18.2766807824 18.2766807824
2457693.5 17.9232576497 17.9232576497
2457694.5 17.789549413 17.789549413
2457695.5 17.8902499201 17.8902499201
2457696.5 17.8146632317 17.8146632317
2457697.5 17.7005291463 17.7005291463
2457698.5 17.8046065618 17.8046065618
2457699.5 17.6662948144 17.6662948144
2457700.5 17.5654602599 17.5654602599
2457701.5 17.5201402875 17.5201402875
2457702.5 17.5715517346 17.5715517346
2457703.5 17.6127881452 17.6127881452
2457704.5 17.6873394108 17.6873394108
2457705.5 17.7191318078 17.7191318078
2457706.5 17.7012505472 17.7012505472
2457707.5 17.659324279 17.659324279
2457708.5 17.5992964595 17.5992964595
2457709.5 17.7070678482 17.7070678482
2457710.5 17.7899856865 17.7899856865
2457711.5 17.9222244639 17.9222244639
2457712.5 17.9178735161 17.9178735161
2457713.5 17.7952080408 17.7952080408
2457714.5 17.8171798435 17.8171798435
2457715.5 17.71013928 17.71013928
2457716.5 17.709992247 17.709992247
2457717.5 17.7040673154 17.7040673154
2457718.5 17.6148701072 17.6148701072
2457719.5 17.5138616518 17.5138616518
2457720.5 17.3574283857 17.3574283857
2457721.5 17.2981335334 17.2981335334
2457722.5 17.3528554339 17.3528554339
2457723.5 17.2599377798 17.2599377798
2457724.5 17.2078499673 17.2078499673
2457725.5 17.11006588 17.11006588
2457726.5 17.159238851 17.159238851
2457727.5 17.3329975843 17.3329975843
2457728.5 17.256558211 17.256558211
2457729.5 17.315559369 17.315559369
2457730.5 17.1810548724 17.1810548724
2457731.5 17.0935307408 17.0935307408
2457732.5 17.2137252402 17.2137252402
2457733.5 17.1337450292 17.1337450292
2457734.5 16.9851832886 16.9851832886
2457735.5 17.070322745 17.070322745
2457736.5 17.0113593004 17.0113593004
2457737.5 17.0278052915 17.0278052915
2457738.5 16.7772500385 16.7772500385
2457739.5 16.7813035619 16.7813035619
2457740.5 16.7201885516 16.7201885516
2457741.5 16.5932788703 16.5932788703
2457742.5 16.5829003336 16.5829003336
2457743.5 16.6442108168 16.6442108168
2457744.5 16.7135840565 16.7135840565
2457745.5 16.7494159038 16.7494159038
2457746.5 16.7539514038 16.7539514038
2457747.5 16.7765533359 16.7765533359
2457748.5 16.6435031705 16.6435031705
2457749.5 16.672417214 16.672417214
2457750.5 16.6101372175 16.6101372175
2457751.5 16.5074920469 16.5074920469
2457752.5 16.3802216403 16.3802216403
2457753.5 16.1793316422 16.1793316422
2457754.5 16.1950860154 16.1950860154
2457755.5 16.1775187438 16.1775187438
2457756.5 16.2434160859 16.2434160859
2457757.5 16.1752257815 16.1752257815
2457758.5 16.1390310812 16.1390310812
2457759.5 16.1146387623 16.1146387623
2457760.5 16.1722780726 16.1722780726
2457761.5 16.1278301934 16.1278301934
2457762.5 17.1685183773 17.1685183773
2457763.5 17.2291253685 17.2291253685
2457764.5 17.1882341828 17.1882341828
2457765.5 17.180356612 17.180356612
2457766.5 17.13719164 17.13719164
2457767.5 17.1089156297 17.1089156297
2457768.5 16.8623617411 16.8623617411
2457769.5 17.0115940013 17.0115940013
2457770.5 16.9362299266 16.9362299266
2457771.5 16.9829353099 16.9829353099
2457772.5 16.8176705515 16.8176705515
2457773.5 16.7816973657 16.7816973657
2457774.5 16.6723493277 16.6723493277
2457775.5 16.852864659 16.852864659
2457776.5 16.9252018245 16.9252018245
2457777.5 16.8028714488 16.8028714488
2457778.5 16.756007386 16.756007386
2457779.5 16.811356499 16.811356499
2457780.5 16.7505188771 16.7505188771
2457781.5 16.7930743733 16.7930743733
2457782.5 16.9036628784 16.9036628784
2457783.5 16.7423793937 16.7423793937
2457784.5 16.7068432446 16.7068432446
2457785.5 16.7885425194 16.7885425194
2457786.5 16.6105941731 16.6105941731
2457787.5 16.619555286 16.619555286
2457788.5 16.6575530607 16.6575530607
2457789.5 16.5740605839 16.5740605839
2457790.5 16.5059519821 16.5059519821
2457791.5 16.5264897914 16.5264897914
2457792.5 16.5040478642 16.5040478642
2457793.5 16.4789523129 16.4789523129
2457794.5 16.5885948409 16.5885948409
2457795.5 16.6688467874 16.6688467874
2457796.5 16.5570185955 16.5570185955
2457797.5 16.5787207683 16.5787207683
2457798.5 16.7197090036 16.7197090036
2457799.5 16.8423136133 16.8423136133
2457800.5 16.8729452383 16.8729452383
2457801.5 16.8745570783 16.8745570783
2457802.5 16.7838773518 16.7838773518
2457803.5 16.6775498397 16.6775498397
2457804.5 16.6727268093 16.6727268093
2457805.5 16.6938718247 16.6938718247
2457806.5 16.7678845555 16.7678845555
2457807.5 16.7417759892 16.7417759892
2457808.5 16.7299391059 16.7299391059
2457809.5 16.8421755819 16.8421755819
2457810.5 16.7849068927 16.7849068927
2457811.5 16.7732649615 16.7732649615
2457812.5 16.9725512679 16.9725512679
2457813.5 17.1489601055 17.1489601055
2457814.5 17.0476269474 17.0476269474
2457815.5 17.0528661397 17.0528661397
2457816.5 17.1281225179 17.1281225179
2457817.5 17.0083859734 17.0083859734
2457818.5 17.0554959681 17.0554959681
2457819.5 17.1098316393 17.1098316393
2457820.5 17.1860975991 17.1860975991
2457821.5 17.0340891145 17.0340891145
2457822.5 16.9003835732 16.9003835732
2457823.5 16.8762159341 16.8762159341
2457824.5 16.765981022 16.765981022
2457825.5 16.9596360672 16.9596360672
2457826.5 16.9259598346 16.9259598346
2457827.5 16.7364581908 16.7364581908
2457828.5 16.5174245131 16.5174245131
2457829.5 16.6425840178 16.6425840178
2457830.5 16.5285530764 16.5285530764
2457831.5 16.6670878978 16.6670878978
2457832.5 16.7909764421 16.7909764421
2457833.5 16.6897061081 16.6897061081
2457834.5 16.8047189269 16.8047189269
2457835.5 16.8289652238 16.8289652238
2457836.5 16.8770475368 16.8770475368
2457837.5 16.9080499106 16.9080499106
2457838.5 16.841350721 16.841350721
2457839.5 16.8183269291 16.8183269291
2457840.5 16.829643692 16.829643692
2457841.5 16.9177624569 16.9177624569
2457842.5 17.035816746 17.035816746
2457843.5 17.247430766 17.247430766
2457844.5 17.3373977493 17.3373977493
2457845.5 17.474609606 17.474609606
2457846.5 17.301257299 17.301257299
2457847.5 17.1868239727 17.1868239727
2457848.5 17.3259509156 17.3259509156
2457849.5 17.1972753928 17.1972753928
2457850.5 17.0529431006 17.0529431006
2457851.5 17.0338290053 17.0338290053
2457852.5 17.1950389715 17.1950389715
2457853.5 17.0539786467 17.0539786467
2457854.5 17.213116523 17.213116523
2457855.5 17.0504041152 17.0504041152
2457856.5 16.8723341822 16.8723341822
2457857.5 16.7556813179 16.7556813179
2457858.5 16.8810082135 16.8810082135
2457859.5 16.8474373198 16.8474373198
2457860.5 16.7234860122 16.7234860122
2457861.5 16.5702302067 16.5702302067
2457862.5 16.5107022742 16.5107022742
2457863.5 16.5288273531 16.5288273531
2457864.5 16.6164381194 16.6164381194
2457865.5 16.6968388689 16.6968388689
2457866.5 16.6121784982 16.6121784982
2457867.5 16.4997287741 16.4997287741
2457868.5 16.476179891 16.476179891
2457869.5 16.5323694325 16.5323694325
2457870.5 16.4647164267 16.4647164267
2457871.5 16.3172161618 16.3172161618
2457872.5 16.4406388683 16.4406388683
2457873.5 16.2580497279 16.2580497279
2457874.5 16.3898446597 16.3898446597
2457875.5 16.3000265044 16.3000265044
2457876.5 16.3375777885 16.3375777885
2457877.5 16.4076813079 16.4076813079
2457878.5 16.3300198296 16.3300198296
2457879.5 16.3705400496 16.3705400496
2457880.5 16.5055044205 16.5055044205
2457881.5 16.3757730275 16.3757730275
2457882.5 16.3222252861 16.3222252861
2457883.5 16.2984112604 16.2984112604
2457884.5 16.3444390121 16.3444390121
2457885.5 16.380434174 16.380434174
2457886.5 16.3534216164 16.3534216164
2457887.5 16.2918050628 16.2918050628
2457888.5 17.8466363036 17.8466363036
2457889.5 17.8047873973 17.8047873973
2457890.5 17.8955208189 17.8955208189
2457891.5 17.7815136834 17.7815136834
2457892.5 17.7471951844 17.7471951844
2457893.5 17.6238353259 17.6238353259
2457894.5 17.5309775481 17.5309775481
2457895.5 17.6367304078 17.6367304078
2457896.5 17.5247846167 17.5247846167
2457897.5 17.5638544497 17.5638544497
2457898.5 17.4392312997 17.4392312997
2457899.5 17.5220699823 17.5220699823
2457900.5 17.3886427598 17.3886427598
2457901.5 17.2963265789 17.2963265789
2457902.5 17.21775889 17.21775889
2457903.5 17.1361846978 17.1361846978
2457904.5 17.1306422848 17.1306422848
2457905.5 17.1531296631 17.1531296631
2457906.5 17.1922885471 17.1922885471
2457907.5 17.3633946007 17.3633946007
2457908.5 17.4417546231 17.4417546231
2457909.5 17.5353316841 17.5353316841
2457910.5 17.5381437073 17.5381437073
2457911.5 17.5519757896 17.5519757896
2457912.5 17.6289051086 17.6289051086
2457913.5 17.8351227958 17.8351227958
2457914.5 17.9701572449 17.9701572449
2457915.5 17.9386821833 17.9386821833
2457916.5 18.1632785941 18.1632785941
2457917.5 18.2249102083 18.2249102083
2457918.5 17.8857916935 17.8857916935
2457919.5 18.0554375683 18.0554375683
2457920.5 18.1296770985 18.1296770985
2457921.5 18.3144300791 18.3144300791
2457922.5 18.4783383915 18.4783383915
2457923.5 18.6887393493 18.6887393493
2457924.5 18.7543008262 18.7543008262
2457925.5 18.5853633413 18.5853633413
2457926.5 18.525305479 18.525305479
2457927.5 18.4034444486 18.4034444486
2457928.5 18.5135880065 18.5135880065
2457929.5 18.3465723243 18.3465723243
2457930.5 18.4960621082 18.4960621082
2457931.5 18.4216767625 18.4216767625
2457932.5 18.4759371511 18.4759371511
2457933.5 18.6335326142 18.6335326142
2457934.5 18.6464506906 18.6464506906
2457935.5 18.8503209848 18.8503209848
2457936.5 18.9201322596 18.9201322596
2457937.5 18.8732881892 18.8732881892
2457938.5 18.9573189404 18.9573189404
2457939.5 18.9789752059 18.9789752059
2457940.5 19.1501516848 19.1501516848
2457941.5 19.0784563619 19.0784563619
2457942.5 19.0978318257 19.0978318257
2457943.5 18.9844609609 18.9844609609
2457944.5 19.0033344091 19.0033344091
2457945.5 18.9447903672 18.9447903672
2457946.5 19.0490851711 19.0490851711
2457947.5 19.0863553867 19.0863553867
2457948.5 19.1746070507 19.1746070507
2457949.5 19.235478393 19.235478393
2457950.5 19.3388184736 19.3388184736
2457951.5 17.2717481752 17.2717481752
2457952.5 17.2189768579 17.2189768579
2457953.5 17.2661017333 17.2661017333
2457954.5 17.2530213384 17.2530213384
2457955.5 17.2115246325 17.2115246325
2457956.5 17.2528829738 17.2528829738
2457957.5 17.1584712392 17.1584712392
2457958.5 17.3282072913 17.3282072913
2457959.5 17.2635723917 17.2635723917
2457960.5 17.3294889476 17.3294889476
2457961.5 17.2566033301 17.2566033301
2457962.5 17.3456442775 17.3456442775
2457963.5 17.280997165 17.280997165
2457964.5 17.2730080146 17.2730080146
2457965.5 17.1407030344 17.1407030344
2457966.5 17.0924277029 17.0924277029
2457967.5 17.2049552369 17.2049552369
2457968.5 17.0796973265 17.0796973265
2457969.5 17.0221070165 17.0221070165
2457970.5 17.1711377856 17.1711377856
2457971.5 17.0441417239 17.0441417239
2457972.5 17.0301982302 17.0301982302
2457973.5 17.1201128763 17.1201128763
2457974.5 16.9828732696 16.9828732696
2457975.5 17.0569136172 17.0569136172
2457976.5 17.1035932401 17.1035932401
2457977.5 17.1560055508 17.1560055508
2457978.5 16.9935599026 16.9935599026
2457979.5 16.8816573446 16.8816573446
2457980.5 16.9765194621 16.9765194621
2457981.5 16.982034051 16.982034051
2457982.5 16.9923810476 16.9923810476
2457983.5 16.9974861587 16.9974861587
2457984.5 17.039471363 17.039471363
2457985.5 16.9731652888 16.9731652888
2457986.5 17.0733763179 17.0733763179
2457987.5 17.1382703213 17.1382703213
2457988.5 17.0603430999 17.0603430999
2457989.5 17.1634895576 17.1634895576
