2457258.5 16.2278952631 0 14.8061632851 0
2457259.5 16.3926308076 0 14.985405266 0
2457260.5 16.3671454154 0 14.9549598234 0
2457261.5 16.3088143668 0 14.8875908577 0
2457262.5 16.4493710939 0 15.0426789494 0
2457263.5 16.3312635073 0 14.9080595918 0
2457264.5 15.9696601072 0 14.5057857235 0
2457265.5 15.9755824359 0 14.5111357241 0
2457266.5 15.8993558176 0 14.4291081957 0
2457267.5 15.9814876439 0 14.5187799951 0
2457268.5 15.9694447788 0 14.5018040048 0
2457269.5 16.9282017778 0 15.5666391957 0
2457270.5 16.9526212927 0 15.5906089111 0
2457271.5 16.7777679742 0 15.3992604071 0
2457272.5 16.834139656 0 15.4585998966 0
2457273.5 17.0103297087 0 15.6521381956 0
2457274.5 16.7533186107 0 15.366892048 0
2457275.5 16.6771131789 0 15.2838236679 0
2457276.5 16.524523702 0 15.1188838314 0
2457277.5 16.612389405 0 15.2137971333 0
2457278.5 16.9626017713 0 15.5968553821 0
2457279.5 17.054030486 0 15.6992427841 0
2457280.5 17.2529288051 0 15.9134685609 0
2457281.5 17.2992267318 0 15.9649078981 0
2457282.5 17.2900893495 0 15.9576525773 0
2457283.5 17.1987675326 0 15.8575115205 0
2457284.5 16.9441441283 0 15.57353505 0
2457285.5 16.8078498264 0 15.4223313107 0
2457286.5 16.7130779618 0 15.3190922228 0
2457287.5 16.7930879617 0 15.4087793927 0
2457288.5 15.9652953297 0 14.4808487912 0
2457289.5 15.8384885983 0 14.33955454 0
2457290.5 15.7734000358 0 14.2581878829 0
2457291.5 15.7388116407 0 14.2192968464 0
2457292.5 16.0255363653 0 14.5505096083 0
2457293.5 16.1438309 0 14.6801212627 0
2457294.5 16.1277912304 0 14.667705004 0
2457295.5 16.2922244045 0 14.8326262013 0
2457296.5 16.4404023523 0 14.9952418878 0
2457297.5 15.8747394454 0 14.3413471695 0
2457298.5 15.9329018433 0 14.4096876512 0
2457299.5 15.9766979127 0 14.4641476486 0
2457300.5 16.0501753484 0 14.5429986196 0
2457301.5 16.0395367399 0 14.5374691262 0
2457302.5 16.0083794539 0 14.4973419563 0
2457303.5 16.0644346616 0 14.5631152719 0
2457304.5 16.0428311483 0 14.5363946514 0
2457305.5 16.0084542123 0 14.4962163328 0
2457306.5 16.5860657196 0 15.1514282743 0
2457307.5 16.524346871 0 15.0847970949 0
2457308.5 16.4324026859 0 14.9819293088 0
2457309.5 16.3378465372 0 14.8748543322 0
2457310.5 16.6946037769 0 15.2773323398 0
2457311.5 16.8954149853 0 15.4951821126 0
2457312.5 17.0086379858 0 15.6232620346 0
2457313.5 16.9550984579 0 15.5594258306 0
2457314.5 17.1046895802 0 15.7241989708 0
2457315.5 17.3048888966 0 15.9459759183 0
2457316.5 17.1694700856 0 15.7991106708 0
2457317.5 17.0564617886 0 15.6781588951 0
2457318.5 17.1090451424 0 15.731916012 0
2457319.5 17.0131537309 0 15.6248533221 0
2457320.5 16.9784700575 0 15.5817928266 0
2457321.5 16.8833307841 0 15.4710598045 0
2457322.5 16.8675951128 0 15.4482884233 0
2457323.5 16.8804742149 0 15.4680646008 0
2457324.5 16.9950107244 0 15.5967622599 0
2457325.5 16.929526057 0 15.5197085102 0
2457326.5 16.1104061078 0 14.5957125009 0
2457327.5 16.2549907954 0 14.7235029998 0
2457328.5 16.2187706283 0 14.6708394791 0
2457329.5 16.325901065 0 14.7910669878 0
2457330.5 16.8021358489 0 15.343817169 0
2457331.5 16.9069785278 0 15.4598127247 0
2457332.5 16.8791753017 0 15.4235645736 0
2457333.5 16.906703775 0 15.4513981364 0
2457334.5 16.4100802832 0 14.8775328639 0
2457335.5 16.4851164962 0 14.9627519344 0
2457336.5 16.5112214219 0 14.9854138359 0
2457337.5 16.4516904297 0 14.914882492 0
2457338.5 16.3513604556 0 14.7929306977 0
2457339.5 16.3255373436 0 14.7578465767 0
2457340.5 16.2271718636 0 14.6471707576 0
2457341.5 16.1837069397 0 14.6060468346 0
2457342.5 17.4603646659 0 16.069855316 0
2457343.5 17.5693159365 0 16.1923818443 0
2457344.5 17.5696168795 0 16.1931961358 0
2457345.5 17.5281965916 0 16.1492545389 0
2457346.5 17.5448196606 0 16.1627277286 0
2457347.5 17.4993661151 0 16.1081724139 0
2457348.5 17.676254078 0 16.3024528039 0
2457349.5 17.7794179793 0 16.4129815471 0
2457350.5 17.7078714439 0 16.3309364554 0
2457351.5 17.8931947398 0 16.5300846752 0
2457352.5 17.7938498911 0 16.4213811029 0
2457353.5 17.6315691307 0 16.2433007447 0
2457354.5 17.511291978 0 16.107221338 0
2457355.5 17.4356951673 0 16.0261424311 0
2457356.5 17.7511423872 0 16.3795993765 0
2457357.5 17.8041214159 0 16.4395487866 0
2457358.5 17.6903978975 0 16.3159975837 0
2457359.5 17.8211254519 0 16.4611114664 0
2457360.5 17.7850699354 0 16.4264458234 0
2457361.5 17.662903291 0 16.2896879881 0
2457362.5 16.5419723474 0 15.0414239322 0
2457363.5 16.6671100806 0 15.1798498347 0
2457364.5 16.7524123772 0 15.2808993698 0
2457365.5 16.8599980374 0 15.4030895632 0
2457366.5 16.7839626885 0 15.3161222054 0
2457367.5 17.8092672879 0 16.4503695024 0
2457368.5 17.7116337955 0 16.3405940437 0
2457369.5 17.7219618446 0 16.3553641119 0
2457370.5 17.640445512 0 16.2697243092 0
2457371.5 17.8026081655 0 16.4467455257 0
2457372.5 16.4736478021 0 14.9497600409 0
2457373.5 16.4575196829 0 14.9304155245 0
2457374.5 16.5577271999 0 15.0386650651 0
2457375.5 16.5607577666 0 15.0378719357 0
2457376.5 16.599202012 0 15.0856396009 0
2457377.5 16.5652940601 0 15.0483847342 0
2457378.5 16.4672172632 0 14.9395629541 0
2457379.5 16.4950403467 0 14.9785889878 0
2457380.5 17.027850976 0 15.5802177931 0
2457381.5 16.8958567968 0 15.4372888618 0
2457382.5 16.9092868064 0 15.4513265619 0
2457383.5 17.052155768 0 15.6065811106 0
2457384.5 16.978097382 0 15.5254945648 0
2457385.5 16.4314129458 0 14.9040209241 0
2457386.5 16.442096747 0 14.9144800149 0
2457387.5 16.3704019428 0 14.8293247147 0
2457388.5 16.4770454068 0 14.9528411588 0
2457389.5 16.5149746069 0 14.9926657079 0
2457390.5 16.3883569524 0 14.8456028368 0
2457391.5 16.431476655 0 14.9014171092 0
2457392.5 16.402287509 0 14.8634654487 0
2457393.5 16.3733243448 0 14.8313324728 0
2457394.5 16.3410136212 0 14.7860128243 0
2457395.5 16.2788851566 0 14.7171470711 0
2457396.5 16.4576127934 0 14.9369371386 0
2457397.5 16.5956856026 0 15.0891660939 0
2457398.5 16.6604544359 0 15.1591097974 0
2457399.5 16.6154204384 0 15.108948083 0
2457400.5 17.7457681661 0 16.3769818827 0
2457401.5 17.9461144881 0 16.5930857708 0
2457402.5 17.8124845216 0 16.4499124897 0
2457403.5 17.8531467398 0 16.4902546962 0
2457404.5 17.8040429737 0 16.4332742252 0
2457405.5 17.6487954508 0 16.2676201523 0
2457406.5 17.6294353598 0 16.2414109637 0
2457407.5 17.5355230543 0 16.1382117975 0
2457408.5 17.6471919337 0 16.2574255669 0
2457409.5 17.6638596732 0 16.2762569102 0
2457410.5 16.8822497005 0 15.3993002425 0
2457411.5 17.0149261285 0 15.548332181 0
2457412.5 17.081100445 0 15.6260245977 0
2457413.5 17.0843784955 0 15.6356509304 0
2457414.5 16.9590303076 0 15.4986289679 0
2457415.5 17.3480156195 0 15.9289438848 0
2457416.5 17.4593016218 0 16.0550447128 0
2457417.5 17.323389134 0 15.9062796789 0
2457418.5 17.3728089589 0 15.9636092811 0
2457419.5 17.4089877387 0 16.0045363389 0
2457420.5 17.5024172576 0 16.1078184489 0
2457421.5 16.7558262858 0 15.2736153551 0
2457422.5 16.7678325564 0 15.2813665091 0
2457423.5 16.759623122 0 15.2724261132 0
2457424.5 16.5743989085 0 15.081702913 0
2457425.5 16.6373973277 0 15.1519515348 0
2457426.5 16.6553878416 0 15.1687916161 0
2457427.5 17.2427662874 0 15.8253267467 0
2457428.5 17.1390985299 0 15.7103282713 0
2457429.5 17.0557678112 0 15.6183810217 0
2457430.5 17.1224300479 0 15.6886318505 0
2457431.5 17.7845721316 0 16.4206448027 0
2457432.5 17.6671931435 0 16.2937686208 0
2457433.5 17.5975747612 0 16.2156578893 0
2457434.5 17.6821688434 0 16.309139172 0
2457435.5 17.8414850924 0 16.4791091823 0
2457436.5 17.6766046994 0 16.3029541445 0
2457437.5 16.9428051593 0 15.4845410738 0
2457438.5 16.9738692676 0 15.5247459412 0
2457439.5 17.0540240059 0 15.6168269705 0
2457440.5 16.9012526664 0 15.4517819222 0
2457441.5 16.9866865612 0 15.551635325 0
2457442.5 16.8332386201 0 15.3812443359 0
2457443.5 17.511343652 0 16.1403915151 0
2457444.5 17.4457360108 0 16.0683111379 0
2457445.5 17.2756459942 0 15.8835481472 0
2457446.5 17.352172997 0 15.9700296063 0
2457447.5 17.1837566656 0 15.7892127214 0
2457448.5 16.4365533293 0 14.9497652241 0
2457449.5 16.4329352778 0 14.9406191728 0
2457450.5 16.3818823685 0 14.8802666372 0
2457451.5 16.4391612839 0 14.9475356165 0
2457452.5 16.4813769922 0 14.9953218839 0
2457453.5 16.3622632552 0 14.8133848684 0
2457454.5 16.3067764028 0 14.7572369302 0
2457455.5 16.3631964715 0 14.8257493015 0
2457456.5 16.3108038732 0 14.7610367314 0
2457457.5 16.364853859 0 14.8192364451 0
2457458.5 17.6855069259 0 16.3069757574 0
2457459.5 17.5823121428 0 16.1899689419 0
2457460.5 17.4585175616 0 16.0541697101 0
2457461.5 17.4187059286 0 16.0098855085 0
2457462.5 17.4207619852 0 16.0105517431 0
2457463.5 17.4702010014 0 16.0687160797 0
2457464.5 17.6127311695 0 16.230602784 0
2457465.5 17.4417659424 0 16.0460866396 0
2457466.5 17.2973197614 0 15.8904083503 0
2457467.5 17.2859780557 0 15.8764973276 0
2457468.5 16.6328213234 0 15.1391772199 0
2457469.5 16.6019698985 0 15.0975940042 0
2457470.5 16.571078081 0 15.0537048786 0
2457471.5 16.4959003655 0 14.9624833929 0
2457472.5 16.4733972375 0 14.9356859577 0
2457473.5 16.7881879339 0 15.2953800491 0
2457474.5 16.895273768 0 15.4113405211 0
2457475.5 16.9111801452 0 15.4353206531 0
2457476.5 17.0031312256 0 15.5338710742 0
2457477.5 16.868509956 0 15.382650299 0
2457478.5 16.9148127046 0 15.4290407422 0
2457479.5 16.9016223982 0 15.4109923256 0
2457480.5 16.9105610726 0 15.4236906395 0
2457481.5 17.0558392084 0 15.5841681298 0
2457482.5 16.9108588902 0 15.4490836529 0
2457483.5 16.8974787278 0 15.4360149363 0
2457484.5 16.9474899811 0 15.4946107538 0
2457485.5 16.8080277614 0 15.3352922264 0
2457486.5 16.8954361384 0 15.433714201 0
2457487.5 17.0133562235 0 15.5626367933 0
2457488.5 17.0106956278 0 15.5583694192 0
2457489.5 16.9421112882 0 15.4756619627 0
2457490.5 17.8128429191 0 16.4406118586 0
2457491.5 17.6867503322 0 16.3026124437 0
2457492.5 17.6385911201 0 16.2499346507 0
2457493.5 17.4823928395 0 16.0788635059 0
2457494.5 17.5979897494 0 16.2084596404 0
2457495.5 17.6233560908 0 16.2385795574 0
2457496.5 16.6501735243 0 15.1472064813 0
2457497.5 16.5283374317 0 15.0109782564 0
2457498.5 16.5242239904 0 15.0122577343 0
2457499.5 16.6306277924 0 15.1321512059 0
2457500.5 17.7403434627 0 16.3736628804 0
2457501.5 17.6963442478 0 16.3294164401 0
2457502.5 17.5856218609 0 16.2025454885 0
2457503.5 17.6864659037 0 16.3130240567 0
2457504.5 17.8726658282 0 16.513642292 0
2457505.5 16.5787546951 0 15.0697050948 0
2457506.5 16.63162275 0 15.1258675191 0
2457507.5 16.6677026302 0 15.1625575702 0
2457508.5 16.6732063242 0 15.1619648918 0
2457509.5 16.7099739595 0 15.208481438 0
2457510.5 16.6025084572 0 15.0887558778 0
2457511.5 16.7260496612 0 15.2260982941 0
2457512.5 16.7540901326 0 15.2562009904 0
2457513.5 16.7945037845 0 15.3005051802 0
2457514.5 16.8384175688 0 15.3521758816 0
2457515.5 16.7966216139 0 15.3083513101 0
2457516.5 16.8826136312 0 15.3987793599 0
2457517.5 17.2673594156 0 15.8350415136 0
2457518.5 17.2560941143 0 15.8290862344 0
2457519.5 17.2218353124 0 15.7926466624 0
2457520.5 17.3258297577 0 15.906260416 0
2457521.5 16.6257146787 0 15.1161522328 0
2457522.5 16.6463009163 0 15.1422648297 0
2457523.5 16.5849727937 0 15.0704664517 0
2457524.5 16.5940704661 0 15.0787754671 0
2457525.5 16.3718629288 0 14.8128062846 0
2457526.5 16.2925292873 0 14.727425378 0
2457527.5 16.3202458941 0 14.7627099342 0
2457528.5 16.4416632741 0 14.899519062 0
2457529.5 16.3612403054 0 14.8087229309 0
2457530.5 16.357048605 0 14.8045868572 0
2457531.5 16.3127490136 0 14.7601231825 0
2457532.5 16.2499078721 0 14.6872626351 0
2457533.5 16.2081741676 0 14.6437948191 0
2457534.5 16.1877584923 0 14.611136146 0
2457535.5 16.1701390388 0 14.6004716499 0
2457536.5 16.1746884525 0 14.5974024702 0
2457537.5 17.1050925031 0 15.6763442677 0
2457538.5 17.0523218153 0 15.6151821471 0
2457539.5 17.1902892663 0 15.7653718967 0
2457540.5 17.1424997119 0 15.7101520076 0
2457541.5 17.1515232433 0 15.7188627531 0
2457542.5 17.2453772315 0 15.8186265455 0
2457543.5 17.0277483643 0 15.57641913 0
2457544.5 17.0511880237 0 15.601417222 0
2457545.5 17.1316000169 0 15.6952670475 0
2457546.5 17.2525526995 0 15.8314313629 0
2457547.5 17.1384882097 0 15.7025187384 0
2457548.5 17.6578829371 0 16.2798005311 0
2457549.5 17.7548985659 0 16.3871306981 0
2457550.5 17.6606349706 0 16.282809945 0
2457551.5 17.8583423835 0 16.4960187898 0
2457552.5 17.0665571471 0 15.6185216941 0
2457553.5 16.9971198811 0 15.5428959558 0
2457554.5 17.0782319645 0 15.6296567384 0
2457555.5 16.853009441 0 15.3915609265 0
2457556.5 16.7881783521 0 15.3246846276 0
2457557.5 16.7569631764 0 15.2869989446 0
2457558.5 16.9062210825 0 15.4565469135 0
2457559.5 16.9472132673 0 15.5071027025 0
2457560.5 16.8634842063 0 15.4094344246 0
2457561.5 16.8899124094 0 15.4430142984 0
2457562.5 16.6218440402 0 15.134537074 0
2457563.5 16.707402424 0 15.2303105619 0
2457564.5 16.7316589732 0 15.2555080929 0
2457565.5 16.7807033281 0 15.3091398301 0
2457566.5 16.8464835534 0 15.3898748378 0
2457567.5 16.8165770843 0 15.3503465026 0
2457568.5 17.6564211849 0 16.2883426785 0
2457569.5 17.7313250067 0 16.3700187883 0
2457570.5 17.9343473609 0 16.5900665861 0
2457571.5 17.9315273787 0 16.582544892 0
2457572.5 18.1097236755 0 16.7751267423 0
2457573.5 17.2294189729 0 15.8074123515 0
2457574.5 17.1192814329 0 15.682245552 0
2457575.5 17.2441155777 0 15.8219641861 0
2457576.5 17.3275485042 0 15.9088331681 0
2457577.5 17.2868583112 0 15.8589454077 0
2457578.5 17.383155495 0 15.9692218051 0
2457579.5 16.8932104831 0 15.4166774542 0
2457580.5 16.8904225836 0 15.4095216549 0
2457581.5 16.8970898415 0 15.4227134499 0
2457582.5 16.9658656626 0 15.5072622379 0
2457583.5 17.0641002512 0 15.6138076928 0
2457584.5 16.8891779072 0 15.4230954031 0
2457585.5 17.5194733143 0 16.1262448848 0
2457586.5 17.6333662571 0 16.2472669069 0
2457587.5 17.5451642551 0 16.152117099 0
2457588.5 17.5902747237 0 16.2026092498 0
2457589.5 17.6013746185 0 16.2107772578 0
2457590.5 17.5427910912 0 16.1496836299 0
2457591.5 16.849563251 0 15.376831002 0
2457592.5 16.9596895328 0 15.4941018195 0
2457593.5 16.9796096933 0 15.5108558221 0
2457594.5 17.0009335756 0 15.529825778 0
2457595.5 17.1211800759 0 15.6599337073 0
2457596.5 17.087774907 0 15.6242683508 0
2457597.5 16.8577512359 0 15.362942955 0
2457598.5 16.7438122694 0 15.2328791296 0
2457599.5 16.82661348 0 15.3290952295 0
2457600.5 16.91462588 0 15.4269329613 0
2457601.5 17.0146670974 0 15.5334386963 0
2457602.5 16.992966912 0 15.5073982338 0
2457603.5 16.8891073914 0 15.3855078058 0
2457604.5 16.9844483019 0 15.4900071967 0
2457605.5 16.9485073799 0 15.4565126914 0
2457606.5 16.9676628661 0 15.4786114122 0
2457607.5 16.9337096722 0 15.4462520433 0
2457608.5 17.0613973299 0 15.5912587454 0
2457609.5 16.5793743933 0 15.0228574137 0
2457610.5 16.6053986271 0 15.0464249655 0
2457611.5 16.7192513546 0 15.1718145062 0
2457612.5 16.728110494 0 15.1721303629 0
2457613.5 17.6560305131 0 16.2325288996 0
2457614.5 17.8343077989 0 16.4270021731 0
2457615.5 17.8766972045 0 16.4722581929 0
2457616.5 17.8931362579 0 16.4941414558 0
2457617.5 17.1760878261 0 15.6978007072 0
2457618.5 17.2205176085 0 15.7509007725 0
2457619.5 17.2855823071 0 15.8270479872 0
2457620.5 17.1553730078 0 15.6868854935 0
2457621.5 17.24647615 0 15.793572636 0
2457622.5 17.1158537745 0 15.651844857 0
2457623.5 17.1975112036 0 15.7439775162 0
2457624.5 17.2925987788 0 15.8453074483 0
2457625.5 17.3831857192 0 15.9458262049 0
2457626.5 17.4095480048 0 15.9709293437 0
2457627.5 17.2643647453 0 15.8091225596 0
2457628.5 17.1774817312 0 15.7114130061 0
2457629.5 17.1934553369 0 15.7357751007 0
2457630.5 17.3518887749 0 15.9081392873 0
2457631.5 17.4357719175 0 15.9972390964 0
2457632.5 17.3349785764 0 15.8893935723 0
2457633.5 17.2836466448 0 15.8353965104 0
2457634.5 17.4453312263 0 16.0220116972 0
2457635.5 17.353350469 0 15.9171368989 0
2457636.5 17.4272104689 0 15.9950633898 0
2457637.5 17.3404407977 0 15.9020861733 0
2457638.5 17.5846277096 0 16.1686121408 0
2457639.5 17.4530605338 0 16.0262751405 0
2457640.5 17.3563064058 0 15.9195466463 0
2457641.5 17.4104914228 0 15.980372059 0
2457642.5 17.5673475129 0 16.1525576806 0
2457643.5 17.5037191462 0 16.0814982245 0
2457644.5 16.8242994498 0 15.3126498766 0
2457645.5 16.8177829128 0 15.3072555477 0
2457646.5 16.6765576826 0 15.1518391455 0
2457647.5 16.5621016078 0 15.0252903733 0
2457648.5 16.6459043282 0 15.1143500566 0
2457649.5 18.0124387908 0 16.6514205914 0
2457650.5 17.8652827188 0 16.4889198374 0
2457651.5 18.0473679277 0 16.6870120985 0
2457652.5 18.0007826233 0 16.6313509971 0
2457653.5 17.2875000006 0 15.8420836575 0
2457654.5 17.2561539586 0 15.804053274 0
2457655.5 17.2098062463 0 15.7474204427 0
2457656.5 17.2280185084 0 15.7704401647 0
2457657.5 16.8273722857 0 15.31094353 0
2457658.5 17.0992594505 0 15.5885454187 0
2457659.5 17.0567584153 0 15.5408560598 0
2457660.5 17.1748872299 0 15.6762620866 0
2457661.5 17.2465277295 0 15.765182513 0
2457662.5 17.3034728496 0 15.8362916647 0
2457663.5 17.7346622725 0 16.3141307539 0
2457664.5 17.8489652584 0 16.4448573312 0
2457665.5 17.9671715386 0 16.5774481193 0
2457666.5 17.9572095799 0 16.5693009813 0
2457667.5 17.7957103185 0 16.3954877183 0
2457668.5 17.8646416292 0 16.4754257713 0
2457669.5 17.00850058 0 15.5211382742 0
2457670.5 17.0648468446 0 15.5828271573 0
2457671.5 16.9522501721 0 15.4607953493 0
2457672.5 16.9494407248 0 15.4617635807 0
2457673.5 17.0061776722 0 15.5342270811 0
2457674.5 17.0625766715 0 15.6005692765 0
2457675.5 17.8873476568 0 16.5186972752 0
2457676.5 17.9647489244 0 16.6083046299 0
2457677.5 18.0905694433 0 16.7511124541 0
2457678.5 17.9626829622 0 16.6066191261 0
2457679.5 18.1539498614 0 16.8133886483 0
2457680.5 16.9184294971 0 15.4335397016 0
2457681.5 16.8016044483 0 15.3049466955 0
2457682.5 16.9151851831 0 15.4348112107 0
2457683.5 16.8912546074 0 15.4092060127 0
2457684.5 16.9864402687 0 15.5150926224 0
2457685.5 17.1717803852 0 15.7189471703 0
2457686.5 17.0691984839 0 15.6023679348 0
2457687.5 17.119654624 0 15.65404921 0
2457688.5 17.0863023185 0 15.6184831177 0
2457689.5 17.1392589516 0 15.6808486259 0
2457690.5 17.0979503841 0 15.6320461313 0
2457691.5 16.768607822 0 15.2500160399 0
2457692.5 17.0189340443 0 15.5071790895 0
2457693.5 16.9036823121 0 15.3777363735 0
2457694.5 16.9433954288 0 15.4263225997 0
2457695.5 16.945310161 0 15.4204424591 0
2457696.5 17.2851769036 0 15.8035033122 0
2457697.5 17.4451072141 0 15.9774557351 0
2457698.5 17.4715899233 0 16.0048499613 0
2457699.5 17.3694467304 0 15.8899703368 0
2457700.5 17.342440125 0 15.8544791015 0
2457701.5 17.2936693569 0 15.7920468241 0
2457702.5 17.6129109 0 16.1495815842 0
2457703.5 17.7839909202 0 16.3377583118 0
2457704.5 17.9468062068 0 16.5125647602 0
2457705.5 17.9732967412 0 16.5384946857 0
2457706.5 17.8719126984 0 16.4314226846 0
2457707.5 17.7816597518 0 16.3260465141 0
2457708.5 17.7340373948 0 16.2799120514 0
2457709.5 17.615774454 0 16.149849553 0
2457710.5 17.7488645067 0 16.2932196956 0
2457711.5 17.694573143 0 16.238854108 0
2457712.5 17.7251718123 0 16.2793700855 0
2457713.5 17.6544383126 0 16.1955750824 0
2457714.5 17.6305903104 0 16.1671226964 0
2457715.5 17.5757119947 0 16.1094986244 0
2457716.5 17.6395195251 0 16.1769234622 0
2457717.5 17.6813801916 0 16.2172101451 0
2457718.5 17.6868353142 0 16.2218404605 0
2457719.5 17.8528941009 0 16.4028027614 0
2457720.5 17.8787023614 0 16.429178593 0
2457721.5 17.3285641854 0 15.7994924279 0
2457722.5 17.2753899414 0 15.7348372938 0
2457723.5 17.2576945673 0 15.7184296133 0
2457724.5 17.1903553872 0 15.6443013591 0
2457725.5 17.1978785787 0 15.6463315203 0
2457726.5 17.3046439933 0 15.7847201501 0
2457727.5 17.4092753258 0 15.8770098087 0
2457728.5 17.476700018 0 15.9575468787 0
2457729.5 17.4640662276 0 15.9435469897 0
2457730.5 17.4092233947 0 15.8840578404 0
2457731.5 17.4328571794 0 15.915228785 0
2457732.5 17.7057751159 0 16.2324285601 0
2457733.5 17.7453619575 0 16.2686046583 0
2457734.5 17.7618955665 0 16.2830304307 0
2457735.5 17.6646810571 0 16.1774378126 0
2457736.5 17.7152960339 0 16.2317203656 0
2457737.5 17.3815801292 0 15.853729707 0
2457738.5 17.5066572563 0 15.9903159674 0
2457739.5 17.4695768824 0 15.9449270618 0
2457740.5 17.4202675307 0 15.8986349256 0
2457741.5 17.1766180892 0 15.6191327653 0
2457742.5 17.1988711953 0 15.6372157778 0
2457743.5 17.274155555 0 15.7213884211 0
2457744.5 17.3297153886 0 15.787752906 0
2457745.5 17.7703676369 0 16.2918660804 0
2457746.5 17.784586807 0 16.3076370375 0
2457747.5 17.9419794403 0 16.4772113127 0
2457748.5 17.9333064861 0 16.4652111101 0
2457749.5 17.888359345 0 16.4075634035 0
2457750.5 17.8954940935 0 16.414479435 0
2457751.5 17.5903012711 0 16.0698207056 0
2457752.5 17.5832171925 0 16.0655421804 0
2457753.5 17.5173146547 0 15.9956056856 0
2457754.5 17.3840069683 0 15.8464383125 0
2457755.5 17.4835332835 0 15.9600659851 0
2457756.5 17.4659638399 0 15.9280764758 0
2457757.5 18.0333304512 0 16.5813036251 0
2457758.5 17.9979506748 0 16.5445069741 0
2457759.5 18.1908234211 0 16.7310411755 0
2457760.5 18.0966377333 0 16.6242776865 0
2457761.5 17.5810175138 0 16.0237826364 0
2457762.5 17.6463170767 0 16.0919388317 0
2457763.5 17.7092627783 0 16.1613225819 0
2457764.5 17.7600707569 0 16.2135552503 0
2457765.5 18.862897755 0 17.4663890232 0
2457766.5 18.8725876252 0 17.4745449088 0
2457767.5 19.0579665439 0 17.6746051858 0
2457768.5 19.0842008794 0 17.6972379808 0
2457769.5 18.026045047 0 16.5157023327 0
2457770.5 18.0444923068 0 16.5428015782 0
2457771.5 18.0667916204 0 16.5689771377 0
2457772.5 18.1502991128 0 16.6576195284 0
2457773.5 18.2987673402 0 16.8196861327 0
2457774.5 18.2166172681 0 16.7240485182 0
2457775.5 18.5814553037 0 17.1459640838 0
2457776.5 18.4765492408 0 17.0329438286 0
2457777.5 18.3556649306 0 16.9022395239 0
2457778.5 18.3025872519 0 16.8328661988 0
2457779.5 18.752454446 0 17.3342187378 0
2457780.5 18.7998780287 0 17.3938486867 0
2457781.5 18.8369162504 0 17.4421632231 0
2457782.5 18.7623754483 0 17.3529218048 0
2457783.5 18.6116165615 0 17.1765568298 0
2457784.5 18.7917037313 0 17.3720115732 0
2457785.5 18.6363137707 0 17.2010174259 0
2457786.5 18.7807414017 0 17.3609397958 0
2457787.5 18.0349477973 0 16.5075281718 0
2457788.5 18.0694114346 0 16.5421700468 0
2457789.5 18.0389658823 0 16.5171355368 0
2457790.5 18.0632638931 0 16.5516446359 0
2457791.5 18.0511765148 0 16.546860676 0
2457792.5 17.9906936806 0 16.4870120169 0
2457793.5 18.0702337309 0 16.5735137485 0
2457794.5 18.3191064175 0 16.8123484688 0
2457795.5 18.3043078623 0 16.8018977995 0
2457796.5 18.2924369178 0 16.7776914962 0
2457797.5 19.5891780983 0 18.229637443 0
2457798.5 19.5579197194 0 18.1879396814 0
2457799.5 19.5162708881 0 18.14926839 0
2457800.5 19.5755840099 0 18.213491886 0
2457801.5 19.6467032966 0 18.295414306 0
2457802.5 18.6989267708 0 17.2438797167 0
2457803.5 18.7150945264 0 17.2663993816 0
2457804.5 18.9013698277 0 17.4662321912 0
2457805.5 18.8209204398 0 17.3749665719 0
2457806.5 18.891393462 0 17.4500887058 0
2457807.5 18.2070270387 0 16.6620876776 0
2457808.5 18.322173694 0 16.7903680145 0
2457809.5 18.3824602139 0 16.8492376564 0
2457810.5 18.3806721339 0 16.8453892125 0
2457811.5 19.8797815336 0 18.5224751824 0
2457812.5 20.0020293992 0 18.6612305098 0
2457813.5 20.0480425207 0 18.70745256 0
2457814.5 20.0363333299 0 18.6984260423 0
2457815.5 18.5799691153 0 17.0795403078 0
2457816.5 18.7283626517 0 17.2434861574 0
2457817.5 18.8354784794 0 17.3569552808 0
2457818.5 18.8049278756 0 17.3257751948 0
2457819.5 18.8540339646 0 17.3837776973 0
2457820.5 18.7920637864 0 17.3062586521 0
2457821.5 18.8162825748 0 17.3387099598 0
2457822.5 18.8426243777 0 17.3774581823 0
2457823.5 18.56891512 0 17.1131551514 0
2457824.5 18.5780728409 0 17.1203172013 0
2457825.5 19.0489798068 0 17.654425295 0
2457826.5 18.9291259514 0 17.518409129 0
2457827.5 18.9203117828 0 17.513695172 0
2457828.5 18.8917736724 0 17.4896395503 0
2457829.5 18.6973304195 0 17.2795631742 0
2457830.5 18.0722238741 0 16.5631442529 0
2457831.5 18.0638990206 0 16.5450857973 0
2457832.5 18.1738243837 0 16.666238234 0
2457833.5 18.1904230586 0 16.688525885 0
2457834.5 18.3852273631 0 16.9016267782 0
2457835.5 18.4389819793 0 16.9698127841 0
2457836.5 18.5960707647 0 17.1379373479 0
2457837.5 18.5508064748 0 17.0836938267 0
2457838.5 18.5909354348 0 17.1380058014 0
2457839.5 19.0877673915 0 17.6978465879 0
2457840.5 19.0851004087 0 17.6873858593 0
2457841.5 19.1744192353 0 17.7809327001 0
2457842.5 19.0864330812 0 17.6842092354 0
2457843.5 18.5199905433 0 17.0564047821 0
2457844.5 18.4502630433 0 16.984830595 0
2457845.5 18.3157512987 0 16.8349902427 0
2457846.5 18.4279759145 0 16.9603062277 0
2457847.5 19.0684779722 0 17.6796032049 0
2457848.5 19.1078610486 0 17.7181124935 0
2457849.5 19.0864068704 0 17.692722973 0
2457850.5 19.0744887141 0 17.6763326227 0
2457851.5 18.9316199128 0 17.5178181568 0
2457852.5 18.1460928976 0 16.6346458884 0
2457853.5 18.0908818577 0 16.5827417232 0
2457854.5 18.0753676425 0 16.5609973224 0
2457855.5 18.1834684214 0 16.6837783587 0
2457856.5 18.2215462596 0 16.7308230244 0
2457857.5 18.5762342878 0 17.1365785061 0
2457858.5 18.4694177332 0 17.0230484734 0
2457859.5 18.6104936671 0 17.1807457377 0
2457860.5 18.6784720667 0 17.249421818 0
2457861.5 18.6050140074 0 17.1683663734 0
2457862.5 18.6720457329 0 17.2386917475 0
2457863.5 18.3132114933 0 16.8323600516 0
2457864.5 18.2432866221 0 16.7629507735 0
2457865.5 18.2423582257 0 16.7597175543 0
2457866.5 18.3090749793 0 16.8351944592 0
2457867.5 18.2355245406 0 16.7484210877 0
2457868.5 18.3420827143 0 16.8631151561 0
2457869.5 18.5185847126 0 17.0553207843 0
2457870.5 18.4826687918 0 17.0180553511 0
2457871.5 18.8004673774 0 17.368085326 0
2457872.5 18.9524336152 0 17.531207931 0
2457873.5 19.0547832587 0 17.6459683993 0
2457874.5 19.0951121994 0 17.6980641699 0
2457875.5 19.0742507917 0 17.6732321915 0
2457876.5 18.1129358892 0 16.5777498902 0
2457877.5 18.1435245288 0 16.6229137466 0
2457878.5 18.0831284345 0 16.5632894876 0
2457879.5 18.1352924258 0 16.6195195775 0
2457880.5 18.2671174504 0 16.7662582747 0
2457881.5 18.2304031012 0 16.734001773 0
2457882.5 19.4039751132 0 18.0431038089 0
2457883.5 19.3521165276 0 17.9934232692 0
2457884.5 19.2974342039 0 17.9320933112 0
2457885.5 19.1661309394 0 17.7923483211 0
2457886.5 18.9268930625 0 17.5266898754 0
2457887.5 18.7853817578 0 17.3697769959 0
2457888.5 18.5618637862 0 17.1335187942 0
2457889.5 18.5081068493 0 17.070808166 0
2457890.5 18.3610425632 0 16.9091809475 0
2457891.5 18.365671192 0 16.9084213351 0
2457892.5 19.0776041012 0 17.7010003149 0
2457893.5 19.1401828067 0 17.7701392509 0
2457894.5 19.0179464464 0 17.6348924256 0
2457895.5 19.1440538513 0 17.7717116309 0
2457896.5 19.0499737123 0 17.6664373125 0
2457897.5 18.8244616181 0 17.4148935346 0
2457898.5 18.6596140349 0 17.2389503873 0
2457899.5 18.6165207984 0 17.1963416911 0
2457900.5 18.8135481411 0 17.4098747104 0
2457901.5 18.8907995519 0 17.4891234689 0
2457902.5 18.7609848052 0 17.351857515 0
2457903.5 19.1500127167 0 17.7814512092 0
2457904.5 19.2355551763 0 17.8725606983 0
2457905.5 19.3435258446 0 17.9973634381 0
2457906.5 19.4237046312 0 18.0858591557 0
2457907.5 19.5436516747 0 18.2182739103 0
2457908.5 19.5316727824 0 18.2008706225 0
2457909.5 17.7189337394 0 16.165742353 0
2457910.5 17.6658675587 0 16.1030084495 0
2457911.5 17.7876627101 0 16.2385979039 0
2457912.5 17.8510693631 0 16.3092617242 0
2457913.5 17.8005375426 0 16.2491236902 0
2457914.5 17.7374958412 0 16.1760561683 0
2457915.5 17.8691309719 0 16.3358927398 0
2457916.5 17.8659581032 0 16.3336698469 0
2457917.5 17.8885155509 0 16.346833097 0
2457918.5 17.9921685726 0 16.4441468195 0
2457919.5 18.9928739517 0 17.5770348095 0
2457920.5 19.132572712 0 17.7290779596 0
2457921.5 19.1293654117 0 17.7316481789 0
2457922.5 19.2213920589 0 17.8256990547 0
2457923.5 19.1479085319 0 17.7424991245 0
2457924.5 19.110582687 0 17.6920927381 0
2457925.5 18.4163697663 0 16.9059050604 0
2457926.5 18.5661457831 0 17.067909829 0
2457927.5 18.5397599226 0 17.0404095176 0
2457928.5 18.6302034346 0 17.1396047954 0
2457929.5 19.124436666 0 17.7034210347 0
2457930.5 18.9826481531 0 17.5492227328 0
2457931.5 19.0506034604 0 17.6299831259 0
2457932.5 19.1270199491 0 17.7140997894 0
2457933.5 19.5613480372 0 18.1986144807 0
2457934.5 19.7574566067 0 18.410229794 0
2457935.5 19.6756447957 0 18.3131198789 0
2457936.5 19.5577203028 0 18.1864216071 0
2457937.5 19.4874623414 0 18.1004310996 0
2457938.5 18.4908821293 0 16.9884128521 0
2457939.5 18.4743596902 0 16.9738846492 0
2457940.5 18.5147628708 0 17.0154944076 0
2457941.5 18.4035402678 0 16.8962838447 0
2457942.5 18.3456984677 0 16.8336546612 0
2457943.5 18.3986898268 0 16.89161289 0
2457944.5 18.3584725015 0 16.8523437233 0
2457945.5 18.3589274455 0 16.8647027812 0
2457946.5 19.4757541384 0 18.1060939354 0
2457947.5 19.4993105022 0 18.1302529633 0
2457948.5 19.4060376151 0 18.0280618703 0
2457949.5 19.6082682975 0 18.2430418564 0
2457950.5 18.2902917858 0 16.7492630886 0
2457951.5 18.7129043809 0 17.1748228491 0
2457952.5 18.8471161616 0 17.323830294 0
2457953.5 18.8092827553 0 17.2776337804 0
2457954.5 18.7808237004 0 17.2412030716 0
2457955.5 19.9353790141 0 18.544051453 0
2457956.5 19.998645846 0 18.621568991 0
2457957.5 20.0624243008 0 18.6964499451 0
2457958.5 19.8528857744 0 18.4742150666 0
2457959.5 19.8783789667 0 18.507375387 0
2457960.5 19.7364067867 0 18.350431659 0
2457961.5 19.3549437124 0 17.9265601094 0
2457962.5 19.3790570171 0 17.9567825296 0
2457963.5 19.3034457686 0 17.8690155071 0
2457964.5 19.1126142576 0 17.663531445 0
2457965.5 19.1617886263 0 17.7150244114 0
2457966.5 18.7072079497 0 17.2050652843 0
2457967.5 18.6484859793 0 17.1369880008 0
2457968.5 18.6707181639 0 17.1499176239 0
2457969.5 18.5640995884 0 17.0354790687 0
2457970.5 18.5965884382 0 17.0718052755 0
2457971.5 18.4354080331 0 16.8944790634 0
2457972.5 18.5303666253 0 16.9970713723 0
2457973.5 18.5051935434 0 16.9791378358 0
2457974.5 19.0843807257 0 17.6373883241 0
2457975.5 19.1550382769 0 17.7094776566 0
2457976.5 19.3412927142 0 17.9115670033 0
2457977.5 19.3752786989 0 17.9406969068 0
2457978.5 19.3248700618 0 17.8741020926 0
2457979.5 19.3155685285 0 17.870382348 0
2457980.5 19.394671157 0 17.961838837 0
2457981.5 19.318699613 0 17.8708694604 0
2457982.5 19.2782263972 0 17.8310338853 0
2457983.5 19.0238377585 0 17.5531667865 0
2457984.5 18.9191981737 0 17.445163987 0
2457985.5 19.0274358267 0 17.5694636197 0
2457986.5 19.0770058284 0 17.6217523933 0
2457987.5 19.4259963092 0 18.0107226943 0
2457988.5 19.5767943114 0 18.1772051133 0
2457989.5 19.3209906887 0 17.9169249776 0
2457990.5 19.3182794109 0 17.916149922 0
2457991.5 19.2697349085 0 17.8700836816 0
2457992.5 19.315811329 0 17.9128090541 0
2457993.5 19.2353463168 0 17.8146582992 0
2457994.5 19.1442680803 0 17.7189401153 0
2457995.5 18.9983010867 0 17.5589579055 0
2457996.5 19.0394660357 0 17.5961315573 0
2457997.5 19.063573599 0 17.6312489263 0
2457998.5 19.2561491139 0 17.8385579661 0
2457999.5 19.5530797735 0 18.1728138686 0
2458000.5 19.3858229724 0 17.990343818 0
2458001.5 19.3372304836 0 17.9291005457 0
2458002.5 19.2912155 0 17.8686080467 0
2458003.5 18.4755608367 0 16.9382084143 0
2458004.5 18.5672956717 0 17.0424649175 0
2458005.5 18.6077943533 0 17.0823442587 0
2458006.5 18.7567357766 0 17.2447067417 0
2458007.5 18.6445759182 0 17.1238434594 0
2458008.5 18.5849025985 0 17.0558103605 0
2458009.5 18.3855917935 0 16.8306548635 0
2458010.5 18.4477766899 0 16.9083231156 0
2458011.5 18.520005822 0 16.9940006002 0
2458012.5 18.5891199892 0 17.069193373 0
2458013.5 18.5381556681 0 17.0191062428 0
2458014.5 18.4915205645 0 16.9608030075 0
2458015.5 19.5318392535 0 18.1386399529 0
2458016.5 19.4209431528 0 18.0141380785 0
2458017.5 19.5730201622 0 18.1785821432 0
2458018.5 19.6339139615 0 18.2438502018 0
2458019.5 19.0872061163 0 17.6246256314 0
2458020.5 19.0789917472 0 17.6179652726 0
2458021.5 19.1635746235 0 17.7186965301 0
2458022.5 19.2552033347 0 17.8108663282 0
2458023.5 19.9251928473 0 18.5552217493 0
2458024.5 20.0191150076 0 18.6659294962 0
2458025.5 20.3752631811 0 19.0343703161 0
2458026.5 20.3004633682 0 18.9498080684 0
2458027.5 19.0536786673 0 17.5469335371 0
2458028.5 19.0177144451 0 17.5132680932 0
2458029.5 18.962281453 0 17.4572360587 0
2458030.5 19.0663880227 0 17.5657330283 0
2458031.5 19.1508244427 0 17.6641115925 0
2458032.5 19.2490118877 0 17.773592865 0
2458033.5 19.1640083857 0 17.671916644 0
2458034.5 19.3098989923 0 17.833864278 0
2458035.5 19.2224605475 0 17.7379068218 0
2458036.5 19.3025013021 0 17.839273018 0
2458037.5 19.2582043314 0 17.7970733683 0
2458038.5 19.3117406214 0 17.8551080798 0
2458039.5 19.1601853899 0 17.6875107641 0
2458040.5 19.0490015119 0 17.5652992837 0
2458041.5 19.0247235557 0 17.5242536702 0
2458042.5 18.6688902651 0 17.1162128275 0
2458043.5 18.6781834432 0 17.1120039038 0
2458044.5 18.7434256413 0 17.1859634399 0
2458045.5 18.6727400235 0 17.0994531313 0
2458046.5 19.1426761938 0 17.6519500362 0
2458047.5 19.1587971304 0 17.6578186484 0
2458048.5 19.2619638409 0 17.7760348543 0
2458049.5 19.1867245841 0 17.6909160781 0
2458050.5 19.1410866379 0 17.632903781 0
2458051.5 19.9443941926 0 18.5444323871 0
2458052.5 19.9297650035 0 18.5236008972 0
2458053.5 19.8676882907 0 18.445643567 0
2458054.5 19.6924063147 0 18.2612200726 0
2458055.5 19.7752689995 0 18.3438831808 0
2458056.5 19.2268425229 0 17.7855914132 0
2458057.5 19.1346674182 0 17.6914652001 0
2458058.5 19.0660227867 0 17.6209661176 0
2458059.5 19.013043677 0 17.5713769822 0
2458060.5 19.0525080553 0 17.6125751944 0
2458061.5 18.8590610009 0 17.3995111439 0
2458062.5 18.734567428 0 17.2688782825 0
2458063.5 18.7444799863 0 17.2713786884 0
2458064.5 18.6812826008 0 17.1991600222 0
2458065.5 18.5756999084 0 17.0888457169 0
2458066.5 18.480200388 0 16.976333778 0
2458067.5 19.1999642116 0 17.7932867368 0
2458068.5 19.3128920747 0 17.9199642454 0
2458069.5 19.1443139921 0 17.7372190137 0
2458070.5 19.1462944867 0 17.73423258 0
2458071.5 19.3050428882 0 17.9096138004 0
2458072.5 19.551865426 0 18.1830508007 0
2458073.5 19.4498416296 0 18.0643480852 0
2458074.5 19.5013573854 0 18.1130055848 0
2458075.5 19.4847029239 0 18.103191929 0
2458076.5 19.1390782714 0 17.7195297806 0
2458077.5 19.2478534183 0 17.8399809677 0
2458078.5 19.2009951647 0 17.7870606074 0
2458079.5 19.0157725008 0 17.5885418162 0
2458080.5 18.645833205 0 17.1611840988 0
2458081.5 18.6185737018 0 17.1246384483 0
2458082.5 18.574058929 0 17.0855823384 0
2458083.5 18.6111950001 0 17.1368053797 0
2458084.5 18.3903173808 0 16.8953129586 0
2458085.5 18.3678639725 0 16.8788731807 0
2458086.5 18.3864421159 0 16.8981515058 0
2458087.5 18.2076041865 0 16.7036130749 0
2458088.5 18.2981530154 0 16.799374946 0
2458089.5 18.2241911436 0 16.7179630378 0
2458090.5 18.2445315397 0 16.7460090488 0
2458091.5 18.2310998939 0 16.7335128706 0
2458092.5 18.1420505907 0 16.633932222 0
2458093.5 17.7898660022 0 16.2668321436 0
2458094.5 17.7146059915 0 16.1839928354 0
2458095.5 17.6455664475 0 16.0983838783 0
2458096.5 17.6443922399 0 16.0992420716 0
2458097.5 17.670811066 0 16.1361672163 0
2458098.5 18.6850653725 0 17.2807779974 0
2458099.5 18.7542343006 0 17.3558128736 0
2458100.5 18.7866839802 0 17.3967354561 0
2458101.5 18.7006248751 0 17.3009318637 0
2458102.5 18.7983620791 0 17.4099736407 0
2458103.5 18.6046046112 0 17.2024552846 0
2458104.5 18.6021011333 0 17.1920317926 0
2458105.5 18.7886560793 0 17.3920729204 0
2458106.5 18.9465982008 0 17.5695965054 0
2458107.5 19.0384100474 0 17.6640013469 0
2458108.5 19.0136059631 0 17.630997902 0
2458109.5 19.0485769847 0 17.6626255452 0
2458110.5 19.1165882552 0 17.7436817003 0
2458111.5 19.0369274841 0 17.6495759797 0
2458112.5 19.3778130519 0 18.0185116503 0
2458113.5 19.2043542347 0 17.829139188 0
2458114.5 19.1378241901 0 17.7634047029 0
2458115.5 19.2939307742 0 17.9304126988 0
2458116.5 19.2998927217 0 17.9419639437 0
2458117.5 18.0925346592 0 16.5885123021 0
2458118.5 18.1061489618 0 16.6140450077 0
2458119.5 18.1374680815 0 16.6411796714 0
2458120.5 18.1356723782 0 16.6461995303 0
2458121.5 18.2604997482 0 16.7851266321 0
2458122.5 18.3684006597 0 16.9076817591 0
2458123.5 18.0556463875 0 16.5413534214 0
2458124.5 18.0206527078 0 16.5089262138 0
2458125.5 17.8959153678 0 16.3730305198 0
2458126.5 17.9966029063 0 16.479397542 0
2458127.5 18.3602284396 0 16.8946357197 0
2458128.5 18.212145831 0 16.7296079554 0
2458129.5 18.1916007757 0 16.6977678003 0
2458130.5 18.3784443371 0 16.9013014563 0
2458131.5 18.4731800923 0 17.0036940505 0
2458132.5 18.4686453612 0 16.9951573455 0
2458133.5 19.0478625803 0 17.6377793701 0
2458134.5 19.027064404 0 17.6060394823 0
2458135.5 19.0445186826 0 17.6269493574 0
2458136.5 18.9499599572 0 17.5256707348 0
2458137.5 19.0009398493 0 17.5735330303 0
2458138.5 19.5298404669 0 18.167083303 0
2458139.5 19.5569735383 0 18.1956148023 0
2458140.5 19.7027863525 0 18.3533343554 0
2458141.5 19.8175298784 0 18.4818845251 0
2458142.5 19.9505896705 0 18.6241872239 0
2458143.5 18.3766750252 0 16.8661340552 0
2458144.5 18.3839105439 0 16.8655116882 0
2458145.5 18.4442488534 0 16.9429890966 0
2458146.5 18.3346751566 0 16.828995655 0
2458147.5 18.2362423829 0 16.7232470752 0
2458148.5 18.2044107094 0 16.6961266392 0
2458149.5 17.943178896 0 16.3944051519 0
2458150.5 17.982314056 0 16.4495691342 0
2458151.5 18.0874765319 0 16.5617131043 0
2458152.5 18.1109774585 0 16.5834897276 0
2458153.5 18.0123327932 0 16.4785098088 0
2458154.5 18.0525793552 0 16.5177504723 0
2458155.5 18.8477576472 0 17.4218566403 0
2458156.5 18.9630996068 0 17.5429355487 0
2458157.5 19.0610050951 0 17.65384567 0
2458158.5 19.0112956685 0 17.590684924 0
2458159.5 19.4176583086 0 18.0482386315 0
2458160.5 19.273206589 0 17.8905417404 0
2458161.5 19.4360057961 0 18.0704777318 0
2458162.5 19.6273396104 0 18.276932807 0
2458163.5 19.6166986147 0 18.2657188928 0
2458164.5 19.4557099192 0 18.0901832587 0
2458165.5 19.2955258648 0 17.9139069105 0
2458166.5 19.5168120416 0 18.1507116365 0
2458167.5 19.4076880512 0 18.0293965989 0
2458168.5 19.1849267792 0 17.8051825228 0
2458169.5 18.4461635432 0 16.9896057241 0
2458170.5 18.6100547339 0 17.1703649237 0
2458171.5 18.6462718676 0 17.2046458398 0
2458172.5 18.5044916996 0 17.0479720046 0
2458173.5 18.7065199695 0 17.2669747745 0
2458174.5 18.8172917748 0 17.3875321223 0
2458175.5 18.4940702003 0 17.0169713786 0
2458176.5 18.483838866 0 17.0075544022 0
2458177.5 18.668211805 0 17.2088260056 0
2458178.5 18.469224191 0 16.9935973584 0
2458179.5 18.6278722259 0 17.1675083503 0
2458180.5 18.5680735882 0 17.1088883658 0
2458181.5 18.6970622455 0 17.2475417623 0
2458182.5 18.618747716 0 17.1569075616 0
2458183.5 18.2897265028 0 16.7882662822 0
2458184.5 18.2124126066 0 16.6942015557 0
2458185.5 18.1844978802 0 16.6581304158 0
2458186.5 18.1089940165 0 16.575870991 0
2458187.5 18.8416720575 0 17.4097258323 0
2458188.5 18.8180171231 0 17.375203668 0
2458189.5 18.7121975295 0 17.2587712526 0
2458190.5 18.7588327704 0 17.3070391595 0
2458191.5 18.7407894835 0 17.2788606161 0
2458192.5 18.7399115043 0 17.283065018 0
2458193.5 18.7254797616 0 17.261757488 0
2458194.5 18.7660879153 0 17.312831871 0
2458195.5 18.6817954741 0 17.2251917974 0
2458196.5 18.9114255662 0 17.4757227882 0
2458197.5 19.19444711 0 17.769330677 0
2458198.5 19.351428654 0 17.9391890526 0
2458199.5 19.3169983642 0 17.8917696135 0
2458200.5 19.4590956184 0 18.0451585201 0
2458201.5 18.9026917085 0 17.407837154 0
2458202.5 18.8324097059 0 17.3253434125 0
2458203.5 18.9991654209 0 17.5094204254 0
2458204.5 18.9327829079 0 17.4288707919 0
2458205.5 19.0252622827 0 17.5277624349 0
2458206.5 19.1647270129 0 17.6815893647 0
2458207.5 18.854807354 0 17.3247593464 0
2458208.5 18.9169843869 0 17.3848278627 0
2458209.5 18.9186895213 0 17.3901567794 0
2458210.5 18.7367993822 0 17.1919018032 0
2458211.5 18.7092817853 0 17.1683255759 0
2458212.5 18.8899567496 0 17.3655374047 0
2458213.5 19.6616435271 0 18.2403794802 0
2458214.5 19.4722233533 0 18.0337340294 0
2458215.5 19.6797331692 0 18.2567092996 0
2458216.5 19.7129673143 0 18.2889872466 0
2458217.5 19.7119567362 0 18.2883149181 0
2458218.5 19.3245751013 0 17.8573641543 0
2458219.5 19.2953465625 0 17.8277849384 0
2458220.5 19.386287425 0 17.9283932701 0
2458221.5 19.3794382705 0 17.9140976789 0
2458222.5 18.9845977467 0 17.4732062255 0
2458223.5 18.9896110363 0 17.4721802774 0
2458224.5 18.9787246805 0 17.465102407 0
2458225.5 18.8329784414 0 17.3045986469 0
2458226.5 19.1995064975 0 17.7312692507 0
2458227.5 19.2059138343 0 17.7426621665 0
2458228.5 19.2734239728 0 17.8244199339 0
2458229.5 19.2054791978 0 17.7411417085 0
2458230.5 18.630760717 0 17.0786472811 0
2458231.5 18.6163295337 0 17.0581661507 0
2458232.5 18.6062620714 0 17.0589470062 0
2458233.5 18.7130752752 0 17.1706823398 0
2458234.5 18.7781840679 0 17.2360218862 0
2458235.5 18.8642208853 0 17.3342476299 0
2458236.5 20.0224246104 0 18.6451250422 0
2458237.5 20.0562838463 0 18.6910308169 0
2458238.5 20.0975549246 0 18.7342367695 0
2458239.5 20.1804559494 0 18.8294072053 0
2458240.5 20.0959779485 0 18.7422281128 0
2458241.5 19.9729594435 0 18.6139991156 0
2458242.5 19.9579523441 0 18.5923705004 0
2458243.5 19.898538648 0 18.5349063739 0
2458244.5 19.9501903322 0 18.5865804417 0
2458245.5 20.0019720754 0 18.6350813514 0
2458246.5 19.8429257354 0 18.4661993461 0
2458247.5 19.9186192947 0 18.5406627392 0
2458248.5 19.8696027033 0 18.4800330283 0
2458249.5 19.931075606 0 18.5406624561 0
2458250.5 19.1697278073 0 17.687902475 0
2458251.5 19.0978337177 0 17.6023306612 0
2458252.5 19.2675410758 0 17.7833832381 0
2458253.5 19.2259889824 0 17.7252487662 0
2458254.5 19.1144767139 0 17.597903127 0
2458255.5 19.1610027547 0 17.6446895494 0
2458256.5 19.3372163314 0 17.8496337116 0
2458257.5 19.1874476225 0 17.6868639439 0
2458258.5 19.1974566857 0 17.696644029 0
2458259.5 18.9585539073 0 17.4606326837 0
2458260.5 19.6807902412 0 18.2747890251 0
2458261.5 19.8106865327 0 18.4137277274 0
2458262.5 19.9726153134 0 18.5833801759 0
2458263.5 20.0928645573 0 18.7191486686 0
2458264.5 20.1784823537 0 18.8040477328 0
2458265.5 20.2793710732 0 18.905779332 0
2458266.5 19.3254788897 0 17.8466484059 0
2458267.5 19.2940157715 0 17.8229180532 0
2458268.5 19.2521887995 0 17.7685072718 0
2458269.5 19.1998789926 0 17.7151484333 0
2458270.5 19.0635250198 0 17.5627205786 0
2458271.5 19.0858196335 0 17.5904770903 0
2458272.5 18.9071014373 0 17.3763317933 0
2458273.5 18.8396170269 0 17.3075828477 0
2458274.5 18.7717901646 0 17.2423380198 0
2458275.5 18.7741137383 0 17.2520833986 0
2458276.5 18.7660666591 0 17.2515469329 0
2458277.5 18.8785823871 0 17.3803949975 0
2458278.5 18.618243395 0 17.0579840319 0
2458279.5 18.4985962958 0 16.9283954426 0
2458280.5 18.6127263979 0 17.0583251683 0
2458281.5 18.6379739368 0 17.0888866085 0
2458282.5 20.0742862648 0 18.7046002215 0
2458283.5 20.1672622961 0 18.8057071698 0
2458284.5 20.2526919974 0 18.9038537804 0
2458285.5 20.0944964731 0 18.7302072495 0
2458286.5 20.1611867443 0 18.8068310317 0
2458287.5 20.1824987735 0 18.82730961 0
2458288.5 19.7848277542 0 18.3868661753 0
2458289.5 19.8342103499 0 18.4390002847 0
2458290.5 19.8403976806 0 18.445443842 0
2458291.5 19.9751517285 0 18.5952850402 0
2458292.5 19.046441496 0 17.5667372682 0
2458293.5 19.1043722021 0 17.6363923045 0
2458294.5 19.2545528718 0 17.8002816765 0
2458295.5 19.2615941786 0 17.8179617072 0
2458296.5 19.2082671296 0 17.7508202004 0
2458297.5 19.2267205475 0 17.7712873768 0
2458298.5 19.1154521664 0 17.654086392 0
2458299.5 19.0115328549 0 17.5394529194 0
2458300.5 19.0240975882 0 17.5554271278 0
2458301.5 19.0320488496 0 17.5582862527 0
2458302.5 19.2408340091 0 17.8030507237 0
2458303.5 19.3010282497 0 17.8620896881 0
2458304.5 19.2730370488 0 17.8265369461 0
2458305.5 19.391172182 0 17.9590608039 0
2458306.5 18.8592698118 0 17.3647865587 0
2458307.5 18.8770409328 0 17.3797475164 0
2458308.5 18.8137309022 0 17.3158168267 0
2458309.5 18.8176523786 0 17.3265818951 0
2458310.5 18.9828217246 0 17.5086117042 0
2458311.5 18.9426300168 0 17.4695114288 0
2458312.5 19.4875192267 0 18.0819659508 0
2458313.5 19.609586082 0 18.2090226363 0
2458314.5 19.481914793 0 18.0714201014 0
2458315.5 19.4808346567 0 18.0627310449 0
2458316.5 19.6428801897 0 18.2380689573 0
2458317.5 19.2047612793 0 17.7468752569 0
2458318.5 19.2776518637 0 17.8191596687 0
2458319.5 19.2743340102 0 17.8200948746 0
2458320.5 19.3428392413 0 17.8991725859 0
2458321.5 19.3515188715 0 17.9020610749 0
2458322.5 19.293708113 0 17.8355569223 0
2458323.5 19.4348484175 0 17.9964046242 0
2458324.5 19.4367287345 0 17.9918185761 0
2458325.5 19.5351245144 0 18.1068115844 0
2458326.5 19.5743281051 0 18.1581719543 0
2458327.5 19.4858795529 0 18.0699130695 0
2458328.5 19.3736017605 0 17.9172533958 0
2458329.5 19.409445614 0 17.9625083993 0
2458330.5 19.4402462722 0 18.0076422031 0
2458331.5 19.4741956728 0 18.0366375014 0
2458332.5 19.495740616 0 18.0670147152 0
2458333.5 19.6453937525 0 18.2274869197 0
2458334.5 19.1516482078 0 17.6849657005 0
2458335.5 19.1395126763 0 17.6604275298 0
2458336.5 19.1616827738 0 17.6856332894 0
2458337.5 19.1852558549 0 17.702061356 0
2458338.5 19.0719238469 0 17.5846710219 0
2458339.5 19.0177060975 0 17.5235975921 0
2458340.5 19.0715341218 0 17.5735140929 0
2458341.5 19.2508227044 0 17.7663186891 0
2458342.5 19.2803255525 0 17.8094946705 0
2458343.5 19.3881534046 0 17.9290375184 0
2458344.5 19.5855949395 0 18.1607956025 0
2458345.5 19.5885781012 0 18.1669584719 0
2458346.5 19.5322082613 0 18.1023781458 0
2458347.5 19.7132949335 0 18.2982338635 0
2458348.5 19.7467624467 0 18.3316095421 0
2458349.5 19.7542068082 0 18.3421900119 0
2458350.5 20.0364332534 0 18.6593979707 0
2458351.5 19.9279112748 0 18.5417746026 0
2458352.5 19.9535774359 0 18.5773978453 0
2458353.5 20.0310034666 0 18.6626162129 0
2458354.5 20.1987685486 0 18.8466942196 0
2458355.5 20.2696641112 0 18.927684161 0
2458356.5 18.7284070792 0 17.2106334936 0
2458357.5 18.6968160416 0 17.1799377095 0
2458358.5 18.821938731 0 17.3206391595 0
2458359.5 18.7410993278 0 17.2252524914 0
2458360.5 19.0335131709 0 17.5064768045 0
2458361.5 19.0552811692 0 17.5297061828 0
2458362.5 19.5635306556 0 18.1127266382 0
2458363.5 19.4043959571 0 17.9422610277 0
2458364.5 19.3036532842 0 17.8399840862 0
2458365.5 19.4428688514 0 17.9922492124 0
2458366.5 18.9621520415 0 17.4391892084 0
2458367.5 19.0750110302 0 17.5570609069 0
2458368.5 19.0942896705 0 17.5696208155 0
2458369.5 19.1632128687 0 17.6415061112 0
2458370.5 19.5140187492 0 18.0385232696 0
2458371.5 19.468813175 0 17.9839178078 0
2458372.5 19.453938286 0 17.9695450235 0
2458373.5 19.3672283001 0 17.8688282271 0
2458374.5 19.2550447826 0 17.7535374993 0
2458375.5 19.2143436412 0 17.7019411737 0
2458376.5 20.3287910976 0 18.9475026299 0
2458377.5 20.5392612957 0 19.1741187982 0
2458378.5 20.3725198427 0 18.9994099079 0
2458379.5 20.3639948453 0 18.9797237352 0
2458380.5 20.1927924742 0 18.7969801715 0
2458381.5 20.1876574939 0 18.7811851117 0
2458382.5 20.1240766659 0 18.7079422761 0
2458383.5 20.0836249692 0 18.6513063815 0
2458384.5 19.9801208692 0 18.5305085474 0
2458385.5 19.8830609281 0 18.4195084068 0
2458386.5 20.0087777347 0 18.5495848389 0
2458387.5 19.9887741781 0 18.5167538119 0
2458388.5 20.7761267561 0 19.3979862344 0
2458389.5 20.7506926523 0 19.3596969911 0
2458390.5 20.6998877931 0 19.310706047 0
2458391.5 20.6106169095 0 19.2213242202 0
2458392.5 20.657640384 0 19.2626446349 0
2458393.5 20.7346029686 0 19.33822573 0
2458394.5 20.8126045488 0 19.4316930406 0
2458395.5 20.7964527504 0 19.4121539581 0
2458396.5 20.6947863899 0 19.3075146989 0
2458397.5 20.6559411457 0 19.2515875495 0
2458398.5 20.1153330532 0 18.6412397795 0
2458399.5 20.1598912376 0 18.6975914622 0
2458400.5 19.9305784702 0 18.4526702456 0
2458401.5 19.8818371757 0 18.396542306 0
2458402.5 19.6897261781 0 18.1900458028 0
2458403.5 19.6331562965 0 18.1277269755 0
2458404.5 20.6295194629 0 19.2418526792 0
2458405.5 20.6700988609 0 19.2910250406 0
2458406.5 20.8123677397 0 19.4481396219 0
2458407.5 20.5585499264 0 19.1781307995 0
2458408.5 20.6698686405 0 19.3047143486 0
2458409.5 20.7633339137 0 19.4073866988 0
2458410.5 19.3495006291 0 17.8346789419 0
2458411.5 19.4390001723 0 17.9370865052 0
2458412.5 19.5457825372 0 18.0544355053 0
2458413.5 19.4377406227 0 17.9367973274 0
2458414.5 19.3427035137 0 17.8192240594 0
2458415.5 19.3013174518 0 17.7613495695 0
2458416.5 19.2312369071 0 17.679893273 0
2458417.5 19.2818514529 0 17.7343390104 0
2458418.5 19.2426285242 0 17.703820363 0
2458419.5 19.2842951165 0 17.7339536201 0
2458420.5 19.7545462467 0 18.2705240529 0
2458421.5 19.8608500095 0 18.3870512312 0
2458422.5 19.8961314391 0 18.4328613359 0
2458423.5 19.9071531692 0 18.450599939 0
2458424.5 19.9384585173 0 18.4868602441 0
2458425.5 19.729286968 0 18.2350802166 0
2458426.5 19.709812895 0 18.2066810221 0
2458427.5 19.7498537517 0 18.2388007057 0
2458428.5 19.909544009 0 18.4148111541 0
2458429.5 20.0772897495 0 18.5969238508 0
2458430.5 20.7425892822 0 19.3531189377 0
2458431.5 20.7779743887 0 19.401575471 0
2458432.5 20.7329287061 0 19.3606744919 0
2458433.5 20.7078127517 0 19.3347725326 0
2458434.5 20.7395584799 0 19.3667598089 0
2458435.5 20.692197508 0 19.3221479283 0
2458436.5 20.6697223632 0 19.3068797323 0
2458437.5 20.5943998186 0 19.2188050021 0
2458438.5 20.6817824227 0 19.3213881146 0
2458439.5 19.4139010516 0 17.8974535074 0
2458440.5 19.5003372304 0 17.9939904096 0
2458441.5 19.4582758904 0 17.943324736 0
2458442.5 19.405815862 0 17.8969360137 0
2458443.5 19.4345381426 0 17.9292503107 0
2458444.5 19.5177551836 0 18.0113571966 0
2458445.5 19.4466633122 0 17.942100974 0
2458446.5 19.3832305018 0 17.8616658813 0
2458447.5 19.3628247155 0 17.8498244527 0
2458448.5 19.3220984981 0 17.804708907 0
2458449.5 19.7707851336 0 18.3091959929 0
2458450.5 19.7301427466 0 18.2649657071 0
2458451.5 19.6635954812 0 18.1909506164 0
2458452.5 19.7058185401 0 18.2256166165 0
2458453.5 19.5145705843 0 17.9998113238 0
2458454.5 19.5545511756 0 18.0453820576 0
2458455.5 19.4171002692 0 17.8987644678 0
2458456.5 19.4046243222 0 17.8972110092 0
2458457.5 20.2437742474 0 18.8390779738 0
2458458.5 20.1668560564 0 18.7607566143 0
2458459.5 20.1867446584 0 18.7882882606 0
2458460.5 20.0983050469 0 18.6841763651 0
2458461.5 20.2212912491 0 18.8236279652 0
2458462.5 19.9832595532 0 18.5121035614 0
2458463.5 20.1700849672 0 18.7150559597 0
2458464.5 20.1806722536 0 18.7375003766 0
2458465.5 20.2092916106 0 18.7643038459 0
2458466.5 20.4073104504 0 18.9847814333 0
2458467.5 20.5857079411 0 19.173645981 0
2458468.5 20.5149666506 0 19.10116351 0
2458469.5 20.652121369 0 19.2414590256 0
2458470.5 20.781819865 0 19.3852853684 0
2458471.5 20.6912465055 0 19.2880831024 0
2458472.5 20.5011182962 0 19.0838837686 0
2458473.5 20.5929552359 0 19.1875128635 0
2458474.5 20.643171465 0 19.2455033308 0
2458475.5 19.8965933042 0 18.404167044 0
2458476.5 20.088415072 0 18.6076928567 0
2458477.5 20.0632542206 0 18.589954889 0
2458478.5 20.1365954494 0 18.6806150358 0
2458479.5 20.1597205404 0 18.7096307322 0
2458480.5 20.0658483844 0 18.6127651265 0
2458481.5 20.1240716755 0 18.6655752541 0
2458482.5 20.1881243997 0 18.7258618245 0
2458483.5 20.2046312586 0 18.739982601 0
2458484.5 20.2253372166 0 18.7505040233 0
2458485.5 20.2605106619 0 18.7742274847 0
2458486.5 20.1169847281 0 18.6227009615 0
2458487.5 20.2179172651 0 18.7356806291 0
2458488.5 20.247384159 0 18.7708895661 0
2458489.5 20.3505415675 0 18.8846461895 0
2458490.5 20.3533089345 0 18.8753906708 0
2458491.5 20.2268348844 0 18.7422172043 0
2458492.5 19.8848854755 0 18.3656051637 0
2458493.5 20.1018836002 0 18.5995971372 0
2458494.5 20.1759897499 0 18.6765803764 0
2458495.5 20.0636291235 0 18.5503824454 0
2458496.5 21.3528734026 0 19.9903075947 0
2458497.5 21.2249089322 0 19.8457507118 0
2458498.5 21.0534735959 0 19.6645883209 0
2458499.5 21.242358 0 19.8648201103 0
2458500.5 21.4371985097 0 20.0734389272 0
2458501.5 21.4891372074 0 20.1242213983 0
2458502.5 20.6515280533 0 19.1766563489 0
2458503.5 20.6653001016 0 19.2008953019 0
2458504.5 20.882366237 0 19.4313515115 0
2458505.5 20.9184984598 0 19.4594354296 0
2458506.5 21.0537606997 0 19.5947477702 0
2458507.5 21.0831917161 0 19.6208637876 0
2458508.5 20.7800469691 0 19.2674304774 0
2458509.5 20.853513068 0 19.3497153478 0
2458510.5 20.7461950926 0 19.2402082736 0
2458511.5 20.7977853117 0 19.280557799 0
2458512.5 20.7148823976 0 19.1876726433 0
2458513.5 20.7924851262 0 19.2789560293 0
2458514.5 20.7241799319 0 19.195931958 0
2458515.5 20.6704797172 0 19.1546584212 0
2458516.5 20.8548789264 0 19.3512834853 0
2458517.5 20.9374745197 0 19.4450040457 0
2458518.5 20.9452135553 0 19.4589247632 0
2458519.5 20.5561291979 0 19.0209718306 0
2458520.5 20.3505360194 0 18.8004166643 0
2458521.5 20.302664121 0 18.7384715231 0
2458522.5 20.384746492 0 18.8167027174 0
2458523.5 20.4386517721 0 18.865546012 0
2458524.5 21.9636234993 0 20.5954537508 0
2458525.5 22.0091767291 0 20.6396185558 0
2458526.5 21.8846543933 0 20.5120124267 0
2458527.5 21.8961281955 0 20.5176420665 0
2458528.5 22.062351729 0 20.700495722 0
2458529.5 21.9963603857 0 20.6346429743 0
2458530.5 22.101371535 0 20.7425163456 0
2458531.5 21.8963965486 0 20.5273391798 0
2458532.5 21.7737181496 0 20.4052302037 0
2458533.5 21.8704179534 0 20.4993983159 0
2458534.5 21.8808915707 0 20.5112231379 0
2458535.5 21.8985963044 0 20.5210244062 0
2458536.5 21.8660444318 0 20.4735838831 0
2458537.5 22.0680374587 0 20.6844852353 0
2458538.5 22.2640449388 0 20.8960527409 0
2458539.5 22.3583208971 0 21.0056860911 0
2458540.5 21.2510774752 0 19.7790581369 0
2458541.5 21.3400082504 0 19.8729934257 0
2458542.5 21.2688673441 0 19.7911476017 0
2458543.5 21.1299528737 0 19.6438902351 0
2458544.5 21.0907017782 0 19.6109745145 0
2458545.5 21.2287218263 0 19.7597402258 0
2458546.5 21.8884222661 0 20.4959390779 0
2458547.5 21.6188418222 0 20.2125633177 0
2458548.5 21.514997834 0 20.1025833774 0
2458549.5 21.6913102625 0 20.2942928796 0
2458550.5 21.9029027303 0 20.5214903052 0
2458551.5 21.9522973747 0 20.5847142105 0
2458552.5 20.5822211412 0 19.0226595841 0
2458553.5 20.6705449513 0 19.1110632908 0
2458554.5 20.827513914 0 19.2758843867 0
2458555.5 20.9110059159 0 19.3481464938 0
2458556.5 21.0149553028 0 19.440878617 0
2458557.5 21.1106567274 0 19.525896695 0
2458558.5 22.20382562 0 20.7868388278 0
2458559.5 21.9566086688 0 20.5286913949 0
2458560.5 22.0503675179 0 20.6304401997 0
2458561.5 21.8032388642 0 20.3945411631 0
2458562.5 21.8193212305 0 20.4128744813 0
2458563.5 21.810718707 0 20.4052414001 0
2458564.5 21.7360697112 0 20.3224997631 0
2458565.5 21.5392526943 0 20.1139311807 0
2458566.5 21.6621448881 0 20.2376946223 0
2458567.5 21.7495926741 0 20.3269603161 0
2458568.5 20.8627209498 0 19.302979432 0
2458569.5 20.8196599532 0 19.2647607366 0
2458570.5 20.6905832269 0 19.1394959652 0
2458571.5 20.6197036395 0 19.0531783134 0
2458572.5 20.5256023838 0 18.9636420413 0
2458573.5 21.3603771805 0 19.9365468858 0
2458574.5 21.5299367055 0 20.1186323795 0
2458575.5 21.5999448597 0 20.2009622951 0
2458576.5 21.602855765 0 20.2129689295 0
2458577.5 21.4719607711 0 20.0787842229 0
2458578.5 20.750273498 0 19.2844928247 0
2458579.5 20.7189164341 0 19.2474380398 0
2458580.5 20.7533839468 0 19.2914122112 0
2458581.5 20.8281623105 0 19.3785252022 0
2458582.5 20.917768289 0 19.4802196479 0
2458583.5 20.7894000539 0 19.3509609576 0
2458584.5 21.2367078045 0 19.8411984388 0
2458585.5 21.413831241 0 20.0243661457 0
2458586.5 21.4699037992 0 20.0880562402 0
2458587.5 21.5835116669 0 20.2170612495 0
2458588.5 21.6049376632 0 20.2395288814 0
2458589.5 19.7129681478 0 18.1842123879 0
2458590.5 19.6243150058 0 18.0874836196 0
2458591.5 19.4658337982 0 17.9197401601 0
2458592.5 19.5183744136 0 17.9800823046 0
2458593.5 19.5619795876 0 18.0184138093 0
2458594.5 19.4765047135 0 17.9160631132 0
2458595.5 19.5747433985 0 18.0127639842 0
2458596.5 19.6028022106 0 18.0440786174 0
2458597.5 19.655069518 0 18.0826767357 0
2458598.5 19.7150113387 0 18.1477127031 0
2458599.5 19.6850077305 0 18.1171771282 0
2458600.5 19.6627953365 0 18.1116977716 0
2458601.5 19.5845132595 0 18.0343910077 0
2458602.5 19.4712268605 0 17.9113919037 0
2458603.5 19.4062336499 0 17.8387607141 0
2458604.5 19.4634810751 0 17.8871384222 0
2458605.5 19.7715546188 0 18.2639161178 0
2458606.5 19.8592303557 0 18.3533503192 0
2458607.5 19.8282619766 0 18.3170450932 0
2458608.5 19.8381532692 0 18.3165509296 0
2458609.5 19.7952264049 0 18.2712616648 0
2458610.5 19.7925646956 0 18.2757240659 0
2458611.5 19.73219479 0 18.2025983688 0
2458612.5 19.7940060938 0 18.2567029783 0
2458613.5 19.7517663248 0 18.2146204663 0
2458614.5 19.8865037883 0 18.3611620705 0
2458615.5 19.9120782931 0 18.4000378875 0
2458616.5 20.2056029553 0 18.747771835 0
2458617.5 20.1278061758 0 18.6716329492 0
2458618.5 20.0640100293 0 18.5986971463 0
2458619.5 20.1346787828 0 18.6812107341 0
2458620.5 20.9144256942 0 19.5462957109 0
2458621.5 20.917551381 0 19.5522413044 0
2458622.5 20.866712512 0 19.4978689688 0
2458623.5 20.7824143013 0 19.3997075372 0
2458624.5 20.6630378176 0 19.277887447 0
2458625.5 20.4290096328 0 19.0274588786 0
2458626.5 19.0925857557 0 17.5516940434 0
2458627.5 19.0467149147 0 17.5010171597 0
2458628.5 19.1323422235 0 17.5996398655 0
2458629.5 19.0847409749 0 17.5363766664 0
2458630.5 19.0971012934 0 17.5318018781 0
2458631.5 19.0386603989 0 17.456244898 0
2458632.5 19.8962488606 0 18.4476623323 0
2458633.5 19.8506873375 0 18.3949784548 0
2458634.5 19.8663655674 0 18.4086909967 0
2458635.5 19.7043671271 0 18.2296944234 0
2458636.5 20.1522711586 0 18.7382402028 0
2458637.5 19.9635842053 0 18.5356583184 0
2458638.5 19.7424570613 0 18.3001435833 0
2458639.5 19.872822479 0 18.4357871345 0
2458640.5 20.519174016 0 19.1595879154 0
2458641.5 20.4137950086 0 19.0472759545 0
2458642.5 20.3940745323 0 19.0293659003 0
2458643.5 20.3019709058 0 18.9254271942 0
2458644.5 20.3540041362 0 18.979141831 0
2458645.5 20.1621924188 0 18.7619608802 0
2458646.5 20.0257606761 0 18.6190839587 0
2458647.5 19.9230282547 0 18.5032868577 0
2458648.5 19.7091739728 0 18.2723679174 0
2458649.5 19.1150628414 0 17.5961820928 0
2458650.5 19.1997387074 0 17.6826349359 0
2458651.5 19.1669724537 0 17.6533782663 0
2458652.5 19.3059311294 0 17.805682531 0
2458653.5 20.3654368555 0 18.9890199591 0
2458654.5 20.5239278182 0 19.1581959187 0
2458655.5 20.4531672794 0 19.0777907518 0
2458656.5 20.4757191736 0 19.1089146709 0
2458657.5 19.5342100017 0 17.9948811526 0
2458658.5 19.4930057086 0 17.956812626 0
2458659.5 19.4139820564 0 17.8820927277 0
2458660.5 19.4942029587 0 17.9772854011 0
2458661.5 19.4829508205 0 17.9489104418 0
2458662.5 19.320909943 0 17.7692182566 0
2458663.5 19.1846459647 0 17.620493485 0
2458664.5 19.049572331 0 17.4747485588 0
2458665.5 19.054705978 0 17.477451596 0
2458666.5 19.1666871728 0 17.5919806215 0
2458667.5 20.3337584092 0 18.9373029492 0
2458668.5 20.1819899859 0 18.7689054249 0
2458669.5 20.0938710179 0 18.6652944843 0
2458670.5 20.0128794162 0 18.5802136868 0
2458671.5 20.5025963878 0 19.1153050717 0
2458672.5 20.4432254386 0 19.0600649982 0
2458673.5 20.2788785419 0 18.8847620198 0
2458674.5 20.2019656276 0 18.8099291152 0
2458675.5 20.1968870115 0 18.811546337 0
2458676.5 20.422069739 0 19.0536491482 0
2458677.5 19.2204146371 0 17.6989608853 0
2458678.5 19.1696722173 0 17.6322560567 0
2458679.5 19.1421626709 0 17.6129412595 0
2458680.5 19.0405131812 0 17.5088603763 0
2458681.5 19.0983295311 0 17.5836198094 0
2458682.5 19.0908581923 0 17.565500623 0
2458683.5 19.1574316303 0 17.6436901587 0
2458684.5 19.2741342484 0 17.775905779 0
2458685.5 19.1075708374 0 17.5983474818 0
2458686.5 18.9947108103 0 17.4759500219 0
2458687.5 19.4831113348 0 18.0325549517 0
2458688.5 19.4185546923 0 17.9545407096 0
2458689.5 19.5174091537 0 18.0655620366 0
2458690.5 19.5405367995 0 18.096565883 0
2458691.5 20.3615027363 0 18.9998324906 0
2458692.5 20.5228394686 0 19.1717020875 0
2458693.5 20.6375821451 0 19.2971681984 0
2458694.5 20.6585611945 0 19.3176213247 0
2458695.5 20.6290395231 0 19.2936186081 0
2458696.5 20.7598203419 0 19.4398560237 0
2458697.5 19.6466923184 0 18.2096085689 0
2458698.5 19.5429102449 0 18.0953269319 0
2458699.5 19.3775302808 0 17.9152810327 0
2458700.5 19.4821229976 0 18.0299384502 0
2458701.5 18.8856517598 0 17.3560258542 0
2458702.5 18.9799401203 0 17.4604777278 0
2458703.5 18.8908214415 0 17.3564167443 0
2458704.5 18.8786028722 0 17.3578778835 0
2458705.5 18.9657793114 0 17.4549462825 0
2458706.5 19.7641454143 0 18.3477457517 0
2458707.5 19.5721346764 0 18.1427453101 0
2458708.5 19.7433010024 0 18.3298437537 0
2458709.5 19.6838158984 0 18.2562427139 0
2458710.5 19.5022425703 0 18.0608066185 0
2458711.5 19.7086939899 0 18.2955473612 0
2458712.5 19.6235517255 0 18.2099626187 0
2458713.5 19.7229013951 0 18.316934722 0
2458714.5 19.7980370745 0 18.4057204416 0
2458715.5 18.8375219626 0 17.317640017 0
2458716.5 18.7142354123 0 17.1854635379 0
2458717.5 18.5554352644 0 17.0095712864 0
2458718.5 18.5118305716 0 16.958590387 0
2458719.5 18.4339180984 0 16.8658894249 0
2458720.5 18.8673951885 0 17.373835997 0
2458721.5 18.8019012724 0 17.2976846668 0
2458722.5 18.9433506134 0 17.4542684096 0
2458723.5 18.9264526902 0 17.4264938803 0
2458724.5 18.9877473042 0 17.488359474 0
2458725.5 18.9075538765 0 17.3960288291 0
2458726.5 18.8589262443 0 17.3436493879 0
2458727.5 18.7878704361 0 17.2602441901 0
2458728.5 18.6850631086 0 17.1499962754 0
2458729.5 18.8340044004 0 17.3123832818 0
2458730.5 18.9157669855 0 17.3938644405 0
2458731.5 19.3410015431 0 17.8798247862 0
2458732.5 19.390956542 0 17.9287454806 0
2458733.5 19.2921383162 0 17.8193795161 0
2458734.5 19.2668102295 0 17.7995735269 0
2458735.5 19.2661660334 0 17.809884869 0
2458736.5 19.1708078295 0 17.7093164939 0
2458737.5 19.8935051125 0 18.5078235998 0
2458738.5 19.8841250374 0 18.5027505558 0
2458739.5 19.8084462165 0 18.4201903357 0
2458740.5 19.6124163889 0 18.2089815411 0
2458741.5 19.6066089538 0 18.2062962029 0
2458742.5 19.9611594898 0 18.6019507366 0
2458743.5 19.8703241288 0 18.5050647559 0
2458744.5 19.8783867322 0 18.5221066051 0
2458745.5 20.1123508463 0 18.7730130504 0
2458746.5 20.042599452 0 18.6883065472 0
2458747.5 20.2192456703 0 18.8766465547 0
2458748.5 19.3579345354 0 17.919856992 0
2458749.5 19.4409142987 0 18.0182914766 0
2458750.5 19.3186868596 0 17.890864763 0
2458751.5 19.523582515 0 18.1109012226 0
2458752.5 18.6886059863 0 17.1625168175 0
2458753.5 18.5503658762 0 17.0082755206 0
2458754.5 18.5737655322 0 17.0306145953 0
2458755.5 18.562849908 0 17.0314795387 0
2458756.5 18.6661284308 0 17.1510594162 0
2458757.5 18.6909700081 0 17.1804512514 0
2458758.5 19.1015625951 0 17.6501460979 0
2458759.5 19.0761055598 0 17.6223960673 0
2458760.5 18.9975935531 0 17.527129392 0
2458761.5 18.8551473509 0 17.3688384575 0
2458762.5 18.7525828092 0 17.2523746351 0
2458763.5 18.3715682131 0 16.8402751394 0
2458764.5 18.4090330419 0 16.8750484852 0
2458765.5 18.3319022118 0 16.7807262787 0
2458766.5 18.3621546336 0 16.8032674398 0
2458767.5 19.7520116817 0 18.3810680356 0
2458768.5 19.8368454679 0 18.4759190125 0
2458769.5 19.6358298489 0 18.259073857 0
2458770.5 19.4461344961 0 18.0529408278 0
2458771.5 19.1078777572 0 17.674998518 0
2458772.5 19.2735535343 0 17.8546312973 0
2458773.5 19.3480243947 0 17.9378878701 0
2458774.5 19.4379023535 0 18.0416019318 0
2458775.5 19.5633774099 0 18.1748164346 0
2458776.5 19.1742304374 0 17.7498751236 0
2458777.5 19.0715465871 0 17.638195589 0
2458778.5 19.2576655013 0 17.8401217517 0
2458779.5 19.3508678008 0 17.9460503016 0
2458780.5 19.190828355 0 17.7763486471 0
2458781.5 19.2358725693 0 17.8315897075 0
2458782.5 19.355417925 0 17.9587319195 0
2458783.5 19.2647612882 0 17.8559545192 0
2458784.5 19.1558383027 0 17.7363564239 0
2458785.5 19.2131573852 0 17.7939888038 0
2458786.5 18.9202884873 0 17.474712493 0
2458787.5 18.9102040321 0 17.4626302433 0
2458788.5 19.0417993899 0 17.6064210736 0
2458789.5 18.8785421912 0 17.4262057542 0
2458790.5 18.4428820623 0 16.934216995 0
2458791.5 18.3886356952 0 16.8836772291 0
2458792.5 18.3970700441 0 16.8857539074 0
2458793.5 18.2837038113 0 16.7657888644 0
2458794.5 18.4440382466 0 16.9394581406 0
2458795.5 18.1626491682 0 16.6026870859 0
2458796.5 18.2136724638 0 16.649121758 0
2458797.5 18.1840333817 0 16.6158483638 0
2458798.5 18.215814664 0 16.6480977614 0
2458799.5 18.3926905038 0 16.8495030146 0
2458800.5 18.4127782557 0 16.8853852243 0
2458801.5 18.3257556977 0 16.7813366068 0
2458802.5 18.2254524669 0 16.664037544 0
2458803.5 18.1986946518 0 16.6267600324 0
2458804.5 18.2183494445 0 16.6527268039 0
2458805.5 18.3484957699 0 16.8085559985 0
2458806.5 18.3258976349 0 16.7812817192 0
2458807.5 18.1623052176 0 16.6011919773 0
2458808.5 18.1704587788 0 16.597109329 0
2458809.5 18.2860865295 0 16.7248712897 0
2458810.5 18.3623718027 0 16.8133869176 0
2458811.5 18.6831040598 0 17.1967365892 0
2458812.5 18.6200808228 0 17.1303340423 0
2458813.5 18.5723930219 0 17.0792926624 0
2458814.5 18.6004784287 0 17.1141006189 0
2458815.5 18.7285875006 0 17.2591034243 0
2458816.5 18.6158396853 0 17.1209840123 0
2458817.5 18.5404764541 0 17.0356850606 0
2458818.5 18.3884924524 0 16.8714897485 0
2458819.5 18.3142866451 0 16.7970113539 0
2458820.5 19.5035160316 0 18.1404258872 0
2458821.5 19.4345800664 0 18.0723614502 0
2458822.5 19.5306026164 0 18.170328325 0
2458823.5 19.608867161 0 18.2528364659 0
2458824.5 19.5792344445 0 18.2227343714 0
2458825.5 17.9540645619 0 16.3940989018 0
2458826.5 17.9332951584 0 16.3738914517 0
2458827.5 17.606589941 0 16.0548912281 0
2458828.5 17.68107228 0 16.1443207729 0
2458829.5 17.7037210738 0 16.1701581785 0
2458830.5 18.2565623939 0 16.7995999117 0
2458831.5 18.1766939102 0 16.7078770893 0
2458832.5 18.1161352284 0 16.6379890922 0
2458833.5 18.1203924687 0 16.6327754066 0
2458834.5 18.0476879318 0 16.5522513158 0
2458835.5 18.9888877491 0 17.6055323782 0
2458836.5 19.1147697381 0 17.7370532752 0
2458837.5 19.2700336303 0 17.9015563112 0
2458838.5 19.3998362141 0 18.0417877199 0
2458839.5 19.3094270024 0 17.9367752485 0
2458840.5 18.2020170352 0 16.6916670633 0
2458841.5 18.3443967984 0 16.8478379968 0
2458842.5 18.3739875968 0 16.8754020695 0
2458843.5 18.4926945334 0 17.0021457824 0
2458844.5 18.8464037606 0 17.4011424994 0
2458845.5 18.9174854306 0 17.4757790613 0
2458846.5 19.0396215861 0 17.6051997833 0
2458847.5 19.1047524756 0 17.6816204233 0
2458848.5 19.214379449 0 17.8016143585 0
2458849.5 19.3108458901 0 17.9033330633 0
2458850.5 19.022038775 0 17.5837571367 0
2458851.5 19.1554107842 0 17.7265369512 0
2458852.5 19.1354540373 0 17.7041963818 0
2458853.5 18.993355429 0 17.5461172407 0
2458854.5 19.0597708425 0 17.6130383676 0
2458855.5 19.1354863561 0 17.6790097292 0
2458856.5 19.1342877737 0 17.6833324574 0
2458857.5 19.1146645285 0 17.6660038017 0
2458858.5 19.1361794849 0 17.7004446528 0
2458859.5 19.0968545839 0 17.6536865526 0
2458860.5 18.9708939248 0 17.5175975494 0
2458861.5 18.5907853906 0 17.0772679233 0
2458862.5 18.5589421682 0 17.0484897962 0
2458863.5 18.5571127034 0 17.0368240302 0
2458864.5 18.6408261212 0 17.1326336764 0
2458865.5 18.6080714845 0 17.0845406587 0
2458866.5 18.3750327953 0 16.8152154085 0
2458867.5 18.3381617234 0 16.7670401553 0
2458868.5 18.2868847712 0 16.7000608706 0
2458869.5 18.2550169482 0 16.6527536706 0
2458870.5 18.2450813173 0 16.6501794806 0
2458871.5 19.6026704283 0 18.2087416761 0
2458872.5 19.6370532855 0 18.2385175073 0
2458873.5 19.5464451344 0 18.1453741962 0
2458874.5 19.5927179067 0 18.200393687 0
2458875.5 19.7017175564 0 18.3220653467 0
2458876.5 19.6717924226 0 18.291102126 0
2458877.5 18.4364793681 0 16.8882003733 0
2458878.5 18.3837706185 0 16.826819047 0
2458879.5 18.4263434792 0 16.8844603683 0
2458880.5 18.4722596134 0 16.9335840062 0
2458881.5 18.4846581579 0 16.9351374852 0
2458882.5 18.8410416237 0 17.3385808196 0
2458883.5 18.821083918 0 17.3244397218 0
2458884.5 18.8418286022 0 17.3367950196 0
2458885.5 18.7531249929 0 17.2434304361 0
2458886.5 18.9195962762 0 17.4229564456 0
2458887.5 19.7411449011 0 18.3386463136 0
2458888.5 19.7724091665 0 18.3681245539 0
2458889.5 19.919548451 0 18.5234941536 0
2458890.5 20.1446188426 0 18.7640895649 0
2458891.5 20.3651585437 0 18.9973261909 0
2458892.5 20.2014560029 0 18.8215550637 0
2458893.5 20.4105887741 0 19.0518994183 0
2458894.5 20.3477617925 0 18.9846007297 0
2458895.5 20.5329504369 0 19.1785719459 0
2458896.5 20.5253043222 0 19.1734334833 0
2458897.5 19.6343790485 0 18.1821429791 0
2458898.5 19.7406454474 0 18.2914034307 0
2458899.5 19.7287032925 0 18.276022242 0
2458900.5 19.7083196177 0 18.2524340697 0
2458901.5 19.6328690179 0 18.1783647187 0
2458902.5 19.310165835 0 17.8217095151 0
2458903.5 19.3212678256 0 17.8261306016 0
2458904.5 19.2884991061 0 17.7777565792 0
2458905.5 19.365339208 0 17.8628977581 0
2458906.5 19.41610172 0 17.9135569376 0
2458907.5 20.5189801495 0 19.1573576793 0
2458908.5 20.5919202056 0 19.2369871333 0
2458909.5 20.5898101087 0 19.2421038496 0
2458910.5 20.7771857786 0 19.4385411024 0
2458911.5 20.8218665067 0 19.4885429939 0
2458912.5 20.7948766037 0 19.4597621446 0
2458913.5 19.3945710651 0 17.9011793457 0
2458914.5 19.4870330891 0 18.0042720366 0
2458915.5 19.5832469894 0 18.1165520216 0
2458916.5 19.5810391775 0 18.1239679783 0
2458917.5 19.5211216696 0 18.0587348231 0
2458918.5 19.4018439222 0 17.9249896826 0
2458919.5 19.9767297736 0 18.5624890348 0
2458920.5 20.0574282967 0 18.6454492866 0
2458921.5 20.0995225288 0 18.7002020677 0
2458922.5 19.8870877938 0 18.493742864 0
2458923.5 20.0848858478 0 18.7024560976 0
2458924.5 19.2571126974 0 17.777649312 0
2458925.5 19.3107704992 0 17.8346832274 0
2458926.5 19.4521511843 0 17.9886503446 0
2458927.5 19.3942534435 0 17.9146759119 0
2458928.5 19.4254723446 0 17.9392010928 0
2458929.5 19.0634306175 0 17.5281819944 0
2458930.5 19.1557779311 0 17.6194170876 0
2458931.5 19.0331793261 0 17.4870165334 0
2458932.5 19.1089012913 0 17.5679983258 0
2458933.5 19.0828392192 0 17.5430062597 0
2458934.5 19.1824537037 0 17.6568363338 0
2458935.5 19.0283888986 0 17.4889461226 0
2458936.5 18.9944411468 0 17.4551806688 0
2458937.5 19.1031846458 0 17.5698938208 0
2458938.5 19.3931421884 0 17.9011182327 0
2458939.5 19.3050039619 0 17.8115454298 0
2458940.5 19.2665146032 0 17.7601814063 0
2458941.5 19.4128953232 0 17.9194301613 0
2458942.5 19.4509653441 0 17.9743492941 0
2458943.5 19.581736946 0 18.1204724504 0
2458944.5 19.5713106299 0 18.1041682519 0
2458945.5 19.6313518067 0 18.167386008 0
2458946.5 19.4859627289 0 18.0118034824 0
2458947.5 19.5230309798 0 18.0426389247 0
2458948.5 19.5305709082 0 18.0531188084 0
2458949.5 19.4757735664 0 17.9825573635 0
2458950.5 19.2029552697 0 17.7049221911 0
2458951.5 19.3158916964 0 17.8246541728 0
2458952.5 19.3231055739 0 17.8325529418 0
2458953.5 20.3698391295 0 19.0101410532 0
2458954.5 20.3990474531 0 19.0339670792 0
2458955.5 20.2942940186 0 18.9259826182 0
2458956.5 20.329451506 0 18.960541117 0
2458957.5 20.318343898 0 18.9556628815 0
2458958.5 20.1522912709 0 18.7755483767 0
2458959.5 18.7700379764 0 17.2159211235 0
2458960.5 18.9123015527 0 17.3717182517 0
2458961.5 18.8626353028 0 17.3224760042 0
2458962.5 18.8573286605 0 17.3070727912 0
2458963.5 19.0591973766 0 17.5465474679 0
2458964.5 19.0709271866 0 17.569352624 0
2458965.5 19.0768898323 0 17.5812710505 0
2458966.5 18.9215588222 0 17.4105294166 0
2458967.5 18.9417357807 0 17.4208972426 0
2458968.5 19.4364877015 0 17.9868957515 0
2458969.5 19.4992427271 0 18.0529717239 0
2458970.5 19.5593079802 0 18.1265793856 0
2458971.5 19.5759652526 0 18.1348722742 0
2458972.5 18.8338604778 0 17.2816922277 0
2458973.5 18.9071169123 0 17.3604069177 0
2458974.5 19.0333714192 0 17.4951327134 0
2458975.5 18.9883257154 0 17.4449234966 0
2458976.5 20.1131716342 0 18.7223069228 0
2458977.5 20.1470135245 0 18.7694016446 0
2458978.5 20.2585364866 0 18.8849641694 0
2458979.5 20.2783376889 0 18.9098952829 0
2458980.5 20.2984162646 0 18.9277767698 0
2458981.5 18.8388633217 0 17.2829592204 0
2458982.5 18.6718159987 0 17.0987198789 0
2458983.5 19.0383872096 0 17.4775792139 0
2458984.5 19.0018465535 0 17.4524981493 0
2458985.5 19.0290351038 0 17.4795325757 0
2458986.5 18.946112335 0 17.3888828617 0
2458987.5 20.4045269566 0 19.0409570091 0
2458988.5 20.4438447258 0 19.0811121778 0
2458989.5 20.4072376163 0 19.0404831205 0
2458990.5 20.4446470081 0 19.0728188045 0
2458991.5 20.529646977 0 19.1739995598 0
2458992.5 19.0747572495 0 17.5371215158 0
2458993.5 19.1059774902 0 17.5847841817 0
2458994.5 19.151634788 0 17.6465296671 0
2458995.5 19.1143614474 0 17.6061478277 0
2458996.5 19.2296843247 0 17.7384219496 0
2458997.5 19.1097564883 0 17.6126313188 0
2458998.5 20.2868658726 0 18.9246804836 0
2458999.5 20.1626387876 0 18.7897723924 0
2459000.5 20.3446767716 0 18.9872888127 0
2459001.5 20.201504105 0 18.8357143841 0
2459002.5 18.7056330031 0 17.1529537712 0
2459003.5 18.6853108667 0 17.1392449332 0
2459004.5 18.6467653409 0 17.0959968486 0
2459005.5 18.6462756123 0 17.0782135588 0
2459006.5 18.7808413619 0 17.225182525 0
2459007.5 18.8160559625 0 17.2656029176 0
2459008.5 18.8367328918 0 17.287232212 0
2459009.5 18.7487758801 0 17.1862277087 0
2459010.5 18.72017067 0 17.1545915357 0
2459011.5 18.7212919378 0 17.1646863792 0
2459012.5 18.8428872725 0 17.3021192697 0
2459013.5 19.8235801583 0 18.42134999 0
2459014.5 19.8210018604 0 18.4211328725 0
2459015.5 19.8738446967 0 18.4763589597 0
2459016.5 19.7076757671 0 18.2943457118 0
2459017.5 19.776050504 0 18.3768028394 0
2459018.5 19.2887945767 0 17.7960328451 0
2459019.5 19.0875771439 0 17.5777404415 0
2459020.5 19.0434541719 0 17.5261562171 0
2459021.5 19.160155834 0 17.6543809863 0
2459022.5 19.2074463755 0 17.6946877062 0
2459023.5 19.1544396408 0 17.6383216204 0
2459024.5 19.3436705729 0 17.850858754 0
2459025.5 19.5008492448 0 18.0223750984 0
2459026.5 19.503936038 0 18.0356629462 0
2459027.5 19.5571099975 0 18.0902559968 0
2459028.5 19.6945561811 0 18.2411467375 0
2459029.5 19.6210912302 0 18.1585026502 0
2459030.5 19.2472567348 0 17.7257458919 0
2459031.5 19.2423739902 0 17.7151365202 0
2459032.5 19.4073602794 0 17.8929795418 0
2459033.5 19.2795843751 0 17.7530211823 0
2459034.5 20.159965588 0 18.7580753244 0
2459035.5 20.0213961755 0 18.6039816519 0
2459036.5 19.9826941337 0 18.5573901326 0
2459037.5 19.8892034069 0 18.4643255582 0
2459038.5 19.9612893977 0 18.5433734312 0
2459039.5 20.0847499038 0 18.6779446957 0
2459040.5 19.0768814811 0 17.5303200752 0
2459041.5 19.158945734 0 17.6115257454 0
2459042.5 19.0379238407 0 17.486218641 0
2459043.5 19.1554212581 0 17.6114754532 0
2459044.5 19.1659672475 0 17.6375999127 0
2459045.5 19.0438726499 0 17.500619372 0
2459046.5 19.8773466545 0 18.4593278178 0
2459047.5 19.9778887497 0 18.569316508 0
2459048.5 20.4613883737 0 19.0588053477 0
2459049.5 20.5841076983 0 19.1971067882 0
2459050.5 20.4623021188 0 19.0625058173 0
2459051.5 19.8847663473 0 18.4215793293 0
2459052.5 19.88308725 0 18.4252181946 0
2459053.5 19.8898918697 0 18.4285605256 0
2459054.5 19.7420623049 0 18.2672778972 0
2459055.5 19.7544189448 0 18.2860592075 0
2459056.5 19.8947785556 0 18.4503964342 0
2459057.5 19.8276559584 0 18.3776631162 0
2459058.5 19.9798074993 0 18.5376670889 0
2459059.5 20.1759994535 0 18.7480826504 0
2459060.5 20.2719964189 0 18.8601160968 0
2459061.5 20.4169351794 0 19.0176617244 0
2459062.5 19.5204547968 0 18.0220963608 0
2459063.5 19.5813898516 0 18.076320729 0
2459064.5 19.5224244746 0 18.0099352105 0
2459065.5 19.6036678526 0 18.0932659 0
2459066.5 19.6218596799 0 18.0971611423 0
2459067.5 19.5655772145 0 18.0351589332 0
2459068.5 20.546077902 0 19.1509063938 0
2459069.5 20.5314476503 0 19.1331574543 0
2459070.5 20.5371708704 0 19.1387064134 0
2459071.5 20.5970373225 0 19.2109131523 0
2459072.5 20.4972832757 0 19.0988606053 0
2459073.5 20.3159571922 0 18.9036963396 0
2459074.5 19.7430104755 0 18.2517349544 0
2459075.5 19.8211105102 0 18.3396067323 0
2459076.5 19.9610652115 0 18.4905111437 0
2459077.5 20.0061335701 0 18.53461661 0
2459078.5 20.0801418809 0 18.6001954523 0
2459079.5 20.1979358303 0 18.7203985061 0
2459080.5 20.9541014467 0 19.5725945408 0
2459081.5 21.0315612006 0 19.6660768899 0
2459082.5 21.1182148096 0 19.7536589084 0
2459083.5 21.1477779596 0 19.7963517799 0
2459084.5 21.2795496523 0 19.931000206 0
2459085.5 21.3091776041 0 19.9539436805 0
2459086.5 20.6459369942 0 19.214876141 0
2459087.5 20.7112139908 0 19.2830249143 0
