2457258.5 18.5873539782 0 17.0902949605 0
2457259.5 18.5322574496 0 17.0184559358 0
2457260.5 18.5172183826 0 16.9946221039 0
2457261.5 18.6874190965 0 17.1793605682 0
2457262.5 18.642847773 0 17.1226317417 0
2457263.5 18.7370205571 0 17.2208584289 0
2457264.5 18.6045667731 0 17.0753034891 0
2457265.5 18.5600994376 0 17.0232458212 0
2457266.5 18.6085298097 0 17.0650635764 0
2457267.5 19.4989052838 0 18.0746734219 0
2457268.5 19.4529066041 0 18.0304529639 0
2457269.5 19.3841924859 0 17.9548483533 0
2457270.5 19.4844401982 0 18.0617586603 0
2457271.5 19.4521098874 0 18.0161283436 0
2457272.5 19.5165984694 0 18.0803899251 0
2457273.5 19.4160383108 0 17.9628655351 0
2457274.5 19.4803743766 0 18.0427858689 0
2457275.5 19.4945409884 0 18.0588776037 0
2457276.5 19.3824058315 0 17.9385233067 0
2457277.5 19.4357978547 0 18.0024903119 0
2457278.5 19.6156975359 0 18.2064499893 0
2457279.5 19.6738688514 0 18.2794447009 0
2457280.5 19.7525198504 0 18.3719578998 0
2457281.5 19.7709917418 0 18.3899203105 0
2457282.5 19.9954191844 0 18.6305979929 0
2457283.5 19.4919267271 0 18.0656993196 0
2457284.5 19.5108713681 0 18.0809042602 0
2457285.5 19.4944448846 0 18.0544186794 0
2457286.5 19.4816891147 0 18.0447549773 0
2457287.5 19.2499522866 0 17.7752088691 0
2457288.5 19.2657855516 0 17.8053441803 0
2457289.5 19.2547490628 0 17.7922891996 0
2457290.5 19.2578852766 0 17.7998265071 0
2457291.5 19.2469001843 0 17.7773619162 0
2457292.5 19.3172605893 0 17.8565012367 0
2457293.5 19.797667545 0 18.3919498269 0
2457294.5 19.9772889048 0 18.5860391757 0
2457295.5 20.1656147258 0 18.7868146791 0
2457296.5 20.0524185999 0 18.6697174131 0
2457297.5 19.3233296895 0 17.8684923326 0
2457298.5 19.1050800268 0 17.6330094409 0
2457299.5 19.0170117134 0 17.541981062 0
2457300.5 19.0167825456 0 17.5518679339 0
2457301.5 18.8609174088 0 17.386559534 0
2457302.5 18.8806130598 0 17.3986543521 0
2457303.5 19.9634718692 0 18.6059448094 0
2457304.5 19.8797572355 0 18.5074863244 0
2457305.5 19.7434124345 0 18.3590915115 0
2457306.5 19.8541883702 0 18.4736844126 0
2457307.5 19.792377257 0 18.4116226878 0
2457308.5 18.7346943708 0 17.2119309217 0
2457309.5 18.8857217877 0 17.3786352564 0
2457310.5 18.8093607188 0 17.3002605096 0
2457311.5 18.7027736003 0 17.1891552273 0
2457312.5 18.7166030264 0 17.2037553679 0
2457313.5 18.7780928081 0 17.2630014171 0
2457314.5 19.225310569 0 17.7802972101 0
2457315.5 19.1521443582 0 17.7081604842 0
2457316.5 19.100003153 0 17.6437456838 0
2457317.5 19.0761635144 0 17.6224297316 0
2457318.5 18.8693437068 0 17.389603486 0
2457319.5 18.9958577359 0 17.5263490915 0
2457320.5 19.0737441075 0 17.6189384657 0
2457321.5 19.0227646317 0 17.5724046798 0
2457322.5 19.0067058668 0 17.5638118449 0
2457323.5 19.1009500288 0 17.6660884404 0
2457324.5 18.7723697158 0 17.3042096526 0
2457325.5 18.7136116928 0 17.2601989195 0
2457326.5 18.6688137977 0 17.2135108994 0
2457327.5 18.5436658259 0 17.0801596684 0
2457328.5 18.5327978487 0 17.071219189 0
2457329.5 18.7395360277 0 17.2941003989 0
2457330.5 18.0045892629 0 16.4607482926 0
2457331.5 18.0758917827 0 16.5437848912 0
2457332.5 18.0033480126 0 16.4668344337 0
2457333.5 17.9457148582 0 16.4122832127 0
2457334.5 18.0019200944 0 16.4766527511 0
2457335.5 17.9639959091 0 16.4363156635 0
2457336.5 18.9134128962 0 17.5061631607 0
2457337.5 18.8726879527 0 17.4554640834 0
2457338.5 18.8445644907 0 17.4211405464 0
2457339.5 18.7806403911 0 17.3524497114 0
2457340.5 18.734496685 0 17.2997692296 0
2457341.5 19.1485120019 0 17.7608514762 0
2457342.5 19.04642706 0 17.6556298318 0
2457343.5 19.0605525404 0 17.6641809279 0
2457344.5 19.030034461 0 17.623384311 0
2457345.5 19.2219020449 0 17.8297289032 0
2457346.5 18.9655942051 0 17.5384809021 0
2457347.5 19.0293916578 0 17.6148689003 0
2457348.5 18.9077480069 0 17.4762219153 0
2457349.5 18.9006801031 0 17.4595359043 0
2457350.5 18.9803989144 0 17.5447206594 0
2457351.5 18.947308672 0 17.5089078844 0
2457352.5 19.0242487422 0 17.5894079832 0
2457353.5 18.9963181379 0 17.5540204674 0
2457354.5 19.1544326645 0 17.7236690975 0
2457355.5 19.2937862942 0 17.8694176278 0
2457356.5 19.4039042569 0 17.9847743606 0
2457357.5 19.1929648062 0 17.6974106431 0
2457358.5 19.2181400445 0 17.7123047879 0
2457359.5 19.1429932011 0 17.6202530613 0
2457360.5 19.0621048116 0 17.5311294925 0
2457361.5 19.1706813669 0 17.648553409 0
2457362.5 19.0275524211 0 17.4724533453 0
2457363.5 19.0364598207 0 17.4678205044 0
2457364.5 19.1995719476 0 17.6458983544 0
2457365.5 19.2990020042 0 17.7493438791 0
2457366.5 19.3694972495 0 17.8334693528 0
2457367.5 19.3272782094 0 17.7764494832 0
2457368.5 20.0515234825 0 18.6120794098 0
2457369.5 19.9239045062 0 18.4719837015 0
2457370.5 19.9838605673 0 18.5476607739 0
2457371.5 19.9548952451 0 18.5242114608 0
2457372.5 19.3183657564 0 17.784915644 0
2457373.5 19.3487643469 0 17.8282621198 0
2457374.5 19.2548671224 0 17.7337490592 0
2457375.5 19.3527408319 0 17.8473409991 0
2457376.5 20.1882925194 0 18.7787547036 0
2457377.5 20.113351317 0 18.6971508664 0
2457378.5 20.0235874949 0 18.5948084618 0
2457379.5 19.9685459186 0 18.5295258513 0
2457380.5 19.7719232855 0 18.3180426296 0
2457381.5 19.7670299652 0 18.3142006857 0
2457382.5 19.8914046861 0 18.4462831937 0
2457383.5 20.0218498386 0 18.5891315354 0
2457384.5 20.1183535008 0 18.6999436753 0
2457385.5 20.2301398352 0 18.8156167392 0
2457386.5 19.9707662917 0 18.5133121585 0
2457387.5 19.999744882 0 18.5500242639 0
2457388.5 19.8693600884 0 18.4033306743 0
2457389.5 19.7381661218 0 18.2655619726 0
2457390.5 19.7783054472 0 18.3221176669 0
2457391.5 19.931106175 0 18.498145341 0
2457392.5 20.0026424205 0 18.5549985217 0
2457393.5 20.1565245183 0 18.7200146866 0
2457394.5 19.9864673833 0 18.537453934 0
2457395.5 19.8911915273 0 18.4427961613 0
2457396.5 19.9274978461 0 18.4873049177 0
2457397.5 19.6489137446 0 18.1638903745 0
2457398.5 19.8189846083 0 18.3479809214 0
2457399.5 19.8511103872 0 18.3856789314 0
2457400.5 19.8135366491 0 18.3392423599 0
2457401.5 19.840184932 0 18.3681040239 0
2457402.5 20.401129858 0 18.9855544507 0
2457403.5 20.371517755 0 18.9420524904 0
2457404.5 20.536909672 0 19.1193241669 0
2457405.5 20.5303508557 0 19.1093715902 0
2457406.5 20.5864645975 0 19.1621022309 0
2457407.5 20.7186775215 0 19.3090867911 0
2457408.5 20.7279627476 0 19.3122349397 0
2457409.5 20.9305605386 0 19.5251995391 0
2457410.5 20.7863913738 0 19.3705584066 0
2457411.5 20.7544542868 0 19.3244521276 0
2457412.5 20.7590574733 0 19.3294768163 0
2457413.5 21.2654169786 0 19.8910088531 0
2457414.5 21.2043783099 0 19.8174289279 0
2457415.5 20.9989444433 0 19.6000802034 0
2457416.5 20.8911166446 0 19.4752036 0
2457417.5 20.0377638981 0 18.4881300674 0
2457418.5 19.9610107433 0 18.4158519993 0
2457419.5 20.0039613605 0 18.4690285629 0
2457420.5 19.9381774553 0 18.3883137945 0
2457421.5 21.1016326352 0 19.6976188554 0
2457422.5 21.3573661836 0 19.9693815889 0
2457423.5 21.2642353131 0 19.8708590058 0
2457424.5 20.7097987311 0 19.3106882083 0
2457425.5 20.5186247299 0 19.0933231467 0
2457426.5 20.7364881877 0 19.3264931946 0
2457427.5 20.6772273979 0 19.2522286039 0
2457428.5 20.6519343149 0 19.2302922663 0
2457429.5 20.5421806796 0 19.1160229481 0
2457430.5 20.6336649513 0 19.2068882194 0
2457431.5 20.3671746113 0 18.8989065095 0
2457432.5 20.3574966467 0 18.8786929337 0
2457433.5 20.472509254 0 19.0010769965 0
2457434.5 20.3831545368 0 18.8954885035 0
2457435.5 20.3650428927 0 18.882480729 0
2457436.5 20.8156122926 0 19.3953011391 0
2457437.5 20.8371997644 0 19.4281479169 0
2457438.5 20.9575015075 0 19.5506502819 0
2457439.5 21.0773764656 0 19.675830041 0
2457440.5 20.9481720959 0 19.5299566566 0
2457441.5 20.9456264463 0 19.5369650679 0
2457442.5 21.3024095647 0 19.9256287174 0
2457443.5 21.5357953339 0 20.1743751704 0
2457444.5 21.5541924283 0 20.2066625959 0
2457445.5 21.3282534692 0 19.9658701956 0
2457446.5 20.0611621157 0 18.5262363038 0
2457447.5 19.8556094401 0 18.304238858 0
2457448.5 19.8792189294 0 18.3227477908 0
2457449.5 19.9109324321 0 18.3640560971 0
2457450.5 19.798542001 0 18.2437961355 0
2457451.5 20.1327164165 0 18.6284181828 0
2457452.5 20.263882233 0 18.7766512872 0
2457453.5 20.1220574166 0 18.6242832409 0
2457454.5 20.2142901001 0 18.7084507182 0
2457455.5 19.908753132 0 18.3498254025 0
2457456.5 19.8754427521 0 18.3204925199 0
2457457.5 19.9342001346 0 18.3846827861 0
2457458.5 19.8497339508 0 18.30163834 0
2457459.5 20.7726176156 0 19.3525942915 0
2457460.5 20.6434461694 0 19.2130169518 0
2457461.5 20.7340330667 0 19.30732308 0
2457462.5 20.6631955962 0 19.2291381087 0
2457463.5 19.9723485553 0 18.4529744596 0
2457464.5 19.9748493372 0 18.4573043091 0
2457465.5 20.087678223 0 18.5833215731 0
2457466.5 20.1719219864 0 18.6833878592 0
2457467.5 20.7628966981 0 19.3540492075 0
2457468.5 20.8027518902 0 19.4092130822 0
2457469.5 20.716498163 0 19.3236936121 0
2457470.5 20.8058605938 0 19.4120737213 0
2457471.5 20.7234725549 0 19.3290483265 0
2457472.5 20.7399194289 0 19.3442639233 0
2457473.5 19.8462425174 0 18.3217325011 0
2457474.5 19.8603133568 0 18.3437698114 0
2457475.5 19.9243651759 0 18.4056556828 0
2457476.5 19.8479599303 0 18.3160986617 0
2457477.5 20.0090715515 0 18.4889644835 0
2457478.5 19.9550139889 0 18.435830579 0
2457479.5 19.7099425533 0 18.1590705035 0
2457480.5 19.7580585569 0 18.199154717 0
2457481.5 19.82881269 0 18.2763695518 0
2457482.5 20.4360236967 0 18.8891021123 0
2457483.5 20.4931185215 0 18.9668922897 0
2457484.5 20.5677307946 0 19.0349151913 0
2457485.5 20.4598427394 0 18.9248555172 0
2457486.5 20.4153057029 0 18.8880668295 0
2457487.5 20.5792092665 0 19.0869972349 0
2457488.5 20.5802833816 0 19.0977750677 0
2457489.5 20.6059789582 0 19.138077443 0
2457490.5 20.6091844722 0 19.1365181277 0
2457491.5 20.8987949169 0 19.4617919588 0
2457492.5 20.8759593002 0 19.4362092555 0
2457493.5 20.7716344156 0 19.3155170849 0
2457494.5 20.6380041285 0 19.174633449 0
2457495.5 20.6172275434 0 19.1410802391 0
2457496.5 20.6834782018 0 19.2224817688 0
2457497.5 20.2151541251 0 18.6711085696 0
2457498.5 20.0807847379 0 18.523407763 0
2457499.5 20.097748317 0 18.5330567623 0
2457500.5 20.1601491583 0 18.6111424297 0
2457501.5 20.1602972703 0 18.610629549 0
2457502.5 20.7100045863 0 19.2343224666 0
2457503.5 20.683734764 0 19.1950744304 0
2457504.5 20.8560310356 0 19.3844948591 0
2457505.5 20.8615854915 0 19.4029916897 0
2457506.5 20.7363728729 0 19.2766085426 0
2457507.5 21.6594592485 0 20.2966419431 0
2457508.5 21.5349879513 0 20.1659867229 0
2457509.5 21.5456631262 0 20.1795833488 0
2457510.5 21.7234716745 0 20.3740303798 0
2457511.5 21.6526457103 0 20.293323579 0
2457512.5 21.4230279294 0 20.0550793753 0
2457513.5 20.5365326742 0 19.0543691892 0
2457514.5 20.4297481172 0 18.9417632279 0
2457515.5 20.450427264 0 18.9793110261 0
2457516.5 20.2742247214 0 18.7902668416 0
2457517.5 20.3980006973 0 18.9181787019 0
2457518.5 19.9567309753 0 18.4009237506 0
2457519.5 20.0445706473 0 18.4976088508 0
2457520.5 20.0968925673 0 18.5404221034 0
2457521.5 20.1515715809 0 18.5998099931 0
2457522.5 20.8778938896 0 19.4504952975 0
2457523.5 20.8426464402 0 19.4075653611 0
2457524.5 20.8777423096 0 19.4442742764 0
2457525.5 21.0802128059 0 19.6577271421 0
2457526.5 21.0171463431 0 19.6013354351 0
2457527.5 21.1379928274 0 19.7221841122 0
2457528.5 20.5030100967 0 19.0003667874 0
2457529.5 20.6099382512 0 19.1170773028 0
2457530.5 20.5630151251 0 19.073868096 0
2457531.5 20.482045753 0 18.9900126901 0
2457532.5 20.072986301 0 18.5269467587 0
2457533.5 20.1211536502 0 18.5842643121 0
2457534.5 20.2299754422 0 18.7049084706 0
2457535.5 20.2472562635 0 18.7271106776 0
2457536.5 20.2124545111 0 18.6917943053 0
2457537.5 20.2463777642 0 18.7351193139 0
2457538.5 20.455382976 0 18.9878225272 0
2457539.5 20.5126123428 0 19.0597562281 0
2457540.5 20.2914124198 0 18.8219933945 0
2457541.5 20.216754055 0 18.7408732349 0
2457542.5 20.1610216361 0 18.6875746803 0
2457543.5 20.8844743492 0 19.4643511477 0
2457544.5 21.0717760307 0 19.6627459937 0
2457545.5 21.1234123658 0 19.7132590823 0
2457546.5 21.1482367912 0 19.7460094678 0
2457547.5 21.3193935103 0 19.9318564054 0
2457548.5 21.3697132054 0 19.9873996013 0
2457549.5 21.2493964595 0 19.8626844606 0
2457550.5 21.3987379718 0 20.0243923509 0
2457551.5 21.2902572212 0 19.9026403131 0
2457552.5 21.2057012309 0 19.8099690191 0
2457553.5 20.688712721 0 19.2259660957 0
2457554.5 20.6580809858 0 19.1796526457 0
2457555.5 20.7772646361 0 19.2972920988 0
2457556.5 20.9200661786 0 19.4446049229 0
2457557.5 20.7076275205 0 19.2159466708 0
2457558.5 21.868004513 0 20.4988087488 0
2457559.5 21.7600926198 0 20.3896826817 0
2457560.5 21.6064193489 0 20.2319696997 0
2457561.5 21.7518693269 0 20.3926493426 0
2457562.5 21.868430453 0 20.5138583101 0
2457563.5 21.5611061457 0 20.1669148048 0
2457564.5 21.5061128017 0 20.1131212657 0
2457565.5 21.3393109342 0 19.9376944859 0
2457566.5 21.3682681242 0 19.9705676141 0
2457567.5 21.5706351478 0 20.180802416 0
2457568.5 20.718712671 0 19.2348101239 0
2457569.5 20.7482515213 0 19.260724978 0
2457570.5 20.9916851036 0 19.5200416111 0
2457571.5 20.874204717 0 19.3978265998 0
2457572.5 20.7656555945 0 19.2821854772 0
2457573.5 20.7930344924 0 19.3227639594 0
2457574.5 20.8384761418 0 19.3705079387 0
2457575.5 20.639308038 0 19.1589407302 0
2457576.5 20.6772525192 0 19.1855619541 0
2457577.5 21.1379095251 0 19.6984746977 0
2457578.5 20.9738124594 0 19.5257879541 0
2457579.5 21.4395095395 0 20.0082660439 0
2457580.5 21.4046892317 0 19.9679944331 0
2457581.5 21.3600974776 0 19.9072129757 0
2457582.5 21.3499094652 0 19.893728571 0
2457583.5 21.4597157252 0 20.0077659669 0
2457584.5 21.2404497779 0 19.772137152 0
2457585.5 21.3491365462 0 19.8813036774 0
2457586.5 21.2814801945 0 19.7999127976 0
2457587.5 21.3464296511 0 19.8525217445 0
2457588.5 21.3827045687 0 19.8996091343 0
2457589.5 21.5164147489 0 20.0400883464 0
2457590.5 21.4159945943 0 19.9401906022 0
2457591.5 21.3788668935 0 19.8860207782 0
2457592.5 22.0305758406 0 20.6012362462 0
2457593.5 22.1731735888 0 20.7425645391 0
2457594.5 22.142006149 0 20.6947200947 0
2457595.5 21.9424510217 0 20.4823636613 0
2457596.5 22.152773965 0 20.6977185376 0
2457597.5 22.582236717 0 21.1934265283 0
2457598.5 22.6623102978 0 21.2771809839 0
2457599.5 22.556441547 0 21.1698666537 0
2457600.5 22.5154073715 0 21.1147015049 0
2457601.5 22.3115934479 0 20.9056511823 0
2457602.5 21.4832166181 0 19.961277873 0
2457603.5 21.3456723283 0 19.8217681654 0
2457604.5 21.4960752073 0 19.9793717031 0
2457605.5 21.5790117363 0 20.0509292333 0
2457606.5 21.5393333647 0 19.9966275178 0
2457607.5 21.4730472188 0 19.9157371213 0
2457608.5 21.479335623 0 19.9544120709 0
2457609.5 21.4315825747 0 19.9179123788 0
2457610.5 21.3236683833 0 19.8082824057 0
2457611.5 21.2871866177 0 19.7716408352 0
2457612.5 21.4529136268 0 19.9376862845 0
2457613.5 21.8298474909 0 20.356060314 0
2457614.5 21.6645232949 0 20.1762573985 0
2457615.5 21.499602167 0 20.0108569604 0
2457616.5 21.6896211757 0 20.201477178 0
2457617.5 21.6188316953 0 20.1268206123 0
2457618.5 21.6985807488 0 20.2170729185 0
2457619.5 21.9448132558 0 20.4792932587 0
2457620.5 21.9385663495 0 20.4612771154 0
2457621.5 21.781993793 0 20.2972318242 0
2457622.5 21.8401515572 0 20.3472359009 0
2457623.5 22.5669810247 0 21.1722531424 0
2457624.5 22.3989243763 0 20.9953647826 0
2457625.5 22.3808142189 0 20.9661520258 0
2457626.5 22.6922535675 0 21.2926296246 0
2457627.5 22.6925566291 0 21.2943417862 0
2457628.5 21.7725396981 0 20.2799255084 0
2457629.5 21.6489893672 0 20.161390299 0
2457630.5 21.6828735912 0 20.1884091339 0
2457631.5 21.6503403129 0 20.1688651832 0
2457632.5 21.6690907139 0 20.1710471908 0
2457633.5 21.6412210222 0 20.1376866796 0
2457634.5 21.6706737796 0 20.1771089241 0
2457635.5 21.5784707655 0 20.0895291838 0
2457636.5 21.8064193701 0 20.326862454 0
2457637.5 21.790540283 0 20.3122446424 0
2457638.5 21.6193801328 0 20.1360342465 0
2457639.5 21.7675056831 0 20.2926573399 0
2457640.5 21.9281402227 0 20.4549289096 0
2457641.5 21.8284877989 0 20.3477260472 0
2457642.5 21.6528626368 0 20.1578481555 0
2457643.5 21.5233081284 0 20.0227759173 0
2457644.5 21.2997292139 0 19.7888694321 0
2457645.5 21.2903584177 0 19.7902799736 0
2457646.5 21.2177769402 0 19.7005253782 0
2457647.5 21.3006371577 0 19.7975026493 0
2457648.5 21.383056521 0 19.8940288851 0
2457649.5 21.4334225988 0 19.9379067199 0
2457650.5 21.2145337819 0 19.7071682572 0
2457651.5 21.1870166269 0 19.6875215209 0
2457652.5 21.8758034265 0 20.4494396842 0
2457653.5 21.4129388604 0 19.9873158942 0
2457654.5 21.358578232 0 19.9269140321 0
2457655.5 21.4349929424 0 20.0173503986 0
2457656.5 21.4836146356 0 20.0697283653 0
2457657.5 21.7050061014 0 20.3057130337 0
2457658.5 21.8571186396 0 20.4674109749 0
2457659.5 21.8992703999 0 20.5159673256 0
2457660.5 21.6722824587 0 20.2741136099 0
2457661.5 21.5640329169 0 20.1610796919 0
2457662.5 20.7013796676 0 19.1902493182 0
2457663.5 20.5253997916 0 19.0078851329 0
2457664.5 20.3905558979 0 18.868164759 0
2457665.5 20.4657695423 0 18.9444974996 0
2457666.5 20.3684215991 0 18.8320756433 0
2457667.5 20.3065398125 0 18.7600584674 0
2457668.5 20.8370943671 0 19.3574916646 0
2457669.5 20.8097948541 0 19.3421270084 0
2457670.5 20.8641530746 0 19.385950014 0
2457671.5 20.9657402411 0 19.4925109856 0
2457672.5 20.8443509551 0 19.3652030587 0
2457673.5 20.4286001356 0 18.8820506362 0
2457674.5 20.5316494254 0 18.9928082537 0
2457675.5 20.4735931199 0 18.9212198941 0
2457676.5 20.3655609105 0 18.8097738376 0
2457677.5 20.3906654299 0 18.8468098244 0
2457678.5 20.6758008952 0 19.1838710273 0
2457679.5 20.8033606317 0 19.3208402393 0
2457680.5 20.8245259653 0 19.3460203598 0
2457681.5 20.938743264 0 19.4606860588 0
2457682.5 20.7353766261 0 19.2406791599 0
2457683.5 20.7775634578 0 19.2839643729 0
2457684.5 21.6750620033 0 20.259855285 0
2457685.5 21.6251227742 0 20.2159307464 0
2457686.5 21.5070160072 0 20.0847421562 0
2457687.5 21.4928653635 0 20.0827075113 0
2457688.5 21.4115275555 0 20.0027912125 0
2457689.5 21.2128950904 0 19.7968973452 0
2457690.5 21.08795061 0 19.6558821759 0
2457691.5 20.9440890164 0 19.4995700036 0
2457692.5 20.8691198791 0 19.4119903318 0
2457693.5 21.079466346 0 19.6371356743 0
2457694.5 21.0451520098 0 19.6009662313 0
2457695.5 20.7568823861 0 19.2785095882 0
2457696.5 20.7674801951 0 19.2973330232 0
2457697.5 20.9186968314 0 19.451271835 0
2457698.5 20.9115543079 0 19.437581503 0
2457699.5 20.87512225 0 19.3936066776 0
2457700.5 20.9526553635 0 19.4824006659 0
2457701.5 21.7295711078 0 20.3610405496 0
2457702.5 21.9335041031 0 20.5818609225 0
2457703.5 21.8635192454 0 20.5022630166 0
2457704.5 21.8296495478 0 20.4640247079 0
2457705.5 20.6513173638 0 19.1330734118 0
2457706.5 20.637605975 0 19.1308671818 0
2457707.5 20.5176845672 0 19.0121616715 0
2457708.5 20.5929629217 0 19.0795264664 0
2457709.5 20.5977482551 0 19.0824021883 0
2457710.5 20.6323302809 0 19.1007157223 0
2457711.5 20.634909294 0 19.088593903 0
2457712.5 20.4594917354 0 18.9035468314 0
2457713.5 20.540222123 0 18.9840400584 0
2457714.5 20.5156205718 0 18.9545638364 0
2457715.5 21.8649289966 0 20.4779530942 0
2457716.5 22.0224020957 0 20.644321013 0
2457717.5 22.1062470184 0 20.7224496298 0
2457718.5 22.2083652659 0 20.8262096832 0
2457719.5 22.1174548007 0 20.7299176963 0
2457720.5 22.2701075588 0 20.8876024076 0
2457721.5 22.3298936049 0 20.9649438096 0
2457722.5 22.4932266347 0 21.1329036271 0
2457723.5 22.2284825927 0 20.8540059905 0
2457724.5 21.9327723612 0 20.5432590533 0
2457725.5 21.1995162169 0 19.7229409309 0
2457726.5 21.2183023478 0 19.7501607792 0
2457727.5 21.3931469806 0 19.9336872667 0
2457728.5 21.3189723254 0 19.856253143 0
2457729.5 21.1103735013 0 19.6394271861 0
2457730.5 20.4565897339 0 18.9007586023 0
2457731.5 20.5855033134 0 19.0300251294 0
2457732.5 20.5917829377 0 19.0483898656 0
2457733.5 20.735576914 0 19.195818065 0
2457734.5 20.7583165334 0 19.2083697675 0
2457735.5 20.8156127528 0 19.2629827138 0
2457736.5 22.0356291345 0 20.6448730399 0
2457737.5 21.9397730654 0 20.5414503208 0
2457738.5 22.0055288637 0 20.6124206623 0
2457739.5 22.0652272449 0 20.6865456314 0
2457740.5 20.7928846172 0 19.2326995935 0
2457741.5 20.7767387318 0 19.2125936576 0
2457742.5 20.6922194862 0 19.1129931125 0
2457743.5 20.7896550486 0 19.2153519774 0
2457744.5 21.246429874 0 19.7649915247 0
2457745.5 21.2139248363 0 19.740042817 0
2457746.5 21.1388085368 0 19.661176152 0
2457747.5 21.1117976262 0 19.6236369344 0
2457748.5 21.433497403 0 19.973120428 0
2457749.5 21.6553200143 0 20.2109223421 0
2457750.5 21.5046311204 0 20.0600310513 0
2457751.5 21.4562294278 0 20.0206564999 0
2457752.5 21.5966395858 0 20.1713511278 0
2457753.5 21.2187379355 0 19.749996043 0
2457754.5 21.0693880235 0 19.5847080305 0
2457755.5 21.0043671026 0 19.5176688398 0
2457756.5 21.0405744055 0 19.5562280086 0
2457757.5 21.5509372709 0 20.1261387008 0
2457758.5 21.5878030081 0 20.1784974546 0
2457759.5 21.8422721428 0 20.4481880147 0
2457760.5 21.9420872575 0 20.5487818712 0
2457761.5 22.0455288988 0 20.6475768713 0
2457762.5 20.9960854778 0 19.4537459198 0
2457763.5 20.9509804728 0 19.4102494612 0
2457764.5 20.8045518038 0 19.2560834462 0
2457765.5 20.7212890453 0 19.1652910836 0
2457766.5 20.8070236904 0 19.2461126064 0
2457767.5 21.5651214782 0 20.1221761206 0
2457768.5 21.6278652297 0 20.1886267702 0
2457769.5 21.5958730272 0 20.1470086762 0
2457770.5 21.6257350615 0 20.1631634425 0
2457771.5 21.6203010889 0 20.1721887613 0
2457772.5 21.4460699709 0 19.9720723392 0
2457773.5 21.6508040801 0 20.1865580834 0
2457774.5 21.5666775423 0 20.1084838915 0
2457775.5 21.3253095275 0 19.8519228776 0
2457776.5 21.4286065568 0 19.9822774724 0
2457777.5 21.535608618 0 20.1048547341 0
2457778.5 21.2686710224 0 19.8214015242 0
2457779.5 21.5135324337 0 20.0782393944 0
2457780.5 21.4065214796 0 19.9636503526 0
2457781.5 20.708381978 0 19.176383767 0
2457782.5 20.7948777326 0 19.2570946223 0
2457783.5 20.7565320998 0 19.2064652163 0
2457784.5 20.8044053412 0 19.2622147549 0
2457785.5 20.8996195933 0 19.3631314618 0
2457786.5 21.0228199322 0 19.4944196672 0
2457787.5 21.4857660285 0 20.0407066735 0
2457788.5 21.6178811479 0 20.1782923309 0
2457789.5 21.6043260453 0 20.1761180751 0
2457790.5 21.4419607047 0 20.0011862718 0
2457791.5 21.5298331831 0 20.0929675743 0
2457792.5 21.4730345696 0 20.0418082964 0
2457793.5 21.5614084391 0 20.1450311154 0
2457794.5 21.4529219047 0 20.0384791023 0
2457795.5 20.4711331945 0 18.9168330379 0
2457796.5 20.6620794406 0 19.1236308608 0
2457797.5 20.6812149722 0 19.1475856299 0
2457798.5 20.4634766627 0 18.9146800022 0
2457799.5 20.4140876627 0 18.8669209365 0
2457800.5 20.4163998743 0 18.8880660497 0
2457801.5 20.4120194747 0 18.8931798861 0
2457802.5 20.5255689094 0 19.0200855653 0
2457803.5 20.5253832336 0 19.0251910564 0
2457804.5 20.9319393048 0 19.478664168 0
2457805.5 20.811055441 0 19.350949014 0
2457806.5 20.90487463 0 19.449790609 0
2457807.5 21.0653782253 0 19.626602683 0
2457808.5 21.0635170734 0 19.62019552 0
2457809.5 20.8030013965 0 19.3098840418 0
2457810.5 20.8010775651 0 19.2944408576 0
2457811.5 20.8802138503 0 19.3632021223 0
2457812.5 20.8212713616 0 19.2911476768 0
2457813.5 20.9443177692 0 19.4144485847 0
2457814.5 21.1798555033 0 19.6695942133 0
2457815.5 21.0658582838 0 19.5426921898 0
2457816.5 21.29050631 0 19.7827912099 0
2457817.5 21.253810425 0 19.7300250476 0
2457818.5 21.2744441273 0 19.748612728 0
2457819.5 22.2546389179 0 20.793594059 0
2457820.5 22.1089406221 0 20.6353222479 0
2457821.5 21.945041817 0 20.4683244567 0
2457822.5 21.6980867854 0 20.2058488699 0
2457823.5 21.8683503489 0 20.3834959263 0
2457824.5 21.8717660806 0 20.4038164477 0
2457825.5 21.8350049544 0 20.3607619999 0
2457826.5 21.7995942158 0 20.3083315504 0
2457827.5 22.0179710729 0 20.542933728 0
2457828.5 21.971408337 0 20.4922471622 0
2457829.5 21.5162374785 0 19.9644454848 0
2457830.5 21.3692482863 0 19.8195968386 0
2457831.5 21.37663961 0 19.8156097562 0
2457832.5 21.2504236474 0 19.6958279638 0
2457833.5 21.1457118708 0 19.5951866538 0
2457834.5 20.9765158791 0 19.4147658371 0
2457835.5 22.4829003869 0 21.1189120207 0
2457836.5 22.276190086 0 20.8959070295 0
2457837.5 22.0975718368 0 20.7124065381 0
2457838.5 22.0489562348 0 20.6472256406 0
2457839.5 21.3103420874 0 19.8153779941 0
2457840.5 21.3923477608 0 19.9134368787 0
2457841.5 21.3527356376 0 19.8684526889 0
2457842.5 21.324958512 0 19.8516273562 0
2457843.5 21.3468105752 0 19.8802355219 0
2457844.5 21.3982884035 0 19.9189598259 0
2457845.5 22.189709861 0 20.8075345504 0
2457846.5 22.1536496179 0 20.762138895 0
2457847.5 22.1798172443 0 20.7782649567 0
2457848.5 22.2559839746 0 20.8606107186 0
2457849.5 22.425534433 0 21.0336549454 0
2457850.5 22.5704556774 0 21.1814121663 0
2457851.5 22.1369273827 0 20.6849805329 0
2457852.5 22.2557593937 0 20.8204254843 0
2457853.5 22.1896862017 0 20.7422046456 0
2457854.5 22.324937675 0 20.8787696662 0
2457855.5 22.4508417961 0 21.0153051408 0
2457856.5 22.4446572647 0 21.0043703885 0
2457857.5 22.4250600938 0 20.9737653385 0
2457858.5 22.3437264806 0 20.8896327655 0
2457859.5 22.398225221 0 20.9316212089 0
2457860.5 22.363975883 0 20.896125604 0
2457861.5 22.5482855209 0 21.0905499877 0
2457862.5 22.3572779598 0 20.8970444944 0
2457863.5 22.3121695591 0 20.8571214843 0
2457864.5 22.188335215 0 20.7162169419 0
2457865.5 22.3738553297 0 20.9052879556 0
2457866.5 22.4773218664 0 21.0206557824 0
2457867.5 23.3846945578 0 22.0133603847 0
2457868.5 23.5095445657 0 22.1502621597 0
2457869.5 23.6059111339 0 22.2632388502 0
2457870.5 23.5638091595 0 22.2134450211 0
2457871.5 23.6144826792 0 22.269664859 0
2457872.5 23.4028727036 0 22.0516778948 0
2457873.5 22.3899399411 0 20.9387022803 0
2457874.5 22.6209765555 0 21.185673873 0
2457875.5 22.6648818558 0 21.239351058 0
2457876.5 22.6213401225 0 21.1935252829 0
2457877.5 22.6870749502 0 21.2460066392 0
2457878.5 21.8993896585 0 20.3525573905 0
2457879.5 21.9383708621 0 20.375412451 0
2457880.5 21.9878396006 0 20.4372173993 0
2457881.5 21.9234888172 0 20.3830908762 0
2457882.5 22.0824107734 0 20.5727426344 0
2457883.5 22.1324502384 0 20.6166830687 0
2457884.5 21.9923681227 0 20.4631990012 0
2457885.5 21.8827778088 0 20.3399673061 0
2457886.5 22.0342022249 0 20.5319860958 0
2457887.5 22.0592739755 0 20.5689720066 0
2457888.5 21.9170679002 0 20.4310744575 0
2457889.5 21.9594684267 0 20.4630995327 0
2457890.5 22.057312913 0 20.5768582585 0
2457891.5 22.5802519979 0 21.1739932354 0
2457892.5 22.3555828254 0 20.9356092617 0
2457893.5 22.3367557837 0 20.9273015775 0
2457894.5 22.3973427726 0 20.9763725692 0
2457895.5 22.4469833237 0 21.0241813428 0
2457896.5 21.8406365059 0 20.3196588696 0
2457897.5 21.7596939455 0 20.2238817757 0
2457898.5 21.7750237212 0 20.2474826133 0
2457899.5 21.6754328088 0 20.1351832097 0
2457900.5 21.7594545916 0 20.2554852879 0
2457901.5 21.6573257021 0 20.1386527999 0
2457902.5 21.6671776401 0 20.1549054216 0
2457903.5 21.8586981155 0 20.3535087425 0
2457904.5 22.3419838303 0 20.8854923913 0
2457905.5 22.1653626645 0 20.7064397917 0
2457906.5 22.0516276046 0 20.5943198577 0
2457907.5 22.0717247705 0 20.6085059478 0
2457908.5 22.3626844606 0 20.9545261013 0
2457909.5 22.3338106023 0 20.9311345131 0
2457910.5 22.3077429148 0 20.9044384847 0
2457911.5 22.3519702443 0 20.9481954972 0
2457912.5 22.4436239127 0 21.0448907646 0
2457913.5 21.5639256336 0 20.0548508378 0
2457914.5 21.6301672018 0 20.1197768593 0
2457915.5 21.7043203212 0 20.2081571963 0
2457916.5 21.9141637064 0 20.4297316652 0
2457917.5 21.3626391115 0 19.8143004466 0
2457918.5 22.1343185759 0 20.5688099252 0
2457919.5 22.1781192185 0 20.6074126791 0
2457920.5 22.2850397243 0 20.7036201885 0
2457921.5 22.4784825396 0 20.9007803709 0
2457922.5 23.2300221188 0 21.7723141594 0
2457923.5 23.4261200105 0 21.9668107337 0
2457924.5 23.6192595767 0 22.1592563031 0
2457925.5 23.8508434215 0 22.3926973049 0
2457926.5 23.6003509904 0 22.1326716063 0
2457927.5 23.4754789769 0 22.010433454 0
2457928.5 23.269286036 0 21.7508357742 0
2457929.5 23.1570281371 0 21.6519802754 0
2457930.5 23.2536832226 0 21.7458491232 0
2457931.5 23.2724798211 0 21.7489270797 0
2457932.5 23.4544808562 0 21.9281915184 0
2457933.5 23.241575065 0 21.7138587722 0
2457934.5 23.5599086351 0 22.0474430094 0
2457935.5 23.4973035699 0 21.9984229151 0
2457936.5 23.5226102289 0 22.0139875216 0
2457937.5 24.1488128713 0 22.7385283858 0
2457938.5 24.171673229 0 22.7534269764 0
2457939.5 24.2468795654 0 22.8361992629 0
2457940.5 24.2865653088 0 22.8697403778 0
2457941.5 24.2076373757 0 22.7768943947 0
2457942.5 24.5372393998 0 23.1630068245 0
2457943.5 24.3240937766 0 22.9506243945 0
2457944.5 24.2650454024 0 22.8819500996 0
2457945.5 24.2545386643 0 22.883775114 0
2457946.5 23.9386060228 0 22.5523333731 0
2457947.5 23.7043542777 0 22.3089314235 0
2457948.5 22.7131323529 0 21.200328663 0
2457949.5 22.0266055316 0 20.5303386458 0
2457950.5 21.9644857299 0 20.4853913275 0
2457951.5 21.748232556 0 20.2609018689 0
2457952.5 21.6494843039 0 20.1672477306 0
2457953.5 22.4222386155 0 21.0288898862 0
2457954.5 22.5617699237 0 21.1703882002 0
2457955.5 22.4624666113 0 21.0701194384 0
2457956.5 22.409847731 0 21.0127797133 0
2457957.5 22.3581570086 0 20.9441584403 0
2457958.5 22.8408573031 0 21.4838092277 0
2457959.5 22.7626550583 0 21.4058875303 0
2457960.5 22.7492240845 0 21.4020868481 0
2457961.5 22.8000224356 0 21.4641613273 0
2457962.5 22.1011023183 0 20.6784961417 0
2457963.5 22.1601340261 0 20.7479777399 0
2457964.5 22.1109365763 0 20.7039785198 0
2457965.5 21.9633499289 0 20.544456273 0
2457966.5 22.1163317757 0 20.7129084604 0
2457967.5 21.8790410834 0 20.4601961793 0
2457968.5 21.6833744977 0 20.2556331171 0
2457969.5 21.6064026627 0 20.1629936178 0
2457970.5 21.7046015744 0 20.2736539107 0
2457971.5 21.649751207 0 20.217304866 0
2457972.5 21.6127983933 0 20.1677837415 0
2457973.5 22.1730755644 0 20.7865260163 0
2457974.5 22.2969306642 0 20.912875909 0
2457975.5 22.2420605926 0 20.8440586907 0
2457976.5 22.45514108 0 21.0643319295 0
2457977.5 21.7122982382 0 20.2402705792 0
2457978.5 21.644381629 0 20.1783490143 0
2457979.5 21.7627079478 0 20.3069799431 0
2457980.5 21.5244339567 0 20.0581985021 0
2457981.5 21.4665330451 0 19.9742469275 0
2457982.5 21.5440751972 0 20.045034213 0
2457983.5 21.4537566434 0 19.9388884572 0
2457984.5 21.3711778708 0 19.8505766336 0
2457985.5 21.9908895759 0 20.5744170505 0
2457986.5 21.4293365329 0 20.0211882361 0
2457987.5 21.4083278257 0 19.997115776 0
2457988.5 21.3116280971 0 19.8851940978 0
2457989.5 21.2987020855 0 19.8615513043 0
2457990.5 21.4128546888 0 19.9876153376 0
2457991.5 20.8094090005 0 19.2928235848 0
2457992.5 20.9519741383 0 19.4413996863 0
2457993.5 21.0836897331 0 19.5797105967 0
2457994.5 21.1001263646 0 19.5860946542 0
2457995.5 21.2804101505 0 19.77131624 0
2457996.5 21.2703576816 0 19.7602903332 0
2457997.5 21.1705592327 0 19.6563029733 0
2457998.5 21.2116038115 0 19.7131932193 0
2457999.5 21.3410576787 0 19.8490326868 0
2458000.5 21.4199266676 0 19.9295340046 0
2458001.5 21.4686420042 0 19.9715211754 0
2458002.5 21.3700111189 0 19.8747953143 0
2458003.5 21.2779730193 0 19.7737632101 0
2458004.5 21.3860945681 0 19.8878209354 0
2458005.5 21.6204271295 0 20.1742669373 0
2458006.5 21.4160065961 0 19.9618731277 0
2458007.5 21.3309083424 0 19.8822218855 0
2458008.5 21.2684279401 0 19.8068510232 0
2458009.5 21.2986966992 0 19.8504924304 0
2458010.5 21.1270993333 0 19.6675547126 0
2458011.5 20.9621633932 0 19.4922552063 0
2458012.5 20.9703947196 0 19.5153790604 0
2458013.5 20.7868708759 0 19.3235905368 0
2458014.5 21.6190294289 0 20.2550143195 0
2458015.5 21.5358431348 0 20.1743787402 0
2458016.5 21.4456809566 0 20.078171135 0
2458017.5 21.5208286224 0 20.1494771681 0
2458018.5 21.390725678 0 20.0167103852 0
2458019.5 21.6765200494 0 20.3198503929 0
2458020.5 19.8878189771 0 18.3402054249 0
2458021.5 20.0255855809 0 18.4876276221 0
2458022.5 20.0590190064 0 18.5372213463 0
2458023.5 19.8742323863 0 18.340950015 0
2458024.5 19.8738514632 0 18.3530525259 0
2458025.5 20.8614606564 0 19.458918167 0
2458026.5 20.9140900094 0 19.5173395433 0
2458027.5 21.1325609209 0 19.7511177784 0
2458028.5 21.2746390372 0 19.8975522027 0
2458029.5 21.0950930144 0 19.7031158694 0
2458030.5 21.0311917717 0 19.6282612808 0
2458031.5 21.0657348447 0 19.6695605773 0
2458032.5 21.0695206013 0 19.6718766876 0
2458033.5 20.8517915027 0 19.4368179238 0
2458034.5 20.8472620598 0 19.4220220357 0
2458035.5 19.9281287181 0 18.3712024032 0
2458036.5 19.7948416522 0 18.2305284228 0
2458037.5 19.8541323634 0 18.2850541444 0
2458038.5 19.9429077438 0 18.3854278461 0
2458039.5 20.4540617578 0 18.9909874682 0
2458040.5 20.4585826703 0 18.9888813316 0
2458041.5 20.5604428819 0 19.0947183076 0
2458042.5 20.5047479109 0 19.0429868372 0
2458043.5 20.6191431352 0 19.1739620152 0
2458044.5 20.0946868337 0 18.5807088706 0
2458045.5 20.0765148568 0 18.5732250724 0
2458046.5 20.1811591279 0 18.6882024279 0
2458047.5 20.3310540626 0 18.8431599575 0
2458048.5 20.3892510762 0 18.9171037193 0
2458049.5 20.391665265 0 18.9060230906 0
2458050.5 20.7357761697 0 19.3032142898 0
2458051.5 20.6715178867 0 19.2429193388 0
2458052.5 20.642619125 0 19.2046005307 0
2458053.5 20.6351618418 0 19.2098989641 0
2458054.5 20.0085881753 0 18.4862643977 0
2458055.5 20.2037426861 0 18.6934604233 0
2458056.5 20.15134864 0 18.6244266706 0
2458057.5 20.289331838 0 18.7753634956 0
2458058.5 20.3029382016 0 18.7754281653 0
2458059.5 20.2801171753 0 18.7583891039 0
2458060.5 20.7723634945 0 19.3256836586 0
2458061.5 20.9605834481 0 19.5255543734 0
2458062.5 21.0685156233 0 19.6388766264 0
2458063.5 21.091415656 0 19.6641069273 0
2458064.5 21.2005320336 0 19.774852427 0
2458065.5 21.1915551491 0 19.774585975 0
2458066.5 21.1324453744 0 19.7056645354 0
2458067.5 21.1788450125 0 19.7619257625 0
2458068.5 21.1961836221 0 19.7838147877 0
2458069.5 21.0767548805 0 19.6635373414 0
2458070.5 21.0881845626 0 19.6691145982 0
2458071.5 21.1543416032 0 19.7474471135 0
2458072.5 21.3729651507 0 19.9822539732 0
2458073.5 21.1947541108 0 19.7909532429 0
2458074.5 21.0240433125 0 19.6084635921 0
2458075.5 21.2294789394 0 19.8243889231 0
2458076.5 20.1887435498 0 18.6611729292 0
2458077.5 20.3101385299 0 18.7884394282 0
2458078.5 20.4687871708 0 18.9553160437 0
2458079.5 20.4626399008 0 18.94831961 0
2458080.5 20.4914680094 0 18.9944974824 0
2458081.5 20.0484320737 0 18.5397313504 0
2458082.5 19.9555193161 0 18.4319815709 0
2458083.5 20.0426710445 0 18.5207502938 0
2458084.5 20.1555104206 0 18.6473874179 0
2458085.5 20.7912463548 0 19.3793450901 0
2458086.5 20.7432097636 0 19.3233943133 0
2458087.5 20.74833912 0 19.3302944597 0
2458088.5 20.7146311604 0 19.2968823719 0
2458089.5 19.8274688468 0 18.2983387259 0
2458090.5 19.904542835 0 18.3830925664 0
2458091.5 19.9076686105 0 18.369248983 0
2458092.5 19.889568179 0 18.344561283 0
2458093.5 19.8279552187 0 18.2798002326 0
2458094.5 19.7652014062 0 18.2175693182 0
2458095.5 21.3106974853 0 19.9502587797 0
2458096.5 21.4619091236 0 20.1120334904 0
2458097.5 21.4076936151 0 20.0639802014 0
2458098.5 21.2644541461 0 19.9076137647 0
2458099.5 21.1453965903 0 19.7784240719 0
2458100.5 21.048228854 0 19.6675339292 0
2458101.5 21.1170173332 0 19.7324951663 0
2458102.5 21.3186734601 0 19.950897832 0
2458103.5 21.3209277701 0 19.9532705931 0
2458104.5 21.4212717517 0 20.0699570455 0
2458105.5 21.3169269086 0 19.9547702656 0
2458106.5 21.3430885067 0 19.9885281298 0
2458107.5 21.297986293 0 19.9458919757 0
2458108.5 21.4172787371 0 20.0699538031 0
2458109.5 20.199972942 0 18.7308098816 0
2458110.5 20.2941957825 0 18.8336268297 0
2458111.5 20.5049940512 0 19.0575754149 0
2458112.5 20.4408992857 0 18.993785546 0
2458113.5 20.5174892177 0 19.0808727997 0
2458114.5 20.6140158143 0 19.1795394277 0
2458115.5 20.8472933356 0 19.3887480796 0
2458116.5 20.7853309475 0 19.3333737572 0
2458117.5 20.8282074753 0 19.3838981994 0
2458118.5 20.8731212483 0 19.431259555 0
2458119.5 20.8793700983 0 19.4235967188 0
2458120.5 20.9354142005 0 19.4780510584 0
2458121.5 21.0038239721 0 19.539350599 0
2458122.5 21.0392839114 0 19.5834400538 0
2458123.5 21.1859097951 0 19.7436070395 0
2458124.5 21.2643800372 0 19.8338208504 0
2458125.5 20.6997078386 0 19.1971669107 0
2458126.5 20.7598251511 0 19.2451413965 0
2458127.5 20.5664298981 0 19.0398430711 0
2458128.5 20.4641192666 0 18.9204885237 0
2458129.5 20.3321542178 0 18.7750015573 0
2458130.5 20.2448116946 0 18.680878211 0
2458131.5 20.7944671259 0 19.3032177187 0
2458132.5 20.752317266 0 19.2702004846 0
2458133.5 20.7414770484 0 19.2583567652 0
2458134.5 20.5841486054 0 19.0948319791 0
2458135.5 20.5519194046 0 19.0656484899 0
2458136.5 20.4900049802 0 18.9916829876 0
2458137.5 20.7807052818 0 19.3382717682 0
2458138.5 20.5945490572 0 19.1443613869 0
2458139.5 20.6282694655 0 19.1718099341 0
2458140.5 20.7507622381 0 19.3066813456 0
2458141.5 21.0771817245 0 19.6592087073 0
2458142.5 21.0443235757 0 19.6268998579 0
2458143.5 21.1454355666 0 19.7296220888 0
2458144.5 21.2188400203 0 19.8029773975 0
2458145.5 21.2230167047 0 19.8105798329 0
2458146.5 21.4737524321 0 20.0744210211 0
2458147.5 21.0084270019 0 19.4981780497 0
2458148.5 21.1835674112 0 19.6781733011 0
2458149.5 21.2645745405 0 19.7761132254 0
2458150.5 21.0279279616 0 19.522884744 0
2458151.5 20.8345051378 0 19.3210325161 0
2458152.5 22.067247125 0 20.709714396 0
2458153.5 21.9821229976 0 20.6221925207 0
2458154.5 21.9467213608 0 20.5763973444 0
2458155.5 21.7691654036 0 20.387155327 0
2458156.5 21.9842956924 0 20.6189390206 0
2458157.5 21.4434979085 0 20.0305230709 0
2458158.5 21.5428910562 0 20.1370704641 0
2458159.5 21.4789078 0 20.0728033063 0
2458160.5 21.4706519883 0 20.0676087388 0
2458161.5 21.3423974344 0 19.9262818364 0
2458162.5 21.3455425974 0 19.94181225 0
2458163.5 21.1248371862 0 19.6866628759 0
2458164.5 21.2281085746 0 19.7880071946 0
2458165.5 21.3069052013 0 19.8598122749 0
2458166.5 21.1974010715 0 19.7532591939 0
2458167.5 21.1226527166 0 19.666833124 0
2458168.5 21.4292656596 0 20.0040584575 0
2458169.5 21.5743442881 0 20.1629403796 0
2458170.5 21.6150839863 0 20.2172494275 0
2458171.5 21.5437664402 0 20.1441216686 0
2458172.5 21.4411935324 0 20.0436418488 0
2458173.5 21.3687123241 0 19.9640966893 0
2458174.5 20.5488023897 0 19.0420343492 0
2458175.5 20.4470706932 0 18.9235337847 0
2458176.5 20.2364843918 0 18.6957122436 0
2458177.5 20.3334076541 0 18.8084030621 0
2458178.5 20.2655958722 0 18.7281499632 0
2458179.5 20.9728212228 0 19.5337067472 0
2458180.5 21.1050464534 0 19.6814345326 0
2458181.5 21.0312260144 0 19.6069853736 0
2458182.5 20.8155115012 0 19.3761004162 0
2458183.5 21.152757947 0 19.719106777 0
2458184.5 21.0042846848 0 19.5647043197 0
2458185.5 21.3038911292 0 19.9108124118 0
2458186.5 21.4756861032 0 20.0944575049 0
2458187.5 21.7148766678 0 20.3474299592 0
2458188.5 21.7493191002 0 20.3818102683 0
2458189.5 21.8052822008 0 20.4522455425 0
2458190.5 21.7433405634 0 20.3753253105 0
2458191.5 20.6895305684 0 19.1827007068 0
2458192.5 20.7061370288 0 19.1955012983 0
2458193.5 20.8136634787 0 19.3054476894 0
2458194.5 21.0281487705 0 19.5308408098 0
2458195.5 20.8973910779 0 19.3990824849 0
2458196.5 20.7686872815 0 19.271924299 0
2458197.5 20.5175743837 0 18.9788047915 0
2458198.5 20.4115438454 0 18.8623131334 0
2458199.5 20.5034681551 0 18.9598219369 0
2458200.5 20.5601558362 0 19.0100049375 0
2458201.5 21.9765556641 0 20.6189413246 0
2458202.5 21.9072747352 0 20.5392675402 0
2458203.5 22.1489569623 0 20.794002982 0
2458204.5 22.1529963612 0 20.8037616412 0
2458205.5 22.0523448196 0 20.7014865601 0
2458206.5 21.8519264373 0 20.4866275039 0
2458207.5 20.9904351776 0 19.5184663878 0
2458208.5 21.0354692268 0 19.5537489998 0
2458209.5 21.0035497725 0 19.5062100539 0
2458210.5 20.9739120322 0 19.4771880538 0
2458211.5 20.8280333451 0 19.3148843545 0
2458212.5 20.9520291946 0 19.4545885128 0
2458213.5 20.943239711 0 19.4355570283 0
2458214.5 20.9178423713 0 19.3945524155 0
2458215.5 20.9387997157 0 19.4235692636 0
2458216.5 20.8883224068 0 19.358425089 0
2458217.5 22.0487742211 0 20.6785776807 0
2458218.5 22.1562230725 0 20.8020284867 0
2458219.5 21.7019562933 0 20.3482693841 0
2458220.5 21.895315447 0 20.5562810603 0
2458221.5 21.6083122712 0 20.2494798082 0
2458222.5 21.5411621557 0 20.1773580562 0
2458223.5 21.6418710271 0 20.2946584243 0
2458224.5 21.8723877805 0 20.5366113381 0
2458225.5 21.8191901509 0 20.4808896771 0
2458226.5 20.3033672549 0 18.7764612929 0
2458227.5 20.2083450211 0 18.6664774488 0
2458228.5 20.1284637155 0 18.5753712802 0
2458229.5 20.1417360711 0 18.5919886993 0
2458230.5 20.9064430526 0 19.4571669787 0
2458231.5 20.8107621506 0 19.3559631358 0
2458232.5 20.9894327066 0 19.5427627322 0
2458233.5 20.8534971018 0 19.404145689 0
2458234.5 20.7793389767 0 19.320195112 0
2458235.5 20.7373289229 0 19.2884742992 0
2458236.5 20.0731346004 0 18.520249199 0
2458237.5 20.0887558778 0 18.5261063929 0
2458238.5 20.1473126719 0 18.5737602781 0
2458239.5 20.0394391834 0 18.4625379901 0
2458240.5 20.7118948079 0 19.24620804 0
2458241.5 20.6767688338 0 19.200921307 0
2458242.5 20.5546506464 0 19.0774950044 0
2458243.5 20.4213889551 0 18.9404305842 0
2458244.5 20.4413445868 0 18.9561692312 0
2458245.5 20.8630367928 0 19.4195879441 0
2458246.5 20.7250338389 0 19.272153089 0
2458247.5 20.5814729999 0 19.1167225288 0
2458248.5 20.5687056119 0 19.0909484298 0
2458249.5 21.0659614502 0 19.5877986748 0
2458250.5 20.9769961186 0 19.5047386952 0
2458251.5 21.581254712 0 20.1734375078 0
2458252.5 21.8021301397 0 20.4107293502 0
2458253.5 21.8048019113 0 20.3992668371 0
2458254.5 21.7071821702 0 20.3049973078 0
2458255.5 21.9107415201 0 20.5319279684 0
2458256.5 21.6888848581 0 20.2989692172 0
2458257.5 21.4689208762 0 20.0662815407 0
2458258.5 21.5075290423 0 20.117816531 0
2458259.5 21.6010226077 0 20.2266347371 0
2458260.5 21.8456197586 0 20.4882390063 0
2458261.5 20.322201271 0 18.7823966992 0
2458262.5 20.2952802895 0 18.7675461759 0
2458263.5 20.2371231065 0 18.7130842354 0
2458264.5 20.1003901202 0 18.5732527892 0
2458265.5 20.07018172 0 18.5299151786 0
2458266.5 19.9877119499 0 18.4456536839 0
2458267.5 20.5269850711 0 19.0698452376 0
2458268.5 20.5736505093 0 19.1244841705 0
2458269.5 20.7373813834 0 19.3023887979 0
2458270.5 20.8566269067 0 19.4213712639 0
2458271.5 19.9821343487 0 18.4321644869 0
2458272.5 19.9266694312 0 18.3845045087 0
2458273.5 19.8715301431 0 18.3194968883 0
2458274.5 19.97300816 0 18.4181172529 0
2458275.5 20.1657515695 0 18.6267796026 0
2458276.5 20.0602793896 0 18.5085545396 0
2458277.5 20.6062626285 0 19.1281249248 0
2458278.5 20.4264356395 0 18.9313366621 0
2458279.5 19.9229877983 0 18.439714694 0
2458280.5 20.0293855342 0 18.551941368 0
2458281.5 20.054581931 0 18.5922739983 0
2458282.5 19.7921190214 0 18.2770827172 0
2458283.5 19.8535041465 0 18.3473826663 0
2458284.5 19.8417914178 0 18.3201003045 0
2458285.5 19.9528733865 0 18.4329902982 0
2458286.5 20.3684139772 0 18.921685093 0
2458287.5 20.3078407009 0 18.8622468834 0
2458288.5 20.1683153263 0 18.710388548 0
2458289.5 20.3306102492 0 18.8824950812 0
2458290.5 21.0682838374 0 19.6996967367 0
2458291.5 20.9999230141 0 19.6151405947 0
2458292.5 21.0373788456 0 19.6651975418 0
2458293.5 21.078123248 0 19.7032166439 0
2458294.5 21.1688985494 0 19.7927638285 0
2458295.5 21.007982661 0 19.6270446254 0
2458296.5 20.5683615774 0 19.1256593559 0
2458297.5 20.6368288438 0 19.1888035902 0
2458298.5 20.772415464 0 19.3271531765 0
2458299.5 20.8095684975 0 19.3811844292 0
2458300.5 20.789624491 0 19.3604569926 0
2458301.5 20.8700974856 0 19.4511493592 0
2458302.5 20.120988814 0 18.6169842239 0
2458303.5 20.1296168983 0 18.6292264205 0
2458304.5 20.0522688877 0 18.5414923506 0
2458305.5 19.9877881723 0 18.4727940929 0
2458306.5 20.0240956913 0 18.5009057431 0
2458307.5 21.4571174041 0 20.0959697646 0
2458308.5 21.4143172503 0 20.0550368849 0
2458309.5 21.3989880313 0 20.0354945597 0
2458310.5 21.4296536971 0 20.0656364847 0
2458311.5 21.606434605 0 20.2122544887 0
2458312.5 21.5342190847 0 20.1342335623 0
2458313.5 21.5576492536 0 20.1701071901 0
2458314.5 21.3033428337 0 19.8995715208 0
2458315.5 20.4332048644 0 18.9102036342 0
2458316.5 20.3969677826 0 18.8689153379 0
2458317.5 20.3343469461 0 18.7948970045 0
2458318.5 20.2570290068 0 18.7204609856 0
2458319.5 20.340273397 0 18.820087303 0
2458320.5 20.5603599255 0 19.0787746798 0
2458321.5 20.618855696 0 19.1314553968 0
2458322.5 20.687992878 0 19.2139750999 0
2458323.5 20.653420552 0 19.1758947149 0
2458324.5 20.7653558571 0 19.2874858692 0
2458325.5 20.7283551122 0 19.2574293336 0
2458326.5 21.1794587229 0 19.7582575431 0
2458327.5 20.9966231188 0 19.5588811903 0
2458328.5 21.100886571 0 19.6597720579 0
2458329.5 20.8431174584 0 19.3854024842 0
2458330.5 20.7384502023 0 19.256746873 0
2458331.5 20.5576048663 0 19.0586155452 0
2458332.5 20.7158518201 0 19.2300641148 0
2458333.5 20.8976394853 0 19.4242111326 0
2458334.5 20.9094958772 0 19.4260347048 0
2458335.5 20.8044269791 0 19.3127888666 0
2458336.5 20.8083450661 0 19.3132727031 0
2458337.5 20.7139052483 0 19.218429658 0
2458338.5 20.7088618105 0 19.2049194417 0
2458339.5 20.6577376831 0 19.1418222633 0
2458340.5 21.6229064859 0 20.2188968132 0
2458341.5 22.3962597153 0 20.9976172867 0
2458342.5 22.5038498894 0 21.1120373795 0
2458343.5 22.80381199 0 21.4265601407 0
2458344.5 21.5395507564 0 19.9932158449 0
2458345.5 21.4946652166 0 19.9388761415 0
2458346.5 21.4210980988 0 19.8621392504 0
2458347.5 21.5381637829 0 19.9662385061 0
2458348.5 21.8086151541 0 20.3080276994 0
2458349.5 21.8953571275 0 20.3854348711 0
2458350.5 21.8714775769 0 20.3528297858 0
2458351.5 21.9498030369 0 20.440696581 0
2458352.5 22.1041111115 0 20.6084941577 0
2458353.5 22.1355255632 0 20.6639594165 0
2458354.5 22.3682757237 0 20.9102769985 0
2458355.5 22.2571240702 0 20.7874788484 0
2458356.5 22.4437795745 0 20.9885086056 0
2458357.5 21.9138124595 0 20.3694991074 0
2458358.5 22.197895841 0 20.6708059266 0
2458359.5 22.0526050888 0 20.5326906064 0
2458360.5 22.0089411687 0 20.5024137367 0
2458361.5 22.0261942097 0 20.5280247885 0
2458362.5 22.2288961245 0 20.7812047964 0
2458363.5 22.2209516275 0 20.7758822399 0
2458364.5 22.1730916334 0 20.7130994108 0
2458365.5 22.3546488743 0 20.9116981118 0
2458366.5 22.403407875 0 20.9762194059 0
2458367.5 22.3166794341 0 20.8615929341 0
2458368.5 22.3744451426 0 20.9297690387 0
2458369.5 22.3868823289 0 20.9552994829 0
2458370.5 22.4676845432 0 21.0287168113 0
2458371.5 21.9959760595 0 20.540333379 0
2458372.5 21.7788146457 0 20.3060093293 0
2458373.5 22.7870354327 0 21.4155086335 0
2458374.5 22.6399206027 0 21.2681168323 0
2458375.5 22.610492816 0 21.2381192972 0
2458376.5 22.6725439267 0 21.300395085 0
2458377.5 22.8021733885 0 21.4280077194 0
2458378.5 22.8435158878 0 21.4668906127 0
2458379.5 22.8571218467 0 21.4765025809 0
2458380.5 22.8091773586 0 21.4333563363 0
2458381.5 23.0144355313 0 21.6553783655 0
2458382.5 22.9893524994 0 21.6395898456 0
2458383.5 21.5232516027 0 19.9950765091 0
2458384.5 21.5220700937 0 20.0092791541 0
2458385.5 21.4568087313 0 19.9323755501 0
2458386.5 21.5925495112 0 20.0811052563 0
2458387.5 21.7422140589 0 20.2461250854 0
2458388.5 21.8768481387 0 20.3969998653 0
2458389.5 21.6976972732 0 20.2104328786 0
2458390.5 21.8579213128 0 20.3862622155 0
2458391.5 22.0870494966 0 20.6325548155 0
2458392.5 22.1368426785 0 20.6737613756 0
2458393.5 21.9999508091 0 20.5398418314 0
2458394.5 21.5781260605 0 20.0275991558 0
2458395.5 21.7401942527 0 20.1880349272 0
2458396.5 21.6789617914 0 20.1194510232 0
2458397.5 21.5083397751 0 19.9351918211 0
2458398.5 21.416329894 0 19.8269993573 0
2458399.5 22.362095263 0 20.9095438026 0
2458400.5 22.3629782223 0 20.9197882701 0
2458401.5 22.4252830479 0 20.9987948733 0
2458402.5 22.914931094 0 21.4795612627 0
2458403.5 22.6879790268 0 21.2494009204 0
2458404.5 22.7745477781 0 21.323882257 0
2458405.5 22.6408746214 0 21.1801716155 0
2458406.5 22.7800709417 0 21.3191230696 0
2458407.5 22.7078811738 0 21.2336596276 0
2458408.5 23.0991307954 0 21.6943199318 0
2458409.5 22.8820973588 0 21.4744006875 0
2458410.5 22.8558895705 0 21.4623052497 0
2458411.5 22.6941843418 0 21.2868423836 0
2458412.5 22.8061066251 0 21.4113415118 0
2458413.5 22.5672704627 0 21.1569557099 0
2458414.5 22.5340974502 0 21.1287930542 0
2458415.5 22.7354601271 0 21.3414901353 0
2458416.5 22.5359538167 0 21.1319380396 0
2458417.5 21.7575904262 0 20.2286402852 0
2458418.5 21.883815715 0 20.36425494 0
2458419.5 21.693355723 0 20.1667440126 0
2458420.5 21.9164391193 0 20.3974860743 0
2458421.5 22.3294471911 0 20.87691265 0
2458422.5 22.3211648392 0 20.8760802175 0
2458423.5 22.3120371451 0 20.8732120016 0
2458424.5 22.3436089634 0 20.8893302725 0
2458425.5 22.4355918191 0 20.9731457698 0
2458426.5 22.6468611228 0 21.1945554082 0
2458427.5 22.342979288 0 20.870677645 0
2458428.5 22.4162355471 0 20.9284729415 0
2458429.5 22.6137143887 0 21.140056056 0
2458430.5 22.6856560905 0 21.1970390287 0
2458431.5 22.5846530629 0 21.1094023978 0
2458432.5 24.2067935653 0 22.7922218392 0
2458433.5 24.1807839445 0 22.7602658496 0
2458434.5 23.9061114913 0 22.4812834728 0
2458435.5 23.9639141965 0 22.5234983991 0
2458436.5 23.8999545502 0 22.4633752905 0
2458437.5 23.8374598132 0 22.406452681 0
2458438.5 24.6100567823 0 23.2371548578 0
2458439.5 24.5761658444 0 23.1909052757 0
2458440.5 24.6840090357 0 23.3000072416 0
2458441.5 24.6187532196 0 23.2418197152 0
2458442.5 24.6886212523 0 23.3252914534 0
2458443.5 24.9896900964 0 23.6384779039 0
2458444.5 24.8585524793 0 23.4814533259 0
2458445.5 24.8175904533 0 23.4392896025 0
2458446.5 24.7199092666 0 23.3581634878 0
2458447.5 24.5704762432 0 23.2008130645 0
2458448.5 24.5885914805 0 23.212020103 0
2458449.5 23.9843433644 0 22.5132596303 0
2458450.5 23.878809677 0 22.4140265287 0
2458451.5 24.1629888421 0 22.7104568655 0
2458452.5 24.3433111603 0 22.9026194021 0
2458453.5 24.1804873557 0 22.7179814968 0
2458454.5 23.991507136 0 22.5364058577 0
2458455.5 24.1684746905 0 22.7123181222 0
2458456.5 24.4394860006 0 22.9826355992 0
2458457.5 23.8927490593 0 22.363720157 0
2458458.5 24.1399683986 0 22.6258833687 0
2458459.5 24.2794937904 0 22.7518351046 0
2458460.5 24.188833422 0 22.6660126575 0
2458461.5 24.5566660265 0 23.0422570702 0
2458462.5 24.7030291447 0 23.20088905 0
2458463.5 25.0160249098 0 23.5902233543 0
2458464.5 24.7514743878 0 23.3196962188 0
2458465.5 24.7019502085 0 23.2725171986 0
2458466.5 24.4993022868 0 23.0731173261 0
2458467.5 24.3503257389 0 22.9296732785 0
2458468.5 23.4982095961 0 22.0658057378 0
2458469.5 22.9611261877 0 21.4193057112 0
2458470.5 23.1268768068 0 21.582303799 0
2458471.5 23.3081116981 0 21.7730081462 0
2458472.5 23.018027257 0 21.4680848946 0
2458473.5 23.1597295538 0 21.597432218 0
2458474.5 24.3868971277 0 23.0120493136 0
2458475.5 24.2837240994 0 22.8917323895 0
2458476.5 24.4300160132 0 23.0375274266 0
2458477.5 24.0478201194 0 22.639719181 0
2458478.5 23.4997242301 0 22.046309294 0
2458479.5 23.3254874383 0 21.8713820345 0
2458480.5 23.6762162271 0 22.236766264 0
2458481.5 23.6454580176 0 22.2212211927 0
2458482.5 23.922495747 0 22.5114699401 0
2458483.5 23.2739469141 0 21.7987822848 0
2458484.5 23.6186384975 0 22.1575061508 0
2458485.5 23.6631095663 0 22.1882235912 0
2458486.5 23.7861102278 0 22.3107485511 0
2458487.5 23.6412363628 0 22.1622320063 0
2458488.5 24.1022605161 0 22.6711726451 0
2458489.5 24.1265239752 0 22.6781707849 0
2458490.5 23.9899959873 0 22.5536236573 0
2458491.5 24.203713188 0 22.7736256924 0
2458492.5 23.6146330034 0 22.0897449427 0
2458493.5 23.5653637429 0 22.0259668562 0
2458494.5 23.5929363235 0 22.0482140396 0
2458495.5 23.7814780739 0 22.2500633144 0
2458496.5 24.8957999648 0 23.5017180797 0
2458497.5 24.773953634 0 23.3770553472 0
2458498.5 24.6859154718 0 23.2843914015 0
2458499.5 26.1457848568 0 24.7361649307 0
2458500.5 26.3216427157 0 24.9202665219 0
2458501.5 26.2152670959 0 24.8146061161 0
2458502.5 25.7420581839 0 24.3298761898 0
2458503.5 25.3918826949 0 23.9663239248 0
2458504.5 25.4726030445 0 24.0521361203 0
2458505.5 25.7641164734 0 24.3490134942 0
2458506.5 25.8697331384 0 24.4475147844 0
2458507.5 25.9015946009 0 24.4875449615 0
2458508.5 25.6729553164 0 24.2687395781 0
2458509.5 25.786126842 0 24.3696205725 0
2458510.5 25.7051302992 0 24.2967369305 0
2458511.5 25.3885017306 0 23.974725805 0
2458512.5 25.3212035326 0 23.9069800251 0
2458513.5 25.0855001559 0 23.6713550795 0
2458514.5 24.8271030535 0 23.4019279389 0
2458515.5 25.1327865977 0 23.7093442898 0
2458516.5 24.9424463486 0 23.5139440341 0
2458517.5 24.8453165629 0 23.4152542617 0
2458518.5 24.3256941606 0 22.802933322 0
2458519.5 24.0908788711 0 22.5626245325 0
2458520.5 24.4860702585 0 22.9731961756 0
2458521.5 24.267011412 0 22.7448784896 0
2458522.5 25.0728626368 0 23.6255019264 0
2458523.5 24.8605138543 0 23.4123829503 0
2458524.5 25.3207753981 0 23.888722446 0
2458525.5 25.1626216356 0 23.7137853551 0
2458526.5 25.2345271078 0 23.7714654849 0
2458527.5 26.5631021064 0 25.0939583848 0
2458528.5 27.0167918653 0 25.581307558 0
2458529.5 27.1241959479 0 25.7059171365 0
2458530.5 26.5574222839 0 25.1248873673 0
2458531.5 26.2003562142 0 24.7601057725 0
2458532.5 26.4401466621 0 25.0260176446 0
2458533.5 26.5377058795 0 25.1388867216 0
2458534.5 27.0899629814 0 25.704107058 0
2458535.5 26.759047372 0 25.3769102745 0
2458536.5 26.9839183123 0 25.5939578548 0
2458537.5 27.1910560255 0 25.7895575369 0
2458538.5 26.8740945654 0 25.3682929491 0
2458539.5 27.4825189028 0 25.9860053657 0
2458540.5 27.1183895058 0 25.6146107762 0
2458541.5 27.6463446577 0 26.1357625938 0
2458542.5 27.4682242726 0 25.9658773972 0
2458543.5 27.719907292 0 26.2033493517 0
2458544.5 27.6941639576 0 26.1651493636 0
2458545.5 27.9666194002 0 26.421610696 0
2458546.5 28.2692432568 0 26.7113053352 0
2458547.5 30.2979448762 0 28.9395046337 0
2458548.5 30.391013392 0 29.0190196578 0
2458549.5 31.3587611427 0 29.9979303891 0
2458550.5 32.3451122622 0 30.9826881172 0
2458551.5 32.4869746938 0 31.0856834986 0
2458552.5 31.3231078078 0 29.9260880909 0
2458553.5 31.0140854832 0 29.6070957544 0
2458554.5 31.8592257202 0 30.4519518055 0
2458555.5 32.6475442382 0 31.237633094 0
2458556.5 33.3943131634 0 31.9811786484 0
2458557.5 31.0331686681 0 29.4914223005 0
2458558.5 30.6283492549 0 29.0800698248 0
2458559.5 29.3687709611 0 27.8163503018 0
2458560.5 28.6853419213 0 27.1469754349 0
2458561.5 28.6189016749 0 27.0781421474 0
2458562.5 29.4425959118 0 27.9878245908 0
2458563.5 29.0303984555 0 27.5829382387 0
2458564.5 29.8290547585 0 28.3956823055 0
2458565.5 30.1608809802 0 28.7173430705 0
2458566.5 29.4623893356 0 27.9929901153 0
2458567.5 29.4724804674 0 27.9987980918 0
2458568.5 30.5046409333 0 29.027422971 0
2458569.5 29.8974464947 0 28.4230618167 0
2458570.5 30.5772731747 0 29.1106573485 0
2458571.5 32.423176945 0 31.0650854273 0
2458572.5 34.1406604593 0 32.8023328773 0
2458573.5 34.4642643079 0 33.1113442285 0
2458574.5 35.2084202653 0 33.852769228 0
2458575.5 35.8326137771 0 34.4500548954 0
2458576.5 39.8964955856 0 38.9324485817 0
2458577.5 nan 0 nan 0
2458578.5 nan 0 nan 0
2458579.5 nan 0 nan 0
2458580.5 nan 0 nan 0
2458581.5 nan 0 nan 0
2458582.5 44.956679854 0 44.0992465307 0
2458583.5 nan 0 nan 0
2458584.5 nan 0 nan 0
2458585.5 nan 0 nan 0
2458586.5 nan 0 nan 0
2458587.5 nan 0 nan 0
2458588.5 nan 0 nan 0
2458589.5 nan 0 nan 0
2458590.5 nan 0 nan 0
2458591.5 nan 0 nan 0
2458592.5 nan 0 nan 0
2458593.5 nan 0 nan 0
2458594.5 nan 0 nan 0
2458595.5 nan 0 nan 0
2458596.5 nan 0 nan 0
2458597.5 nan 0 nan 0
2458598.5 nan 0 nan 0
2458599.5 nan 0 nan 0
2458600.5 nan 0 nan 0
2458601.5 nan 0 nan 0
2458602.5 nan 0 nan 0
2458603.5 nan 0 nan 0
2458604.5 nan 0 nan 0
2458605.5 nan 0 nan 0
2458606.5 nan 0 nan 0
2458607.5 nan 0 nan 0
2458608.5 nan 0 nan 0
2458609.5 nan 0 nan 0
2458610.5 nan 0 nan 0
2458611.5 nan 0 nan 0
2458612.5 nan 0 nan 0
2458613.5 nan 0 nan 0
2458614.5 nan 0 nan 0
2458615.5 nan 0 nan 0
2458616.5 nan 0 nan 0
2458617.5 nan 0 nan 0
2458618.5 nan 0 nan 0
2458619.5 nan 0 nan 0
2458620.5 nan 0 nan 0
2458621.5 nan 0 nan 0
2458622.5 nan 0 nan 0
2458623.5 nan 0 nan 0
2458624.5 nan 0 nan 0
2458625.5 nan 0 nan 0
2458626.5 nan 0 nan 0
2458627.5 nan 0 nan 0
2458628.5 nan 0 nan 0
2458629.5 nan 0 nan 0
2458630.5 nan 0 nan 0
2458631.5 nan 0 nan 0
2458632.5 nan 0 nan 0
2458633.5 nan 0 nan 0
2458634.5 nan 0 nan 0
2458635.5 nan 0 nan 0
2458636.5 nan 0 nan 0
2458637.5 nan 0 nan 0
2458638.5 nan 0 nan 0
2458639.5 nan 0 nan 0
2458640.5 nan 0 nan 0
2458641.5 nan 0 nan 0
2458642.5 nan 0 nan 0
2458643.5 nan 0 nan 0
2458644.5 nan 0 nan 0
2458645.5 nan 0 nan 0
2458646.5 nan 0 nan 0
2458647.5 nan 0 nan 0
2458648.5 nan 0 nan 0
2458649.5 nan 0 nan 0
2458650.5 nan 0 nan 0
2458651.5 nan 0 nan 0
2458652.5 nan 0 nan 0
2458653.5 nan 0 nan 0
2458654.5 nan 0 nan 0
2458655.5 nan 0 nan 0
2458656.5 nan 0 nan 0
2458657.5 nan 0 nan 0
2458658.5 nan 0 nan 0
2458659.5 nan 0 nan 0
2458660.5 nan 0 nan 0
2458661.5 nan 0 nan 0
2458662.5 nan 0 nan 0
2458663.5 nan 0 nan 0
2458664.5 nan 0 nan 0
2458665.5 nan 0 nan 0
2458666.5 nan 0 nan 0
2458667.5 nan 0 nan 0
2458668.5 nan 0 nan 0
2458669.5 nan 0 nan 0
2458670.5 nan 0 nan 0
2458671.5 nan 0 nan 0
2458672.5 nan 0 nan 0
2458673.5 nan 0 nan 0
2458674.5 nan 0 nan 0
2458675.5 nan 0 nan 0
2458676.5 nan 0 nan 0
2458677.5 nan 0 nan 0
2458678.5 nan 0 nan 0
2458679.5 nan 0 nan 0
2458680.5 nan 0 nan 0
2458681.5 nan 0 nan 0
2458682.5 nan 0 nan 0
2458683.5 nan 0 nan 0
2458684.5 nan 0 nan 0
2458685.5 nan 0 nan 0
2458686.5 nan 0 nan 0
2458687.5 nan 0 nan 0
2458688.5 nan 0 nan 0
2458689.5 nan 0 nan 0
2458690.5 nan 0 nan 0
2458691.5 nan 0 nan 0
2458692.5 nan 0 nan 0
2458693.5 nan 0 nan 0
2458694.5 nan 0 nan 0
2458695.5 nan 0 nan 0
2458696.5 nan 0 nan 0
2458697.5 nan 0 nan 0
2458698.5 nan 0 nan 0
2458699.5 nan 0 nan 0
2458700.5 nan 0 nan 0
2458701.5 nan 0 nan 0
2458702.5 nan 0 nan 0
2458703.5 nan 0 nan 0
2458704.5 nan 0 nan 0
2458705.5 nan 0 nan 0
2458706.5 nan 0 nan 0
2458707.5 nan 0 nan 0
2458708.5 nan 0 nan 0
2458709.5 nan 0 nan 0
2458710.5 nan 0 nan 0
2458711.5 nan 0 nan 0
2458712.5 nan 0 nan 0
2458713.5 nan 0 nan 0
2458714.5 nan 0 nan 0
2458715.5 nan 0 nan 0
2458716.5 nan 0 nan 0
2458717.5 nan 0 nan 0
2458718.5 nan 0 nan 0
2458719.5 nan 0 nan 0
2458720.5 nan 0 nan 0
2458721.5 nan 0 nan 0
2458722.5 nan 0 nan 0
2458723.5 nan 0 nan 0
2458724.5 nan 0 nan 0
2458725.5 nan 0 nan 0
2458726.5 nan 0 nan 0
2458727.5 nan 0 nan 0
2458728.5 nan 0 nan 0
2458729.5 nan 0 nan 0
2458730.5 nan 0 nan 0
2458731.5 nan 0 nan 0
2458732.5 nan 0 nan 0
2458733.5 nan 0 nan 0
2458734.5 nan 0 nan 0
2458735.5 nan 0 nan 0
2458736.5 nan 0 nan 0
2458737.5 nan 0 nan 0
2458738.5 nan 0 nan 0
2458739.5 nan 0 nan 0
2458740.5 nan 0 nan 0
2458741.5 nan 0 nan 0
2458742.5 nan 0 nan 0
2458743.5 nan 0 nan 0
2458744.5 nan 0 nan 0
2458745.5 nan 0 nan 0
2458746.5 nan 0 nan 0
2458747.5 nan 0 nan 0
2458748.5 nan 0 nan 0
2458749.5 nan 0 nan 0
2458750.5 nan 0 nan 0
2458751.5 nan 0 nan 0
2458752.5 nan 0 nan 0
2458753.5 nan 0 nan 0
2458754.5 nan 0 nan 0
2458755.5 nan 0 nan 0
2458756.5 nan 0 nan 0
2458757.5 nan 0 nan 0
2458758.5 nan 0 nan 0
2458759.5 nan 0 nan 0
2458760.5 nan 0 nan 0
2458761.5 nan 0 nan 0
2458762.5 nan 0 nan 0
2458763.5 nan 0 nan 0
2458764.5 nan 0 nan 0
2458765.5 nan 0 nan 0
2458766.5 nan 0 nan 0
2458767.5 nan 0 nan 0
2458768.5 nan 0 nan 0
2458769.5 nan 0 nan 0
2458770.5 nan 0 nan 0
2458771.5 nan 0 nan 0
2458772.5 nan 0 nan 0
2458773.5 nan 0 nan 0
2458774.5 nan 0 nan 0
2458775.5 nan 0 nan 0
2458776.5 nan 0 nan 0
2458777.5 nan 0 nan 0
2458778.5 nan 0 nan 0
2458779.5 nan 0 nan 0
2458780.5 nan 0 nan 0
2458781.5 nan 0 nan 0
2458782.5 nan 0 nan 0
2458783.5 nan 0 nan 0
2458784.5 nan 0 nan 0
2458785.5 nan 0 nan 0
2458786.5 nan 0 nan 0
2458787.5 nan 0 nan 0
2458788.5 nan 0 nan 0
2458789.5 nan 0 nan 0
2458790.5 nan 0 nan 0
2458791.5 nan 0 nan 0
2458792.5 nan 0 nan 0
2458793.5 nan 0 nan 0
2458794.5 nan 0 nan 0
2458795.5 nan 0 nan 0
2458796.5 nan 0 nan 0
2458797.5 nan 0 nan 0
2458798.5 nan 0 nan 0
2458799.5 nan 0 nan 0
2458800.5 nan 0 nan 0
2458801.5 nan 0 nan 0
2458802.5 nan 0 nan 0
2458803.5 nan 0 nan 0
2458804.5 nan 0 nan 0
2458805.5 nan 0 nan 0
2458806.5 nan 0 nan 0
2458807.5 nan 0 nan 0
2458808.5 nan 0 nan 0
2458809.5 nan 0 nan 0
2458810.5 nan 0 nan 0
2458811.5 nan 0 nan 0
2458812.5 nan 0 nan 0
2458813.5 nan 0 nan 0
2458814.5 nan 0 nan 0
2458815.5 nan 0 nan 0
2458816.5 nan 0 nan 0
2458817.5 nan 0 nan 0
2458818.5 nan 0 nan 0
2458819.5 nan 0 nan 0
2458820.5 nan 0 nan 0
2458821.5 nan 0 nan 0
2458822.5 nan 0 nan 0
2458823.5 nan 0 nan 0
2458824.5 nan 0 nan 0
2458825.5 nan 0 nan 0
2458826.5 nan 0 nan 0
2458827.5 nan 0 nan 0
2458828.5 nan 0 nan 0
2458829.5 nan 0 nan 0
2458830.5 nan 0 nan 0
2458831.5 nan 0 nan 0
2458832.5 nan 0 nan 0
2458833.5 nan 0 nan 0
2458834.5 nan 0 nan 0
2458835.5 nan 0 nan 0
2458836.5 nan 0 nan 0
2458837.5 nan 0 nan 0
2458838.5 nan 0 nan 0
2458839.5 nan 0 nan 0
2458840.5 nan 0 nan 0
2458841.5 nan 0 nan 0
2458842.5 nan 0 nan 0
2458843.5 nan 0 nan 0
2458844.5 nan 0 nan 0
2458845.5 nan 0 nan 0
2458846.5 nan 0 nan 0
2458847.5 nan 0 nan 0
2458848.5 nan 0 nan 0
2458849.5 nan 0 nan 0
2458850.5 nan 0 nan 0
2458851.5 nan 0 nan 0
2458852.5 nan 0 nan 0
2458853.5 nan 0 nan 0
2458854.5 nan 0 nan 0
2458855.5 nan 0 nan 0
2458856.5 nan 0 nan 0
2458857.5 nan 0 nan 0
2458858.5 nan 0 nan 0
2458859.5 nan 0 nan 0
2458860.5 nan 0 nan 0
2458861.5 nan 0 nan 0
2458862.5 nan 0 nan 0
2458863.5 nan 0 nan 0
2458864.5 nan 0 nan 0
2458865.5 nan 0 nan 0
2458866.5 nan 0 nan 0
2458867.5 nan 0 nan 0
2458868.5 nan 0 nan 0
2458869.5 nan 0 nan 0
2458870.5 nan 0 nan 0
2458871.5 nan 0 nan 0
2458872.5 nan 0 nan 0
2458873.5 nan 0 nan 0
2458874.5 nan 0 nan 0
2458875.5 nan 0 nan 0
2458876.5 nan 0 nan 0
2458877.5 nan 0 nan 0
2458878.5 nan 0 nan 0
2458879.5 nan 0 nan 0
2458880.5 nan 0 nan 0
2458881.5 nan 0 nan 0
2458882.5 nan 0 nan 0
2458883.5 nan 0 nan 0
2458884.5 nan 0 nan 0
2458885.5 nan 0 nan 0
2458886.5 nan 0 nan 0
2458887.5 nan 0 nan 0
2458888.5 nan 0 nan 0
2458889.5 nan 0 nan 0
2458890.5 nan 0 nan 0
2458891.5 nan 0 nan 0
2458892.5 nan 0 nan 0
2458893.5 nan 0 nan 0
2458894.5 nan 0 nan 0
2458895.5 nan 0 nan 0
2458896.5 nan 0 nan 0
2458897.5 nan 0 nan 0
2458898.5 nan 0 nan 0
2458899.5 nan 0 nan 0
2458900.5 nan 0 nan 0
2458901.5 nan 0 nan 0
2458902.5 nan 0 nan 0
2458903.5 nan 0 nan 0
2458904.5 nan 0 nan 0
2458905.5 nan 0 nan 0
2458906.5 nan 0 nan 0
2458907.5 nan 0 nan 0
2458908.5 nan 0 nan 0
2458909.5 nan 0 nan 0
2458910.5 nan 0 nan 0
2458911.5 nan 0 nan 0
2458912.5 nan 0 nan 0
2458913.5 nan 0 nan 0
2458914.5 nan 0 nan 0
2458915.5 nan 0 nan 0
2458916.5 nan 0 nan 0
2458917.5 nan 0 nan 0
2458918.5 nan 0 nan 0
2458919.5 nan 0 nan 0
2458920.5 nan 0 nan 0
2458921.5 nan 0 nan 0
2458922.5 nan 0 nan 0
2458923.5 nan 0 nan 0
2458924.5 nan 0 nan 0
2458925.5 nan 0 nan 0
2458926.5 nan 0 nan 0
2458927.5 nan 0 nan 0
2458928.5 nan 0 nan 0
2458929.5 nan 0 nan 0
2458930.5 nan 0 nan 0
2458931.5 nan 0 nan 0
2458932.5 nan 0 nan 0
2458933.5 nan 0 nan 0
2458934.5 nan 0 nan 0
2458935.5 nan 0 nan 0
2458936.5 nan 0 nan 0
2458937.5 nan 0 nan 0
2458938.5 nan 0 nan 0
2458939.5 nan 0 nan 0
2458940.5 nan 0 nan 0
2458941.5 nan 0 nan 0
2458942.5 nan 0 nan 0
2458943.5 nan 0 nan 0
2458944.5 nan 0 nan 0
2458945.5 nan 0 nan 0
2458946.5 nan 0 nan 0
2458947.5 nan 0 nan 0
2458948.5 nan 0 nan 0
2458949.5 nan 0 nan 0
2458950.5 nan 0 nan 0
2458951.5 nan 0 nan 0
2458952.5 nan 0 nan 0
2458953.5 nan 0 nan 0
2458954.5 nan 0 nan 0
2458955.5 nan 0 nan 0
2458956.5 nan 0 nan 0
2458957.5 nan 0 nan 0
2458958.5 nan 0 nan 0
2458959.5 nan 0 nan 0
2458960.5 nan 0 nan 0
2458961.5 nan 0 nan 0
2458962.5 nan 0 nan 0
2458963.5 nan 0 nan 0
2458964.5 nan 0 nan 0
2458965.5 nan 0 nan 0
2458966.5 nan 0 nan 0
2458967.5 nan 0 nan 0
2458968.5 nan 0 nan 0
2458969.5 nan 0 nan 0
2458970.5 nan 0 nan 0
2458971.5 nan 0 nan 0
2458972.5 nan 0 nan 0
2458973.5 nan 0 nan 0
2458974.5 nan 0 nan 0
2458975.5 nan 0 nan 0
2458976.5 nan 0 nan 0
2458977.5 nan 0 nan 0
2458978.5 nan 0 nan 0
2458979.5 nan 0 nan 0
2458980.5 nan 0 nan 0
2458981.5 nan 0 nan 0
2458982.5 nan 0 nan 0
2458983.5 nan 0 nan 0
2458984.5 nan 0 nan 0
2458985.5 nan 0 nan 0
2458986.5 nan 0 nan 0
2458987.5 nan 0 nan 0
2458988.5 nan 0 nan 0
2458989.5 nan 0 nan 0
2458990.5 nan 0 nan 0
2458991.5 nan 0 nan 0
2458992.5 nan 0 nan 0
2458993.5 nan 0 nan 0
2458994.5 nan 0 nan 0
2458995.5 nan 0 nan 0
2458996.5 nan 0 nan 0
2458997.5 nan 0 nan 0
2458998.5 nan 0 nan 0
2458999.5 nan 0 nan 0
2459000.5 nan 0 nan 0
2459001.5 nan 0 nan 0
2459002.5 nan 0 nan 0
2459003.5 nan 0 nan 0
2459004.5 nan 0 nan 0
2459005.5 nan 0 nan 0
2459006.5 nan 0 nan 0
2459007.5 nan 0 nan 0
2459008.5 nan 0 nan 0
2459009.5 nan 0 nan 0
2459010.5 nan 0 nan 0
2459011.5 nan 0 nan 0
2459012.5 nan 0 nan 0
2459013.5 nan 0 nan 0
2459014.5 nan 0 nan 0
2459015.5 nan 0 nan 0
2459016.5 nan 0 nan 0
2459017.5 nan 0 nan 0
2459018.5 nan 0 nan 0
2459019.5 nan 0 nan 0
2459020.5 nan 0 nan 0
2459021.5 nan 0 nan 0
2459022.5 nan 0 nan 0
2459023.5 nan 0 nan 0
2459024.5 nan 0 nan 0
2459025.5 nan 0 nan 0
2459026.5 nan 0 nan 0
2459027.5 nan 0 nan 0
2459028.5 nan 0 nan 0
2459029.5 nan 0 nan 0
2459030.5 nan 0 nan 0
2459031.5 nan 0 nan 0
2459032.5 nan 0 nan 0
2459033.5 nan 0 nan 0
2459034.5 nan 0 nan 0
2459035.5 nan 0 nan 0
2459036.5 nan 0 nan 0
2459037.5 nan 0 nan 0
2459038.5 nan 0 nan 0
2459039.5 nan 0 nan 0
2459040.5 nan 0 nan 0
2459041.5 nan 0 nan 0
2459042.5 nan 0 nan 0
2459043.5 nan 0 nan 0
2459044.5 nan 0 nan 0
2459045.5 nan 0 nan 0
2459046.5 nan 0 nan 0
2459047.5 nan 0 nan 0
2459048.5 nan 0 nan 0
2459049.5 nan 0 nan 0
2459050.5 nan 0 nan 0
2459051.5 nan 0 nan 0
2459052.5 nan 0 nan 0
2459053.5 nan 0 nan 0
2459054.5 nan 0 nan 0
2459055.5 nan 0 nan 0
2459056.5 nan 0 nan 0
2459057.5 nan 0 nan 0
2459058.5 nan 0 nan 0
2459059.5 nan 0 nan 0
2459060.5 nan 0 nan 0
2459061.5 nan 0 nan 0
2459062.5 nan 0 nan 0
2459063.5 nan 0 nan 0
2459064.5 nan 0 nan 0
2459065.5 nan 0 nan 0
2459066.5 nan 0 nan 0
2459067.5 nan 0 nan 0
2459068.5 nan 0 nan 0
2459069.5 nan 0 nan 0
2459070.5 nan 0 nan 0
2459071.5 nan 0 nan 0
2459072.5 nan 0 nan 0
2459073.5 nan 0 nan 0
2459074.5 nan 0 nan 0
2459075.5 nan 0 nan 0
2459076.5 nan 0 nan 0
2459077.5 nan 0 nan 0
2459078.5 nan 0 nan 0
2459079.5 nan 0 nan 0
2459080.5 nan 0 nan 0
2459081.5 nan 0 nan 0
2459082.5 nan 0 nan 0
2459083.5 nan 0 nan 0
2459084.5 nan 0 nan 0
2459085.5 nan 0 nan 0
2459086.5 nan 0 nan 0
2459087.5 nan 0 nan 0
