2457258.5 14.7423953979 0 13.2378039435 0
2457259.5 14.7909227935 0 13.2898606606 0
2457260.5 14.8898202571 0 13.403313709 0
2457261.5 14.9209648776 0 13.4431167721 0
2457262.5 15.0158877344 0 13.5532303908 0
2457263.5 14.4655603341 0 12.918212116 0
2457264.5 14.3746596144 0 12.8142073599 0
2457265.5 14.3976489093 0 12.8415814559 0
2457266.5 14.3718026055 0 12.8092052171 0
2457267.5 14.344046126 0 12.7734854497 0
2457268.5 15.0554252996 0 13.6032681648 0
2457269.5 15.1012864146 0 13.6510320978 0
2457270.5 15.0526948355 0 13.5974019555 0
2457271.5 15.0687896026 0 13.6135045644 0
2457272.5 15.1800061694 0 13.7360601979 0
2457273.5 15.1266674804 0 13.6739708268 0
2457274.5 15.785947239 0 14.4069634366 0
2457275.5 15.9001602727 0 14.5333725511 0
2457276.5 16.0877947682 0 14.7382463144 0
2457277.5 16.0849058425 0 14.7338572354 0
2457278.5 16.202946195 0 14.8611662049 0
2457279.5 16.2082934359 0 14.8666353605 0
2457280.5 14.9016660033 0 13.4141358702 0
2457281.5 14.897331907 0 13.4069255612 0
2457282.5 15.0043688776 0 13.5260538741 0
2457283.5 14.9849811381 0 13.5020721483 0
2457284.5 15.3255623264 0 13.8839009732 0
2457285.5 15.3061646325 0 13.8643391345 0
2457286.5 15.274596993 0 13.8319260521 0
2457287.5 15.2262181048 0 13.7744578225 0
2457288.5 15.3658230535 0 13.9241704662 0
2457289.5 15.3731078831 0 13.9332864195 0
2457290.5 14.7014965006 0 13.1647526138 0
2457291.5 14.723851494 0 13.1913045847 0
2457292.5 14.7880652512 0 13.2679445883 0
2457293.5 14.797251299 0 13.2733668335 0
2457294.5 14.7647012555 0 13.2413695842 0
2457295.5 14.7742093482 0 13.2540365047 0
2457296.5 14.8404501712 0 13.3298831591 0
2457297.5 14.7792902477 0 13.2580203426 0
2457298.5 14.7389725837 0 13.2049669314 0
2457299.5 14.7257457559 0 13.1894523004 0
2457300.5 14.8270197254 0 13.3131683257 0
2457301.5 14.9168066063 0 13.4129116503 0
2457302.5 14.8518338338 0 13.3334182088 0
2457303.5 14.8725443859 0 13.3632815502 0
2457304.5 16.0886224348 0 14.7222320284 0
2457305.5 16.100651661 0 14.7319199422 0
2457306.5 15.9550670966 0 14.5713172139 0
2457307.5 16.0122257396 0 14.6355170258 0
2457308.5 15.8864455548 0 14.4978484577 0
2457309.5 15.7397586823 0 14.3361949096 0
2457310.5 14.8332117224 0 13.3115425239 0
2457311.5 14.8912642127 0 13.3766256078 0
2457312.5 14.9777408848 0 13.4774693583 0
2457313.5 14.9871957108 0 13.4935720483 0
2457314.5 14.9319145291 0 13.4272492911 0
2457315.5 16.0587915863 0 14.6930943654 0
2457316.5 15.9024239002 0 14.5215317727 0
2457317.5 15.8509526638 0 14.4670074225 0
2457318.5 15.7614549596 0 14.3653658347 0
2457319.5 15.8177400674 0 14.4281947244 0
2457320.5 15.8323351712 0 14.4470853763 0
2457321.5 15.8380759674 0 14.4561763076 0
2457322.5 15.8003348537 0 14.4124793885 0
2457323.5 15.9188790413 0 14.5308816885 0
2457324.5 15.9176487062 0 14.5279971793 0
2457325.5 15.0528010636 0 13.5616611269 0
2457326.5 14.9280707967 0 13.4210971132 0
2457327.5 14.91909889 0 13.4121140437 0
2457328.5 14.791250617 0 13.2676618331 0
2457329.5 14.7154139226 0 13.1847887517 0
2457330.5 14.6875125647 0 13.1475025554 0
2457331.5 16.0213422894 0 14.6542345687 0
2457332.5 16.11683327 0 14.7573801924 0
2457333.5 16.1362077177 0 14.7762298437 0
2457334.5 16.0340066408 0 14.6607590227 0
2457335.5 14.7684816989 0 13.2404789009 0
2457336.5 14.6813438554 0 13.1386898104 0
2457337.5 14.606394347 0 13.0467970087 0
2457338.5 14.5180295794 0 12.942831115 0
2457339.5 14.5859900955 0 13.0233952873 0
2457340.5 15.4953717756 0 14.0663365607 0
2457341.5 15.4592807233 0 14.0235457453 0
2457342.5 15.4784988812 0 14.0454832695 0
2457343.5 15.4323624831 0 13.9975823398 0
2457344.5 15.3743751963 0 13.9284256569 0
2457345.5 16.10789104 0 14.7440315195 0
2457346.5 15.9654234476 0 14.5844806777 0
2457347.5 16.0694115723 0 14.6999635462 0
2457348.5 16.093255453 0 14.7231840657 0
2457349.5 16.2357585654 0 14.8791460745 0
2457350.5 16.2042528874 0 14.8442070233 0
2457351.5 15.8982355473 0 14.5064960194 0
2457352.5 15.9154467432 0 14.5269229035 0
2457353.5 16.0921356442 0 14.712591466 0
2457354.5 16.0425344404 0 14.6597101544 0
2457355.5 16.1649502908 0 14.7933964522 0
2457356.5 15.5193950695 0 14.0797371716 0
2457357.5 15.5101662022 0 14.0651044969 0
2457358.5 15.4724537218 0 14.0216480282 0
2457359.5 15.485816874 0 14.0371828616 0
2457360.5 16.0292831881 0 14.6401705342 0
2457361.5 16.0706344871 0 14.6839692693 0
2457362.5 15.9401791832 0 14.5422084919 0
2457363.5 16.0526479511 0 14.6675499164 0
2457364.5 16.1718303757 0 14.7982254928 0
2457365.5 16.0611722445 0 14.6729164945 0
2457366.5 14.9291647119 0 13.3877243828 0
2457367.5 14.8813416366 0 13.3228592179 0
2457368.5 14.9257950024 0 13.3769124065 0
2457369.5 14.8299947928 0 13.2659127666 0
2457370.5 14.8796056278 0 13.3192795835 0
2457371.5 15.2188460748 0 13.717152849 0
2457372.5 15.2588363046 0 13.7584645351 0
2457373.5 15.2284706249 0 13.7184050587 0
2457374.5 15.3162111137 0 13.8215367274 0
2457375.5 15.9474100086 0 14.5360638762 0
2457376.5 15.8942513081 0 14.4745241837 0
2457377.5 16.0208178467 0 14.6108303564 0
2457378.5 15.8713443519 0 14.4464252805 0
2457379.5 15.9294234659 0 14.5142824844 0
2457380.5 15.4014098464 0 13.9238097685 0
2457381.5 15.4811039166 0 14.0116425111 0
2457382.5 15.5157529049 0 14.0514651454 0
2457383.5 15.5671582228 0 14.1096909743 0
2457384.5 15.5968796516 0 14.1407819967 0
2457385.5 15.5824648809 0 14.1241216378 0
2457386.5 15.6306249454 0 14.176692461 0
2457387.5 15.7305405515 0 14.2878137434 0
2457388.5 15.6744027342 0 14.2280800965 0
2457389.5 15.4166237492 0 13.9179057486 0
2457390.5 15.3545682338 0 13.8456468308 0
2457391.5 15.2643793643 0 13.7400809195 0
2457392.5 15.184073776 0 13.6446544365 0
2457393.5 15.2502964234 0 13.7242539053 0
2457394.5 15.3561059807 0 13.8473504777 0
2457395.5 16.1053935052 0 14.6924153114 0
2457396.5 16.281856674 0 14.8848444627 0
2457397.5 16.2187452746 0 14.8132504778 0
2457398.5 16.2947860812 0 14.901394305 0
2457399.5 16.395730355 0 15.0092677656 0
2457400.5 16.4003275185 0 15.0151213036 0
2457401.5 15.9742507546 0 14.5405375106 0
2457402.5 15.8758055575 0 14.4330132147 0
2457403.5 15.861659199 0 14.4147728037 0
2457404.5 15.8771890515 0 14.4324131122 0
2457405.5 15.8861577006 0 14.4377697324 0
2457406.5 16.388771604 0 14.9939141651 0
2457407.5 16.4933154767 0 15.1083919888 0
2457408.5 16.4637348423 0 15.0713995929 0
2457409.5 16.3419885328 0 14.9375704457 0
2457410.5 16.3115812205 0 14.9001566576 0
2457411.5 16.4603202289 0 15.0632954225 0
2457412.5 16.0744146146 0 14.6386742276 0
2457413.5 16.0640764438 0 14.6231173407 0
2457414.5 16.153483987 0 14.7192425799 0
2457415.5 16.1319183301 0 14.6941252118 0
2457416.5 16.8523108367 0 15.4951670369 0
2457417.5 16.9066270829 0 15.5588866871 0
2457418.5 16.897978751 0 15.5510553044 0
2457419.5 16.8229181673 0 15.4724310735 0
2457420.5 16.7447660442 0 15.3826617282 0
2457421.5 15.5251047794 0 14.020359913 0
2457422.5 15.5673200577 0 14.0672016313 0
2457423.5 15.5110510247 0 13.9997006859 0
2457424.5 15.5137950454 0 14.0002759903 0
2457425.5 15.460550232 0 13.9362202857 0
2457426.5 15.3676648563 0 13.8343821025 0
2457427.5 15.7012083715 0 14.2251334532 0
2457428.5 15.7270940202 0 14.2574561807 0
2457429.5 15.6673613147 0 14.1867343378 0
2457430.5 15.7027559879 0 14.2213083211 0
2457431.5 15.6661165374 0 14.177430733 0
2457432.5 15.6063924395 0 14.1051357394 0
2457433.5 15.5341556928 0 14.0156646193 0
2457434.5 15.6276050397 0 14.1241240608 0
2457435.5 15.553771352 0 14.0357944405 0
2457436.5 15.5866774206 0 14.0711293068 0
2457437.5 15.9981260108 0 14.5378641709 0
2457438.5 15.8596895445 0 14.3846525453 0
2457439.5 15.7984066767 0 14.3169682674 0
2457440.5 15.7657566976 0 14.2801392316 0
2457441.5 15.8611987893 0 14.3890585279 0
2457442.5 15.4862441166 0 13.9528391283 0
2457443.5 15.4225785242 0 13.8812661268 0
2457444.5 15.4540492217 0 13.9147123681 0
2457445.5 15.4925033014 0 13.9661797852 0
2457446.5 15.3158010629 0 13.7567343947 0
2457447.5 15.3151698033 0 13.7468306792 0
2457448.5 15.3624610527 0 13.80420869 0
2457449.5 15.4197612561 0 13.8770405468 0
2457450.5 15.3473107991 0 13.7959731904 0
2457451.5 15.3390540019 0 13.7921069725 0
2457452.5 15.4526218856 0 13.8904935355 0
2457453.5 15.5549854756 0 14.0064036414 0
2457454.5 15.5783205917 0 14.0281448964 0
2457455.5 16.8350826356 0 15.4482785789 0
2457456.5 16.6707901238 0 15.2693292856 0
2457457.5 16.772210294 0 15.3792780558 0
2457458.5 16.7881045188 0 15.4005606767 0
2457459.5 15.8822039993 0 14.386766272 0
2457460.5 15.9732870578 0 14.4847819566 0
2457461.5 15.9249743415 0 14.4327717173 0
2457462.5 15.8406504221 0 14.3379401007 0
2457463.5 15.8626092009 0 14.3665174607 0
2457464.5 16.0866383344 0 14.6163874419 0
2457465.5 16.0831660999 0 14.6086793655 0
2457466.5 16.0649499154 0 14.5853688831 0
2457467.5 16.0657429577 0 14.5915307253 0
2457468.5 16.0556063364 0 14.5852177109 0
2457469.5 15.4753132091 0 13.9154094682 0
2457470.5 15.4383311247 0 13.8747434382 0
2457471.5 15.4761316868 0 13.9228982815 0
2457472.5 15.4558440064 0 13.8919395672 0
2457473.5 15.5161517473 0 13.9691342785 0
2457474.5 15.4379330487 0 13.8827666468 0
2457475.5 15.5299147474 0 13.9993433813 0
2457476.5 15.4758588484 0 13.9283904517 0
2457477.5 15.4888349526 0 13.9408504668 0
2457478.5 15.4505053556 0 13.8935336837 0
2457479.5 15.3739408987 0 13.8071096459 0
2457480.5 15.3647005712 0 13.8019743856 0
2457481.5 16.9271353167 0 15.5690294009 0
2457482.5 16.8929199496 0 15.5334773832 0
2457483.5 16.8030000015 0 15.436576883 0
2457484.5 16.6380587906 0 15.2563988263 0
2457485.5 16.5809896878 0 15.1864268425 0
2457486.5 16.4172374832 0 15.0065244269 0
2457487.5 16.6351044672 0 15.2508768326 0
2457488.5 16.4870901789 0 15.0865725928 0
2457489.5 16.5227774323 0 15.1284961018 0
2457490.5 16.4145433567 0 15.0075531868 0
2457491.5 15.7982895775 0 14.3151605147 0
2457492.5 15.6998327694 0 14.1997397465 0
2457493.5 15.768077403 0 14.2729303353 0
2457494.5 15.7704518645 0 14.278246503 0
2457495.5 15.7205356885 0 14.2257106486 0
2457496.5 16.2849923529 0 14.8663060492 0
2457497.5 16.1887802375 0 14.7635723917 0
2457498.5 16.3387761314 0 14.9269099719 0
2457499.5 16.414569326 0 15.0094249158 0
2457500.5 15.5529668455 0 14.0286072161 0
2457501.5 15.5356810844 0 14.0069516229 0
2457502.5 15.5751655075 0 14.0517792733 0
2457503.5 15.6054397147 0 14.0919481233 0
2457504.5 16.8264423984 0 15.4607805777 0
2457505.5 16.8367529477 0 15.4681730476 0
2457506.5 16.6904270147 0 15.3108998683 0
2457507.5 16.5838328714 0 15.1943182119 0
2457508.5 16.5238969659 0 15.1248507034 0
2457509.5 16.133349122 0 14.6858292972 0
2457510.5 16.0570672865 0 14.5986808661 0
2457511.5 16.1374658699 0 14.6908755148 0
2457512.5 15.9959417352 0 14.5347064165 0
2457513.5 15.9793039086 0 14.5201309352 0
2457514.5 15.9907187935 0 14.5379670337 0
2457515.5 16.4310259017 0 15.0262172792 0
2457516.5 16.527312596 0 15.1316633841 0
2457517.5 16.5587095298 0 15.1619045201 0
2457518.5 16.3789859754 0 14.9670808281 0
2457519.5 16.3450747951 0 14.9277446654 0
2457520.5 15.8892802757 0 14.4132709392 0
2457521.5 16.0124235155 0 14.5492314631 0
2457522.5 16.105372168 0 14.6442093921 0
2457523.5 16.1286610208 0 14.6748365297 0
2457524.5 16.119157307 0 14.6609322112 0
2457525.5 16.0692798799 0 14.6079776913 0
2457526.5 15.4432337675 0 13.8896494088 0
2457527.5 15.4376719161 0 13.8777999926 0
2457528.5 15.3881488288 0 13.8139479255 0
2457529.5 15.3626872685 0 13.7800797063 0
2457530.5 15.3759457255 0 13.795974265 0
2457531.5 15.4570337445 0 13.8867123891 0
2457532.5 16.4839765964 0 15.0681721884 0
2457533.5 16.6433310167 0 15.2440100674 0
2457534.5 16.5211207871 0 15.1049798242 0
2457535.5 16.3668769639 0 14.9337934983 0
2457536.5 16.3584492263 0 14.9242720137 0
2457537.5 16.764719367 0 15.3767760063 0
2457538.5 16.8962950523 0 15.51769786 0
2457539.5 16.8646719373 0 15.4838123544 0
2457540.5 16.7196275121 0 15.3259832642 0
2457541.5 16.6466907227 0 15.2419448832 0
2457542.5 15.5843070418 0 14.0387728295 0
2457543.5 15.702994534 0 14.1722991756 0
2457544.5 15.6791214303 0 14.1478847567 0
2457545.5 15.7249743505 0 14.2002271858 0
2457546.5 16.5279519516 0 15.1078361793 0
2457547.5 16.5998467633 0 15.1882706959 0
2457548.5 16.5798860388 0 15.1622056559 0
2457549.5 16.6874789583 0 15.2835505635 0
2457550.5 16.6615995037 0 15.2564828384 0
2457551.5 16.7308984099 0 15.3322115696 0
2457552.5 16.1447725362 0 14.6743055271 0
2457553.5 16.1210054297 0 14.6492194482 0
2457554.5 16.0277900138 0 14.5487677723 0
2457555.5 16.0431815723 0 14.5683693662 0
2457556.5 16.1425939664 0 14.6793411738 0
2457557.5 16.1449361521 0 14.6796693087 0
2457558.5 16.0915904155 0 14.6171296754 0
2457559.5 15.9692689943 0 14.4798712526 0
2457560.5 16.0372761016 0 14.5553164591 0
2457561.5 16.1251639965 0 14.658935865 0
2457562.5 16.1827515931 0 14.7191310861 0
2457563.5 16.2132730815 0 14.7541557285 0
2457564.5 16.3618860064 0 14.9177211274 0
2457565.5 16.5423134014 0 15.1145105096 0
2457566.5 16.685534776 0 15.2763688135 0
2457567.5 16.8260664641 0 15.4331288162 0
2457568.5 16.8539282394 0 15.4648090616 0
2457569.5 16.8649168984 0 15.479992765 0
2457570.5 16.3950653929 0 14.9579878575 0
2457571.5 16.4859085255 0 15.0632421365 0
2457572.5 16.516098403 0 15.0994723136 0
2457573.5 16.455881579 0 15.0328873359 0
2457574.5 16.4897069401 0 15.0726913882 0
2457575.5 16.6260879385 0 15.2193817363 0
2457576.5 16.566871058 0 15.1496958616 0
2457577.5 16.4162686681 0 14.982482578 0
2457578.5 16.3576266068 0 14.9143124437 0
2457579.5 16.2829178819 0 14.8248600569 0
2457580.5 16.1722940538 0 14.6992472614 0
2457581.5 16.1663130975 0 14.6875141931 0
2457582.5 16.1191493936 0 14.6385419104 0
2457583.5 16.3573263865 0 14.9113706186 0
2457584.5 16.4170164211 0 14.977972797 0
2457585.5 16.315272489 0 14.8691117532 0
2457586.5 16.2561952403 0 14.8211970695 0
2457587.5 16.1968909104 0 14.7509330438 0
2457588.5 16.0968809122 0 14.6430177257 0
2457589.5 16.237248903 0 14.7964048839 0
2457590.5 16.3200840069 0 14.8916208346 0
2457591.5 16.269684102 0 14.8332377943 0
2457592.5 16.3399407365 0 14.9155693561 0
2457593.5 16.4244325006 0 15.0111669173 0
2457594.5 16.4043179286 0 14.9921945377 0
2457595.5 16.4571456585 0 15.0498157074 0
2457596.5 16.4946850023 0 15.0904839348 0
2457597.5 15.9831807623 0 14.5213130783 0
2457598.5 16.0658090224 0 14.6099006176 0
2457599.5 16.0554094338 0 14.5951223429 0
2457600.5 15.94204973 0 14.4709353608 0
2457601.5 15.8383725006 0 14.3588358575 0
2457602.5 15.8586087253 0 14.3821255494 0
2457603.5 16.8505579327 0 15.4907813771 0
2457604.5 16.6953232869 0 15.3211924404 0
2457605.5 16.6675851032 0 15.2917488706 0
2457606.5 16.7199381651 0 15.3450741541 0
2457607.5 16.8481947416 0 15.4859986226 0
2457608.5 16.537776589 0 15.1480829266 0
2457609.5 16.5984521 0 15.215951146 0
2457610.5 16.6722576372 0 15.3007772838 0
2457611.5 16.616926618 0 15.2408104127 0
2457612.5 16.5900482709 0 15.2108130406 0
2457613.5 16.4019636258 0 15.0046102556 0
2457614.5 16.3017053679 0 14.8942051736 0
2457615.5 16.4604373357 0 15.0699968813 0
2457616.5 16.3300708356 0 14.9278879073 0
2457617.5 15.2202076669 0 13.6704705222 0
2457618.5 15.1343730197 0 13.5675803593 0
2457619.5 14.9630194929 0 13.3857341632 0
2457620.5 14.9566130868 0 13.3779197237 0
2457621.5 15.0351868888 0 13.4666097183 0
2457622.5 14.9868255864 0 13.4065899348 0
2457623.5 15.0917789197 0 13.540184917 0
2457624.5 15.0268412209 0 13.4584305523 0
2457625.5 15.063826814 0 13.4966987034 0
2457626.5 15.1394769317 0 13.5848990596 0
2457627.5 15.1841196991 0 13.6315940986 0
2457628.5 15.5462425504 0 14.0557051415 0
2457629.5 15.4432866818 0 13.9385035002 0
2457630.5 15.4699893434 0 13.9712706115 0
2457631.5 15.4771952494 0 13.9840340954 0
2457632.5 15.5298850312 0 14.0469387543 0
2457633.5 15.3305445908 0 13.8198536705 0
2457634.5 15.4336675788 0 13.9356942279 0
2457635.5 15.4337078875 0 13.930160623 0
2457636.5 15.4912477892 0 13.9918193994 0
2457637.5 15.6369237099 0 14.153904587 0
2457638.5 15.4924170036 0 13.9923974093 0
2457639.5 15.6330789103 0 14.1499437355 0
2457640.5 15.5470393925 0 14.0495465427 0
2457641.5 15.5043775956 0 14.0011103125 0
2457642.5 15.5057094538 0 14.0077231799 0
2457643.5 15.4755882659 0 13.9715956351 0
2457644.5 15.5093744354 0 14.0124786213 0
2457645.5 15.2045786919 0 13.6490733763 0
2457646.5 15.2381440747 0 13.6917598115 0
2457647.5 15.2754912176 0 13.743461475 0
2457648.5 15.2658425829 0 13.7357084145 0
2457649.5 15.2682492517 0 13.7352493696 0
2457650.5 16.4039491263 0 15.0210736539 0
2457651.5 16.3429845186 0 14.9571316834 0
2457652.5 16.2564570128 0 14.8612025112 0
2457653.5 16.3411898622 0 14.9543516892 0
2457654.5 16.2068102869 0 14.8071946011 0
2457655.5 16.362202719 0 14.9789914566 0
2457656.5 16.0543947746 0 14.6249051111 0
2457657.5 16.1519818851 0 14.7316087017 0
2457658.5 16.3073937612 0 14.9009056175 0
2457659.5 16.1957383715 0 14.7773038512 0
2457660.5 16.3792547308 0 14.9778398138 0
2457661.5 16.5655038575 0 15.1868480814 0
2457662.5 16.6289000022 0 15.259576973 0
2457663.5 16.5535333502 0 15.1750356394 0
2457664.5 16.4464517188 0 15.0525981906 0
2457665.5 16.3945161447 0 14.9924047601 0
2457666.5 16.3662512171 0 14.9585363724 0
2457667.5 15.8993312084 0 14.4404297764 0
2457668.5 15.9776154847 0 14.5281426993 0
2457669.5 15.9959094026 0 14.5438149999 0
2457670.5 15.9456124386 0 14.484309872 0
2457671.5 15.9966467724 0 14.5406761868 0
2457672.5 15.97198317 0 14.5165977738 0
2457673.5 16.0970839909 0 14.6521385728 0
2457674.5 16.0048327029 0 14.5525907077 0
2457675.5 15.9079806694 0 14.4419145122 0
2457676.5 15.9963928628 0 14.5391829724 0
2457677.5 16.4847170755 0 15.0870430362 0
2457678.5 16.5227496243 0 15.1284012675 0
2457679.5 16.3831384138 0 14.9769604069 0
2457680.5 16.4651550179 0 15.0647011365 0
2457681.5 16.5002267036 0 15.1003616577 0
2457682.5 16.5905551057 0 15.2001892534 0
2457683.5 16.1340647628 0 14.6927997838 0
2457684.5 16.2355027519 0 14.8105725376 0
2457685.5 16.3247595065 0 14.9085095941 0
2457686.5 16.3728428827 0 14.963718604 0
2457687.5 16.3969927045 0 14.9947123326 0
2457688.5 16.2895159945 0 14.8730629711 0
2457689.5 16.2102908957 0 14.789703729 0
2457690.5 16.0621698675 0 14.628163374 0
2457691.5 16.2814879702 0 14.8640391054 0
2457692.5 16.2663353538 0 14.8435516197 0
2457693.5 16.3049582132 0 14.8909027982 0
2457694.5 16.77825879 0 15.4104106632 0
2457695.5 16.6725155047 0 15.2939856723 0
2457696.5 16.7326171211 0 15.3590027335 0
2457697.5 16.672782556 0 15.2964357815 0
2457698.5 16.5483469322 0 15.1612865015 0
2457699.5 15.8214083179 0 14.3491541864 0
2457700.5 15.9522460551 0 14.4928069757 0
2457701.5 16.1148315483 0 14.6717603233 0
2457702.5 16.1146199705 0 14.6729920096 0
2457703.5 15.993371713 0 14.5413193065 0
2457704.5 15.9476958586 0 14.4922069143 0
2457705.5 16.3323278473 0 14.9192853445 0
2457706.5 16.425855443 0 15.0237250918 0
2457707.5 16.2731947256 0 14.8545700525 0
2457708.5 16.3133748741 0 14.8999199907 0
2457709.5 16.4771812615 0 15.0787280701 0
2457710.5 16.440337299 0 15.040204277 0
2457711.5 15.7277349949 0 14.2449599329 0
2457712.5 15.6773517945 0 14.1853199389 0
2457713.5 15.5675720117 0 14.0599119725 0
2457714.5 15.6693357388 0 14.1730253407 0
2457715.5 15.7488166028 0 14.2658832824 0
2457716.5 15.7292452524 0 14.2373495862 0
2457717.5 16.4789641833 0 15.0796436889 0
2457718.5 16.5751226569 0 15.1883086613 0
2457719.5 16.5533994033 0 15.1635877417 0
2457720.5 16.6713958212 0 15.293925323 0
2457721.5 16.5373899805 0 15.1449900424 0
2457722.5 16.6119944676 0 15.2241470813 0
2457723.5 16.6952534358 0 15.3130771361 0
2457724.5 16.5588277064 0 15.1608960901 0
2457725.5 16.4971110553 0 15.0955427429 0
2457726.5 16.5817444083 0 15.1937603773 0
2457727.5 16.5087998369 0 15.111168697 0
2457728.5 15.9859079082 0 14.525090868 0
2457729.5 16.0061308643 0 14.5454938942 0
2457730.5 16.0273337636 0 14.5664537247 0
2457731.5 15.9045069174 0 14.429259018 0
2457732.5 15.9195111924 0 14.449822006 0
2457733.5 16.7319297383 0 15.3565858239 0
2457734.5 16.6893381154 0 15.3125748701 0
2457735.5 16.7148476922 0 15.3407399024 0
2457736.5 16.7340580752 0 15.3595819844 0
2457737.5 16.8291747485 0 15.4599244963 0
2457738.5 16.7433005427 0 15.3643781006 0
2457739.5 15.5653629981 0 14.0416947303 0
2457740.5 15.5700698091 0 14.0417490801 0
2457741.5 15.5755637273 0 14.0447393672 0
2457742.5 15.5657823193 0 14.0361000447 0
2457743.5 15.5483741011 0 14.0203519855 0
2457744.5 15.4168132424 0 13.8591221214 0
2457745.5 15.4683461838 0 13.9278151906 0
2457746.5 15.3528031893 0 13.7968668843 0
2457747.5 15.2992056088 0 13.7314182487 0
2457748.5 15.2303402271 0 13.6509759957 0
2457749.5 15.1327481938 0 13.5362212794 0
2457750.5 16.012558421 0 14.5653451015 0
2457751.5 16.0601320099 0 14.6142421676 0
2457752.5 16.1939575622 0 14.7624316149 0
2457753.5 16.2838979439 0 14.8625591337 0
2457754.5 16.3744550046 0 14.961874176 0
2457755.5 15.5465119311 0 14.0294103101 0
2457756.5 15.3475446463 0 13.8165778622 0
2457757.5 15.2802728945 0 13.7399737562 0
2457758.5 15.3397506738 0 13.804359203 0
2457759.5 15.303553628 0 13.7658265978 0
2457760.5 15.302626817 0 13.7673406734 0
2457761.5 15.4969479282 0 13.9910479118 0
2457762.5 15.4997641838 0 13.9927378367 0
2457763.5 15.581690969 0 14.0825295015 0
2457764.5 15.5525417877 0 14.05240508 0
2457765.5 15.5438712944 0 14.0485476039 0
2457766.5 15.501648454 0 14.0009389841 0
2457767.5 15.1943526234 0 13.643580599 0
2457768.5 15.2631054193 0 13.7195715757 0
2457769.5 15.3330499298 0 13.8058177687 0
2457770.5 15.3721656721 0 13.8524114869 0
2457771.5 15.291999892 0 13.7655019549 0
2457772.5 15.227668381 0 13.6883636386 0
2457773.5 15.2444832211 0 13.7023167676 0
2457774.5 15.2098245536 0 13.6661939028 0
2457775.5 15.7734365596 0 14.3122966013 0
2457776.5 15.8615247526 0 14.4090902196 0
2457777.5 15.8717698246 0 14.4176233831 0
2457778.5 15.8271717186 0 14.3640026588 0
2457779.5 15.8186341609 0 14.3508725779 0
2457780.5 15.8321524333 0 14.3640776071 0
2457781.5 15.2408857722 0 13.6836820687 0
2457782.5 15.195865082 0 13.6224484625 0
2457783.5 15.2112770873 0 13.6343310892 0
2457784.5 15.2678701179 0 13.6964025577 0
2457785.5 16.0070695441 0 14.5557649266 0
2457786.5 16.0052856222 0 14.5558240632 0
2457787.5 16.0696185914 0 14.6319202224 0
2457788.5 16.0265132197 0 14.5812665491 0
2457789.5 15.8065651031 0 14.3353139466 0
2457790.5 15.9109320474 0 14.4490399679 0
2457791.5 15.8143277885 0 14.3416591563 0
2457792.5 15.6728695577 0 14.1906279239 0
2457793.5 15.9304773976 0 14.4831625965 0
2457794.5 16.0462383155 0 14.6101204676 0
2457795.5 16.0282946018 0 14.5909584785 0
2457796.5 15.936395001 0 14.4861433035 0
2457797.5 16.5466179019 0 15.1634096471 0
2457798.5 16.5639178399 0 15.1813418262 0
2457799.5 16.6861518358 0 15.315206815 0
2457800.5 16.5085022558 0 15.1220945937 0
2457801.5 16.5010821886 0 15.1156543946 0
2457802.5 15.8027020867 0 14.3402443904 0
2457803.5 15.9140403712 0 14.4665004897 0
2457804.5 15.8404158929 0 14.3852009296 0
2457805.5 15.8596188463 0 14.4050121511 0
2457806.5 15.9297902572 0 14.4864050887 0
2457807.5 16.4784424318 0 15.0931718631 0
2457808.5 16.5105272434 0 15.1310666247 0
2457809.5 16.543956815 0 15.1647284418 0
2457810.5 16.6849298542 0 15.3195425729 0
2457811.5 16.7050003587 0 15.3433661722 0
2457812.5 16.8562313432 0 15.5061158713 0
2457813.5 15.5533434488 0 14.0468660916 0
2457814.5 15.549085909 0 14.0418919299 0
2457815.5 15.503528404 0 13.9940021729 0
2457816.5 15.5557845961 0 14.0555045074 0
2457817.5 15.9083184806 0 14.456386873 0
2457818.5 16.0462403076 0 14.6070776088 0
2457819.5 16.0598605075 0 14.6181710304 0
2457820.5 16.0880508692 0 14.6537680036 0
2457821.5 16.1297902707 0 14.6968556615 0
2457822.5 15.6888429455 0 14.1961193898 0
2457823.5 15.7445791761 0 14.263335221 0
2457824.5 15.7163099741 0 14.2249159541 0
2457825.5 15.7625983788 0 14.2758531792 0
2457826.5 15.8236970247 0 14.3475563763 0
2457827.5 15.7466541399 0 14.2650911986 0
2457828.5 16.081433256 0 14.6434054211 0
2457829.5 16.2010872324 0 14.7797829831 0
2457830.5 16.09530618 0 14.6621962113 0
2457831.5 16.0920275858 0 14.6614249167 0
2457832.5 16.1557037416 0 14.7340059436 0
2457833.5 16.1216858263 0 14.6963851967 0
2457834.5 15.3150240908 0 13.7802703349 0
2457835.5 15.2998813177 0 13.7602192718 0
2457836.5 15.1994903459 0 13.6426431057 0
2457837.5 15.1960634081 0 13.6341983807 0
2457838.5 15.1555237018 0 13.582154595 0
2457839.5 15.2137159633 0 13.6517224847 0
2457840.5 15.6559383646 0 14.1755806584 0
2457841.5 15.6107817334 0 14.1194168016 0
2457842.5 15.6290693678 0 14.1436274933 0
2457843.5 15.6093222452 0 14.1242020825 0
2457844.5 15.7104274844 0 14.2387515998 0
2457845.5 15.9693132691 0 14.533191012 0
2457846.5 15.8820855786 0 14.4333249869 0
2457847.5 15.8048821575 0 14.3422472612 0
2457848.5 15.76726293 0 14.3008691358 0
2457849.5 15.3470681836 0 13.81142062 0
2457850.5 15.3241776961 0 13.7845282993 0
2457851.5 15.351647548 0 13.8098779582 0
2457852.5 15.4013960181 0 13.8660593988 0
2457853.5 16.5793381222 0 15.1987356917 0
2457854.5 16.4560322445 0 15.0596884745 0
2457855.5 16.4618431862 0 15.0695339961 0
2457856.5 16.3012323177 0 14.8961097324 0
2457857.5 16.3922041124 0 14.9987824869 0
2457858.5 16.3487100584 0 14.9482724442 0
2457859.5 15.4347789632 0 13.9205544072 0
2457860.5 15.5030154459 0 13.9924609362 0
2457861.5 15.4913321163 0 13.981402061 0
2457862.5 15.3760031352 0 13.8523726255 0
2457863.5 16.0544469618 0 14.6243357462 0
2457864.5 15.937393422 0 14.4955243259 0
2457865.5 15.9269776977 0 14.4870297045 0
2457866.5 15.9261921168 0 14.4869511848 0
2457867.5 15.9033843164 0 14.4613998403 0
2457868.5 15.9471224156 0 14.5114596825 0
2457869.5 16.0446290139 0 14.6161968163 0
2457870.5 16.1186853476 0 14.6948700934 0
2457871.5 16.0914310836 0 14.6630118349 0
2457872.5 15.9597965707 0 14.5202321316 0
2457873.5 15.9040057599 0 14.4563414664 0
2457874.5 16.0030442447 0 14.5697681394 0
2457875.5 15.8592726117 0 14.4125299496 0
2457876.5 15.8361955022 0 14.3866181524 0
2457877.5 15.8434193856 0 14.3948657718 0
2457878.5 15.5172743215 0 14.0298958285 0
2457879.5 15.5418556772 0 14.0556587331 0
2457880.5 15.4523209654 0 13.9490448188 0
2457881.5 15.379409708 0 13.8636252581 0
2457882.5 15.3402878052 0 13.8241950589 0
2457883.5 15.2383531166 0 13.7084272566 0
2457884.5 15.122104192 0 13.566802216 0
2457885.5 15.1332752928 0 13.5774315266 0
2457886.5 15.2077544295 0 13.6675745025 0
2457887.5 15.2159829384 0 13.6834401717 0
2457888.5 15.3128773895 0 13.796154808 0
2457889.5 15.4205971123 0 13.9210566995 0
2457890.5 15.3841207198 0 13.8834842947 0
2457891.5 15.4643397135 0 13.9772836928 0
2457892.5 15.2293566082 0 13.7003175116 0
2457893.5 15.311382991 0 13.7972003266 0
2457894.5 15.4069172674 0 13.9085761305 0
2457895.5 15.4995761601 0 13.9858773793 0
2457896.5 15.4015152928 0 13.8717480823 0
2457897.5 15.520621841 0 14.0059763208 0
2457898.5 15.9063459762 0 14.4423249896 0
2457899.5 15.9978619562 0 14.5488193634 0
2457900.5 16.0932295982 0 14.6605119988 0
2457901.5 16.2486904882 0 14.8332452435 0
2457902.5 15.4833315013 0 13.9626021259 0
2457903.5 15.4264046047 0 13.891747069 0
2457904.5 15.4243711032 0 13.8859731475 0
2457905.5 15.3923488519 0 13.8543514185 0
2457906.5 15.3362034064 0 13.7948479822 0
2457907.5 15.2586557976 0 13.7025987322 0
2457908.5 16.4610451604 0 15.0662840796 0
2457909.5 16.3776567113 0 14.9752016047 0
2457910.5 16.5080262084 0 15.1212542878 0
2457911.5 16.3808853169 0 14.9802551983 0
2457912.5 16.2850065364 0 14.8744722237 0
2457913.5 16.6440454607 0 15.2690863721 0
2457914.5 16.7420039146 0 15.3735602267 0
2457915.5 16.7326524657 0 15.3622558012 0
2457916.5 16.7452074893 0 15.3734592983 0
2457917.5 16.8742788147 0 15.5174087797 0
2457918.5 17.0307350962 0 15.6904860157 0
2457919.5 15.9106657605 0 14.4510295166 0
2457920.5 15.9080884168 0 14.452597684 0
2457921.5 15.9129227253 0 14.4625428675 0
2457922.5 15.8047404348 0 14.3422081628 0
2457923.5 15.7447438718 0 14.2783671456 0
2457924.5 15.7239138448 0 14.2503909466 0
2457925.5 15.8590986975 0 14.3875257021 0
2457926.5 15.8909072156 0 14.4193048943 0
2457927.5 15.8675841405 0 14.3918478834 0
2457928.5 16.4668327567 0 15.0666462921 0
2457929.5 16.5184774238 0 15.1212007508 0
2457930.5 16.5491109484 0 15.156800833 0
2457931.5 16.6646012565 0 15.2814026676 0
2457932.5 16.6010472761 0 15.2112480703 0
2457933.5 15.8826626343 0 14.4102362166 0
2457934.5 15.8523738625 0 14.378754929 0
2457935.5 15.9044052689 0 14.4431516112 0
2457936.5 15.8627171045 0 14.3927194771 0
2457937.5 16.4205809224 0 15.0144038227 0
2457938.5 16.3966283466 0 14.9836958435 0
2457939.5 16.2775799229 0 14.8508198185 0
2457940.5 16.2022839093 0 14.7642441514 0
2457941.5 16.2134825433 0 14.777376374 0
2457942.5 16.5033335419 0 15.095908209 0
2457943.5 16.6887326143 0 15.2981633269 0
2457944.5 16.5500574464 0 15.1461250232 0
2457945.5 16.4737452596 0 15.0625618483 0
2457946.5 16.502926064 0 15.0938250881 0
2457947.5 16.0744882193 0 14.6097770662 0
2457948.5 16.0248938024 0 14.5512318301 0
2457949.5 15.905191982 0 14.4166053206 0
2457950.5 15.9941230933 0 14.5227805018 0
2457951.5 15.9729733754 0 14.5034665489 0
2457952.5 15.9747838174 0 14.5007409271 0
2457953.5 15.7005752042 0 14.1893710495 0
2457954.5 15.7618004869 0 14.2650387814 0
2457955.5 15.8023978579 0 14.3129601166 0
2457956.5 15.681606461 0 14.1763802076 0
2457957.5 15.7885218476 0 14.2932402766 0
2457958.5 15.7422354029 0 14.2390699288 0
2457959.5 15.7423306915 0 14.2358537702 0
2457960.5 15.6321324178 0 14.1092578204 0
2457961.5 15.7288774234 0 14.2192841508 0
2457962.5 15.787412475 0 14.2884613322 0
2457963.5 16.731913148 0 15.3448846931 0
2457964.5 16.6761981859 0 15.280510592 0
2457965.5 16.564605732 0 15.158444118 0
2457966.5 16.6259709473 0 15.2216493989 0
2457967.5 16.7770391397 0 15.385470641 0
2457968.5 16.4762335955 0 15.0527608279 0
2457969.5 16.4552140049 0 15.0303021 0
2457970.5 16.3706045055 0 14.933846618 0
2457971.5 16.4562726054 0 15.0255700183 0
2457972.5 16.4438836786 0 15.0100981262 0
2457973.5 15.6627769034 0 14.1112366285 0
2457974.5 15.6986074557 0 14.1524865259 0
2457975.5 15.7256708443 0 14.1805751498 0
2457976.5 15.754770612 0 14.2117811849 0
2457977.5 15.7891105333 0 14.2572112939 0
2457978.5 15.8094858856 0 14.2789666478 0
2457979.5 15.77166867 0 14.2270380318 0
2457980.5 15.7917120229 0 14.2465063239 0
2457981.5 15.8081873486 0 14.2578058016 0
2457982.5 15.8678026399 0 14.3263892694 0
2457983.5 15.8969780186 0 14.363872116 0
2457984.5 15.9140446546 0 14.3834458433 0
2457985.5 15.963776502 0 14.4462987862 0
2457986.5 15.9607173239 0 14.4448458114 0
2457987.5 16.1734603556 0 14.6638527674 0
2457988.5 16.2116797071 0 14.7100622515 0
2457989.5 16.3015397408 0 14.8141357502 0
2457990.5 16.6333104088 0 15.1862284643 0
2457991.5 16.4604244158 0 14.9971341847 0
2457992.5 16.6013808294 0 15.1553439183 0
2457993.5 16.496550351 0 15.0359120682 0
2457994.5 16.5608578799 0 15.1111433183 0
2457995.5 16.6738397503 0 15.2336149507 0
2457996.5 16.060379361 0 14.539398903 0
2457997.5 16.0729940291 0 14.5460026433 0
2457998.5 16.1223062096 0 14.6022292625 0
2457999.5 16.1944210028 0 14.6856065758 0
2458000.5 16.181888017 0 14.666599889 0
2458001.5 17.1102842469 0 15.71437495 0
2458002.5 17.2439397492 0 15.8630038582 0
2458003.5 17.3653589958 0 16.0007294303 0
2458004.5 17.4472222024 0 16.0867724448 0
2458005.5 17.389224976 0 16.0187081773 0
2458006.5 17.3332601421 0 15.9546642021 0
2458007.5 17.2131106877 0 15.8241116478 0
2458008.5 17.2456787004 0 15.8629504917 0
2458009.5 17.3830891998 0 16.0149503257 0
2458010.5 16.3321508169 0 14.8393296723 0
2458011.5 16.2380435683 0 14.7357545799 0
2458012.5 16.3213420146 0 14.8314793464 0
2458013.5 16.3017536205 0 14.8053189717 0
2458014.5 16.2119571523 0 14.708853407 0
2458015.5 16.2740007059 0 14.778421416 0
2458016.5 16.3500965687 0 14.8624797355 0
2458017.5 16.3160833286 0 14.8235700064 0
2458018.5 16.2713163119 0 14.7725764585 0
2458019.5 16.0906558237 0 14.5602924067 0
2458020.5 16.1836630121 0 14.6594713034 0
2458021.5 16.1819518665 0 14.6590413453 0
2458022.5 16.2193903096 0 14.7088226842 0
2458023.5 16.3116001163 0 14.8093193809 0
2458024.5 16.3761624606 0 14.8773854455 0
2458025.5 17.53354491 0 16.1740406152 0
2458026.5 17.4074651963 0 16.0397822717 0
2458027.5 17.3974731677 0 16.0277709879 0
2458028.5 17.4165280769 0 16.0494632361 0
2458029.5 17.6267747314 0 16.2760335756 0
2458030.5 16.3164537515 0 14.8107521993 0
2458031.5 16.2973577613 0 14.7870189211 0
2458032.5 16.3472329378 0 14.8491914239 0
2458033.5 16.2829062029 0 14.7799088614 0
2458034.5 16.35167185 0 14.8541048357 0
2458035.5 16.487321281 0 15.0032814887 0
2458036.5 16.5018326984 0 15.0266621681 0
2458037.5 16.5098622961 0 15.0413806194 0
2458038.5 16.4065603454 0 14.9244026455 0
2458039.5 17.0195923105 0 15.6117025397 0
2458040.5 16.982884059 0 15.5686196389 0
2458041.5 16.9496813807 0 15.5310470458 0
2458042.5 16.8706879315 0 15.4406143041 0
2458043.5 17.048688241 0 15.6356283132 0
2458044.5 16.1359758596 0 14.6015099294 0
2458045.5 16.0967151375 0 14.5488236627 0
2458046.5 16.0594456031 0 14.5075185313 0
2458047.5 16.1154289172 0 14.5693328373 0
2458048.5 16.1142745023 0 14.5768935763 0
2458049.5 16.1488966234 0 14.6227153444 0
2458050.5 17.2137861306 0 15.8226755199 0
2458051.5 17.3711144905 0 15.988346166 0
2458052.5 17.2728019031 0 15.8808861962 0
2458053.5 17.3198065103 0 15.9325063201 0
2458054.5 17.2046971242 0 15.8070965252 0
2458055.5 17.1223901738 0 15.7122613211 0
2458056.5 17.5975052754 0 16.2375387306 0
2458057.5 17.6025388674 0 16.2467331169 0
2458058.5 17.7990161196 0 16.459211466 0
2458059.5 17.7331300899 0 16.3893074138 0
2458060.5 17.2672165831 0 15.8815741202 0
2458061.5 17.2951778538 0 15.9089201852 0
2458062.5 17.3355495044 0 15.9583657216 0
2458063.5 17.369637367 0 15.9948939949 0
2458064.5 17.0973252898 0 15.699316799 0
2458065.5 17.1279575672 0 15.7366972405 0
2458066.5 17.0781097562 0 15.6867281178 0
2458067.5 17.006590439 0 15.6109301916 0
2458068.5 17.1858382396 0 15.8049915381 0
2458069.5 17.0560577562 0 15.6666490648 0
2458070.5 15.9841086695 0 14.4506419197 0
2458071.5 16.0291559937 0 14.4953353633 0
2458072.5 16.1141911821 0 14.5912289169 0
2458073.5 16.2055951006 0 14.6937017831 0
2458074.5 16.3142972202 0 14.818832983 0
2458075.5 16.1146905929 0 14.5932104608 0
2458076.5 16.2149150035 0 14.7099533588 0
2458077.5 16.1605849591 0 14.6466962392 0
2458078.5 16.1368445002 0 14.6111232449 0
2458079.5 16.0900114804 0 14.5638190487 0
2458080.5 16.1363283035 0 14.6109130553 0
2458081.5 16.1396357148 0 14.6184406934 0
2458082.5 16.3614697003 0 14.8449691805 0
2458083.5 16.2633847535 0 14.733965153 0
2458084.5 16.2320543111 0 14.6922738271 0
2458085.5 16.2155268331 0 14.6805879672 0
2458086.5 16.6334360137 0 15.1587799856 0
2458087.5 16.556938878 0 15.0677541097 0
2458088.5 16.6010368394 0 15.1146022078 0
2458089.5 16.6164650654 0 15.1351609524 0
2458090.5 16.6509376858 0 15.1773182986 0
2458091.5 16.7180946012 0 15.2468091567 0
2458092.5 16.4324266489 0 14.9169343314 0
2458093.5 16.3884603079 0 14.8691184902 0
2458094.5 16.3750134568 0 14.8599248788 0
2458095.5 16.3923266233 0 14.8866563624 0
2458096.5 16.4438656182 0 14.9466607658 0
2458097.5 16.5185446936 0 15.0345184566 0
2458098.5 17.1323813604 0 15.7256884265 0
2458099.5 17.1553319053 0 15.7521789848 0
2458100.5 17.2089140249 0 15.8141374846 0
2458101.5 17.0613654344 0 15.6531510403 0
2458102.5 16.0309787616 0 14.4731746454 0
2458103.5 15.9850107404 0 14.4142187771 0
2458104.5 16.0087172819 0 14.4332058072 0
2458105.5 16.0518186428 0 14.4796876839 0
2458106.5 16.022874523 0 14.4372943704 0
2458107.5 15.9916382832 0 14.3926611423 0
2458108.5 16.9544656624 0 15.5166810858 0
2458109.5 16.8160015607 0 15.3638984453 0
2458110.5 16.7446490778 0 15.2891150151 0
2458111.5 16.7971414878 0 15.3463977225 0
2458112.5 16.7669865385 0 15.3090083463 0
2458113.5 16.6854035101 0 15.2228898562 0
2458114.5 16.7482781918 0 15.2997980296 0
2458115.5 16.791400905 0 15.3499545295 0
2458116.5 17.1810621567 0 15.7869708362 0
2458117.5 17.151645336 0 15.759561549 0
2458118.5 17.1487275355 0 15.7572563384 0
2458119.5 17.1462932575 0 15.7586492715 0
2458120.5 17.1413356689 0 15.7698180492 0
2458121.5 17.1283499442 0 15.7515505376 0
2458122.5 16.1367396327 0 14.6420334765 0
2458123.5 16.1652970248 0 14.6757889621 0
2458124.5 16.1621670983 0 14.6658462115 0
2458125.5 16.2142560098 0 14.7285688379 0
2458126.5 16.2316727639 0 14.7496752673 0
2458127.5 16.2825336048 0 14.8025609217 0
2458128.5 15.9870849836 0 14.4587704229 0
2458129.5 15.9830247562 0 14.4562243393 0
2458130.5 15.9431294536 0 14.4074055701 0
2458131.5 15.8873572692 0 14.3496825408 0
2458132.5 15.9200061321 0 14.386550271 0
2458133.5 15.8292479495 0 14.2871457058 0
2458134.5 15.7990866455 0 14.2510830399 0
2458135.5 15.8085469322 0 14.2602304875 0
2458136.5 15.8475731999 0 14.3073328322 0
2458137.5 15.8991077628 0 14.3672107205 0
2458138.5 16.0994055428 0 14.6004280654 0
2458139.5 16.0015932544 0 14.4879066676 0
2458140.5 16.1221188061 0 14.6236730159 0
2458141.5 16.0618086429 0 14.5541212106 0
2458142.5 16.1260148379 0 14.6329309583 0
2458143.5 16.169619525 0 14.6824535522 0
2458144.5 16.1866868557 0 14.7071127108 0
2458145.5 16.1949355525 0 14.7210649879 0
2458146.5 16.3170251438 0 14.8544950347 0
2458147.5 16.195109517 0 14.7188955617 0
2458148.5 16.1961695725 0 14.7258098545 0
2458149.5 15.919504355 0 14.4385482233 0
2458150.5 16.5888523462 0 15.1922157232 0
2458151.5 16.7743017342 0 15.3945705196 0
2458152.5 16.7603183805 0 15.37836986 0
2458153.5 16.7801694437 0 15.3960779812 0
2458154.5 15.5815084285 0 14.0396561061 0
2458155.5 15.621847095 0 14.0862908016 0
2458156.5 15.5987494696 0 14.0645479323 0
2458157.5 15.577663481 0 14.0380554442 0
2458158.5 15.6212974131 0 14.0888087208 0
2458159.5 16.9653499729 0 15.6053102072 0
2458160.5 17.0718404068 0 15.7259343959 0
2458161.5 16.9455857386 0 15.5892343706 0
2458162.5 16.8268003575 0 15.4607417407 0
2458163.5 16.7242180177 0 15.3512414508 0
2458164.5 16.790478715 0 15.4247343736 0
2458165.5 16.068704458 0 14.6237505567 0
2458166.5 16.1044496636 0 14.6679624663 0
2458167.5 16.1646138234 0 14.7381285868 0
2458168.5 16.0758774207 0 14.6397162055 0
2458169.5 16.5114179681 0 15.120127897 0
2458170.5 16.5566373709 0 15.1697881128 0
2458171.5 16.6383759253 0 15.2604583552 0
2458172.5 16.6450453858 0 15.2704130413 0
2458173.5 15.7996044414 0 14.3256900765 0
2458174.5 15.8873712826 0 14.4289265949 0
2458175.5 16.0025706627 0 14.558212408 0
2458176.5 15.9298886857 0 14.4814149954 0
2458177.5 16.0850597954 0 14.6514720473 0
2458178.5 15.6544000766 0 14.1611235824 0
2458179.5 15.7627732835 0 14.2841715672 0
2458180.5 15.838494944 0 14.3670149388 0
2458181.5 15.903064499 0 14.4427057292 0
2458182.5 16.0195911512 0 14.5761335121 0
2458183.5 16.8151460695 0 15.4563903603 0
2458184.5 16.8526899891 0 15.5005563738 0
2458185.5 17.0126164764 0 15.6727906657 0
2458186.5 17.0640152288 0 15.7277579165 0
2458187.5 15.8745734838 0 14.4107970485 0
2458188.5 15.9613553679 0 14.5119554983 0
2458189.5 15.9817582046 0 14.5370224805 0
2458190.5 16.1098498183 0 14.6779351964 0
2458191.5 15.4412986139 0 13.9165272011 0
2458192.5 15.5227798958 0 14.0046089822 0
2458193.5 15.4003126171 0 13.8663299412 0
2458194.5 15.357898901 0 13.8108637891 0
2458195.5 15.8916879077 0 14.4278010911 0
2458196.5 15.8828063341 0 14.4156655396 0
2458197.5 15.8810125518 0 14.4129041746 0
2458198.5 15.7636984676 0 14.2805348519 0
2458199.5 15.8053331955 0 14.3227459214 0
2458200.5 15.4221371682 0 13.8770772135 0
2458201.5 15.3677295992 0 13.8100557481 0
2458202.5 15.4112766135 0 13.8691091942 0
2458203.5 15.5085934788 0 13.9828293828 0
2458204.5 15.5497641353 0 14.0343083042 0
2458205.5 15.6025714161 0 14.0928145476 0
2458206.5 15.4101831547 0 13.872219837 0
2458207.5 15.486460605 0 13.959876088 0
2458208.5 15.4896895996 0 13.9703554267 0
2458209.5 15.5588102075 0 14.0550019474 0
2458210.5 15.4232517173 0 13.9023933845 0
2458211.5 15.4856794786 0 13.9706965847 0
2458212.5 15.6217244702 0 14.1222319349 0
2458213.5 15.639330145 0 14.1424908639 0
2458214.5 15.7569388523 0 14.2760956186 0
2458215.5 15.7465478897 0 14.2581588247 0
2458216.5 15.7746469659 0 14.2879709553 0
2458217.5 15.8616848898 0 14.3900108345 0
2458218.5 15.7232064298 0 14.2260395478 0
2458219.5 15.7954240192 0 14.3074969124 0
2458220.5 15.7960431299 0 14.3026657962 0
2458221.5 15.8418617852 0 14.3613085611 0
2458222.5 15.5122306346 0 13.9773950238 0
2458223.5 15.4465756942 0 13.8949735707 0
2458224.5 15.5052105071 0 13.9625190258 0
2458225.5 15.4546143117 0 13.9108209978 0
2458226.5 15.5485389182 0 14.0186634152 0
2458227.5 15.5688535601 0 14.040916164 0
2458228.5 16.2796181001 0 14.8493709759 0
2458229.5 16.1814518126 0 14.744651816 0
2458230.5 16.1719712796 0 14.7304018987 0
2458231.5 16.2286783959 0 14.79098638 0
2458232.5 16.327668025 0 14.898982742 0
2458233.5 16.410401025 0 14.9873588201 0
2458234.5 15.5183751303 0 13.9643357326 0
2458235.5 15.5239524462 0 13.9620134631 0
2458236.5 15.5223823005 0 13.9644967792 0
2458237.5 15.4399393802 0 13.8679194015 0
2458238.5 15.5066216401 0 13.9472749079 0
2458239.5 15.4608456409 0 13.8929154948 0
2458240.5 15.4518601113 0 13.8861066331 0
2458241.5 15.365415269 0 13.7862987232 0
2458242.5 15.3944270238 0 13.8166709547 0
2458243.5 15.3853775799 0 13.8041473358 0
2458244.5 16.3673576998 0 14.9448006916 0
2458245.5 16.4820566018 0 15.0749751047 0
2458246.5 16.4236711635 0 15.0060029883 0
2458247.5 16.3949433573 0 14.977549435 0
2458248.5 16.3235199459 0 14.8977656259 0
2458249.5 16.3181834551 0 14.8952930838 0
2458250.5 15.4366484657 0 13.88567588 0
2458251.5 15.3422043073 0 13.7752724726 0
2458252.5 15.3512588562 0 13.7766914014 0
2458253.5 15.5405586047 0 13.967775606 0
2458254.5 15.522835251 0 13.9512622022 0
2458255.5 15.6134057051 0 14.0584791452 0
2458256.5 16.7058584503 0 15.3063167908 0
2458257.5 16.7144947793 0 15.3188418501 0
2458258.5 16.8569300735 0 15.4778055629 0
2458259.5 16.7996215564 0 15.4107559777 0
2458260.5 16.8765790705 0 15.4973897024 0
2458261.5 16.3364718547 0 14.8930140591 0
2458262.5 16.4505929183 0 15.0158707677 0
2458263.5 16.3691766305 0 14.9212637334 0
2458264.5 16.4014444294 0 14.9530064657 0
2458265.5 16.3344956615 0 14.8829780669 0
2458266.5 16.3114911069 0 14.8582513368 0
2458267.5 15.9240978898 0 14.4098748889 0
2458268.5 15.9896179994 0 14.4791606845 0
2458269.5 15.9235893889 0 14.4054704446 0
2458270.5 15.9486631093 0 14.4376377744 0
2458271.5 16.1352830535 0 14.6577762574 0
2458272.5 16.1231202946 0 14.6397910047 0
2458273.5 16.2205197932 0 14.7504618539 0
2458274.5 16.2375604538 0 14.7709477793 0
2458275.5 16.3159953945 0 14.861777841 0
2458276.5 15.7143510513 0 14.1728154985 0
2458277.5 15.7143814489 0 14.1763247844 0
2458278.5 15.7696245797 0 14.2362942924 0
2458279.5 15.8062333245 0 14.2803865474 0
2458280.5 16.7941155101 0 15.3968843718 0
2458281.5 16.7434335901 0 15.3441552041 0
2458282.5 16.708507506 0 15.3077555026 0
2458283.5 16.6877851711 0 15.2829925837 0
2458284.5 16.582565413 0 15.1622294832 0
2458285.5 16.6892475517 0 15.2851916335 0
2458286.5 17.0043286951 0 15.6368749094 0
2458287.5 16.8947836936 0 15.5143666531 0
2458288.5 17.0326952895 0 15.6678370102 0
2458289.5 16.9449460889 0 15.5704786499 0
2458290.5 16.9094720842 0 15.5289325973 0
2458291.5 16.9759363732 0 15.5990346503 0
2458292.5 15.9176176117 0 14.4085271199 0
2458293.5 15.852021601 0 14.3278503895 0
2458294.5 15.9599960623 0 14.4466639644 0
2458295.5 15.8621435841 0 14.3379259392 0
2458296.5 15.8718190215 0 14.3477707108 0
2458297.5 15.7929341977 0 14.2527210991 0
2458298.5 15.8802001732 0 14.3529675599 0
2458299.5 15.8207940004 0 14.2887421304 0
2458300.5 15.8186380839 0 14.292164904 0
2458301.5 15.7605310282 0 14.2266358651 0
2458302.5 15.6741722055 0 14.1264229622 0
2458303.5 15.6007348477 0 14.0408609582 0
2458304.5 16.2350319415 0 14.7786197424 0
2458305.5 16.2733855524 0 14.8201450133 0
2458306.5 16.2001653381 0 14.7417609824 0
2458307.5 16.1935252829 0 14.7287557259 0
2458308.5 16.2935037726 0 14.8387483305 0
2458309.5 16.2885891939 0 14.830252911 0
2458310.5 17.1428067401 0 15.7815080499 0
2458311.5 17.2767450579 0 15.9325652678 0
2458312.5 17.0891974345 0 15.7295396478 0
2458313.5 17.0980620995 0 15.737512867 0
2458314.5 16.7997052914 0 15.4057529289 0
2458315.5 16.7900647754 0 15.3960564023 0
2458316.5 16.6608062503 0 15.2526358184 0
2458317.5 16.4513204742 0 15.0280428288 0
2458318.5 15.6679101199 0 14.1361848749 0
2458319.5 15.6434504898 0 14.1133864941 0
2458320.5 15.6672149733 0 14.1369529804 0
2458321.5 15.6814760847 0 14.1532791973 0
2458322.5 15.7092673624 0 14.1919321619 0
2458323.5 15.73281782 0 14.2242924145 0
2458324.5 16.2719295931 0 14.8403723735 0
2458325.5 16.1100085566 0 14.6629258671 0
2458326.5 16.0752698466 0 14.6208836965 0
2458327.5 16.0569094919 0 14.596055224 0
2458328.5 15.9160872485 0 14.4389250503 0
2458329.5 15.9660248792 0 14.4981807853 0
2458330.5 15.9015537503 0 14.4290376052 0
2458331.5 16.021960211 0 14.5618519427 0
2458332.5 16.060452597 0 14.6007279322 0
2458333.5 16.0014777286 0 14.5364300722 0
2458334.5 15.9417813885 0 14.4709907197 0
2458335.5 15.6562942141 0 14.1487112504 0
2458336.5 15.6341196818 0 14.1173994437 0
2458337.5 15.7085454434 0 14.2031856125 0
2458338.5 15.831229633 0 14.3420298681 0
2458339.5 15.9194706751 0 14.4445587044 0
2458340.5 15.5922080938 0 14.0725308775 0
2458341.5 15.6099666233 0 14.0899426123 0
2458342.5 15.6146486415 0 14.1019698985 0
2458343.5 15.651348025 0 14.1387123071 0
2458344.5 15.5531428425 0 14.03116551 0
2458345.5 16.2921230339 0 14.8668591188 0
2458346.5 16.2958148819 0 14.8717491239 0
2458347.5 16.2883768245 0 14.8623678228 0
2458348.5 16.2898215423 0 14.8663060492 0
2458349.5 16.3572812848 0 14.9397611736 0
2458350.5 16.4725274594 0 15.0650842632 0
2458351.5 16.1980875509 0 14.774537456 0
2458352.5 16.2005011976 0 14.7737870112 0
2458353.5 15.8178320724 0 14.3429228201 0
2458354.5 15.6830471345 0 14.1947542604 0
2458355.5 15.7333951913 0 14.2556594377 0
2458356.5 15.776439249 0 14.3002391827 0
2458357.5 16.7788235865 0 15.4187610892 0
2458358.5 16.8093120542 0 15.4539926464 0
2458359.5 16.9961071111 0 15.6578192699 0
2458360.5 17.1401011647 0 15.8143236511 0
2458361.5 17.2454287587 0 15.9292356452 0
2458362.5 15.7756468729 0 14.3043973507 0
2458363.5 15.6554587185 0 14.1698349525 0
2458364.5 15.6031520012 0 14.1057082686 0
2458365.5 15.6389360031 0 14.14355645 0
2458366.5 15.5245498452 0 14.014242989 0
2458367.5 15.4823396202 0 13.9613800679 0
2458368.5 15.5586174881 0 14.0460139098 0
2458369.5 15.4985853162 0 13.9786530519 0
2458370.5 15.4397519939 0 13.9082297113 0
2458371.5 15.4757731903 0 13.9435787447 0
2458372.5 15.5123573336 0 13.9912965805 0
2458373.5 15.4145459576 0 13.8783226855 0
2458374.5 15.4036811728 0 13.8630989224 0
2458375.5 15.4716108535 0 13.9358791952 0
2458376.5 15.398523714 0 13.8491704017 0
2458377.5 16.4309703312 0 15.0221574095 0
2458378.5 16.4766624812 0 15.0742938219 0
2458379.5 16.303939479 0 14.8866436471 0
2458380.5 16.1752132824 0 14.747144293 0
2458381.5 16.2508029089 0 14.8325415177 0
2458382.5 16.3806246768 0 14.9734414089 0
2458383.5 15.3601739498 0 13.8161391576 0
2458384.5 15.3178803672 0 13.7629579861 0
2458385.5 15.2796810557 0 13.7131927598 0
2458386.5 15.1977615213 0 13.6152147969 0
2458387.5 15.1285346001 0 13.5379446766 0
2458388.5 16.2856893375 0 14.8714172936 0
2458389.5 16.3905666121 0 14.9842211215 0
2458390.5 16.3810704753 0 14.9760668427 0
2458391.5 16.2142859101 0 14.7928705859 0
2458392.5 16.3250460713 0 14.9200264397 0
2458393.5 16.4202129811 0 15.0284505708 0
2458394.5 15.7200331789 0 14.2419493594 0
2458395.5 15.7523368048 0 14.2755801512 0
2458396.5 15.7708813125 0 14.2917520176 0
2458397.5 15.7272609639 0 14.2368494974 0
2458398.5 15.7806350874 0 14.2988022057 0
2458399.5 15.8796612846 0 14.4112723106 0
2458400.5 16.349851496 0 14.9388689574 0
2458401.5 16.4762327498 0 15.0760135515 0
2458402.5 16.5996150636 0 15.2151561107 0
2458403.5 16.6021151976 0 15.2159167054 0
2458404.5 16.612058683 0 15.2250064332 0
2458405.5 16.4891919846 0 15.0909016517 0
2458406.5 16.4299304307 0 15.0263169433 0
2458407.5 16.5400632558 0 15.1476505862 0
2458408.5 16.5033370105 0 15.1094230406 0
2458409.5 16.6090303164 0 15.2305386421 0
2458410.5 16.1888873332 0 14.7653833363 0
2458411.5 16.0460177806 0 14.610523136 0
2458412.5 15.9491746443 0 14.5054786007 0
2458413.5 15.9274949314 0 14.4840722189 0
2458414.5 15.9146845852 0 14.4691047713 0
2458415.5 16.0426651975 0 14.6142269464 0
2458416.5 15.8912084212 0 14.4487301856 0
2458417.5 15.9714294317 0 14.5421116357 0
2458418.5 16.0680619734 0 14.6484604559 0
2458419.5 15.9363700523 0 14.5042530408 0
2458420.5 15.8411076171 0 14.3972144694 0
2458421.5 15.9601133038 0 14.5331938373 0
2458422.5 15.9184099128 0 14.4877915047 0
2458423.5 16.0205454367 0 14.6002297027 0
2458424.5 16.3503285164 0 14.9615838435 0
2458425.5 16.2013301392 0 14.7986457203 0
2458426.5 16.1622231483 0 14.7603895912 0
2458427.5 16.1448217742 0 14.7422275542 0
2458428.5 16.2997497017 0 14.9134178307 0
2458429.5 16.3013863784 0 14.9143646188 0
2458430.5 15.3458117258 0 13.8433417856 0
2458431.5 15.2966542142 0 13.7835898088 0
2458432.5 15.4017892499 0 13.9015774622 0
2458433.5 15.4688023862 0 13.9776096749 0
2458434.5 15.3753427994 0 13.8735824686 0
2458435.5 15.4070376241 0 13.9138811498 0
2458436.5 16.4687150752 0 15.0967576043 0
2458437.5 16.5321703928 0 15.1630675501 0
2458438.5 16.6418523094 0 15.2855448047 0
2458439.5 16.8066658661 0 15.4630972042 0
2458440.5 15.9296821239 0 14.4955072702 0
2458441.5 16.0206190919 0 14.5978289347 0
2458442.5 15.8991867962 0 14.4628248405 0
2458443.5 15.7347191636 0 14.2815847557 0
2458444.5 15.833041408 0 14.389601098 0
2458445.5 15.2312177966 0 13.7040099842 0
2458446.5 15.2293690806 0 13.7074849147 0
2458447.5 15.1795087957 0 13.6498799228 0
2458448.5 15.1441508057 0 13.6142790472 0
2458449.5 15.039664049 0 13.482480924 0
2458450.5 15.0155418429 0 13.4549849358 0
2458451.5 14.9859774584 0 13.4097006413 0
2458452.5 14.9652958806 0 13.3899156283 0
2458453.5 14.9487145738 0 13.3774153392 0
2458454.5 14.9331623899 0 13.36445441 0
2458455.5 16.4223709916 0 15.0555517929 0
2458456.5 16.4623236194 0 15.0962067683 0
2458457.5 16.5307189961 0 15.1702183114 0
2458458.5 16.4089329943 0 15.036744984 0
2458459.5 16.2631574477 0 14.8776114305 0
2458460.5 16.4470982813 0 15.0775906954 0
2458461.5 16.3170550909 0 14.9195797054 0
2458462.5 16.4450939979 0 15.0620261323 0
2458463.5 16.3164906182 0 14.9242021473 0
2458464.5 16.2849111558 0 14.8873529989 0
2458465.5 16.3743075441 0 14.9882649522 0
2458466.5 15.4966843909 0 14.0060332582 0
2458467.5 15.5849564636 0 14.1098382669 0
2458468.5 15.4774102779 0 13.9882316438 0
2458469.5 15.4769536458 0 13.9906218774 0
2458470.5 15.4644869251 0 13.9728241934 0
2458471.5 15.4936533402 0 14.0115664933 0
2458472.5 15.5052300456 0 14.028863751 0
2458473.5 15.4469721997 0 13.9609926189 0
2458474.5 15.4576948877 0 13.9709410561 0
2458475.5 16.4717261771 0 15.1034199797 0
2458476.5 16.4308567654 0 15.0596171275 0
2458477.5 16.3332675547 0 14.9512818591 0
2458478.5 16.2741200572 0 14.888402711 0
2458479.5 16.3749498943 0 14.9986946444 0
2458480.5 16.405537213 0 15.0289736496 0
2458481.5 15.8632724129 0 14.4287604215 0
2458482.5 16.0096268334 0 14.5920458563 0
2458483.5 15.9815560152 0 14.5588479222 0
2458484.5 16.1320298167 0 14.7223808343 0
2458485.5 16.1754145666 0 14.7684264344 0
2458486.5 16.1682904592 0 14.7621812757 0
2458487.5 15.6534383896 0 14.1848432446 0
2458488.5 15.6705570321 0 14.204620362 0
2458489.5 15.5537440494 0 14.0756401804 0
2458490.5 15.3970796851 0 13.9022744728 0
2458491.5 16.5988601318 0 15.2411327605 0
2458492.5 16.7906346186 0 15.4483364981 0
2458493.5 16.7269565211 0 15.3767237783 0
2458494.5 16.7245714481 0 15.3717010655 0
2458495.5 16.6234913714 0 15.2630210316 0
2458496.5 15.6940655964 0 14.2333992538 0
2458497.5 15.7113820644 0 14.2403884053 0
2458498.5 15.5934596179 0 14.1097349687 0
2458499.5 15.5951599292 0 14.1067245127 0
2458500.5 15.7047846786 0 14.2270087298 0
2458501.5 15.642564966 0 14.1521856314 0
2458502.5 15.568880512 0 14.0648108081 0
2458503.5 15.5555244959 0 14.0480306332 0
2458504.5 15.3205158855 0 13.7661039448 0
2458505.5 15.2829529906 0 13.7264190448 0
2458506.5 15.3102890788 0 13.7508029089 0
2458507.5 15.3383009889 0 13.7808671482 0
2458508.5 16.6867410114 0 15.3112587554 0
2458509.5 16.703306536 0 15.3285935824 0
2458510.5 16.5812286259 0 15.1923674973 0
2458511.5 16.7408356278 0 15.3641878226 0
2458512.5 16.6037699388 0 15.2144538548 0
2458513.5 15.6215610563 0 14.1035635525 0
2458514.5 15.6862252815 0 14.1842054169 0
2458515.5 15.6234629148 0 14.1117865121 0
2458516.5 15.6582117678 0 14.1471049215 0
2458517.5 15.895278068 0 14.4211278824 0
2458518.5 15.8464134535 0 14.3684486593 0
2458519.5 15.8412791443 0 14.3631362931 0
2458520.5 15.7080330284 0 14.2143446944 0
2458521.5 15.6767965771 0 14.179475174 0
2458522.5 15.739542388 0 14.2467205966 0
2458523.5 15.5951094014 0 14.0739893224 0
2458524.5 15.6173784194 0 14.0994819415 0
2458525.5 15.7185222039 0 14.1882847505 0
2458526.5 15.7015789602 0 14.1600691747 0
2458527.5 15.701333268 0 14.167364207 0
2458528.5 15.7473272995 0 14.2150199765 0
2458529.5 16.5457559961 0 15.1263104192 0
2458530.5 16.3998528538 0 14.9630856058 0
2458531.5 16.4076868659 0 14.968809634 0
2458532.5 16.5271313216 0 15.1009037637 0
2458533.5 17.0206279349 0 15.6432609965 0
2458534.5 16.9738545549 0 15.5944459959 0
2458535.5 16.8459418921 0 15.4535431178 0
2458536.5 17.0005277511 0 15.6196727062 0
2458537.5 17.1314121142 0 15.7662377258 0
2458538.5 17.1759017313 0 15.8110412329 0
2458539.5 16.6317759765 0 15.2132256355 0
2458540.5 16.6291287874 0 15.2078865647 0
2458541.5 16.5825957289 0 15.1602174861 0
2458542.5 16.7433492167 0 15.3371971088 0
2458543.5 16.4336409277 0 14.9933323802 0
2458544.5 16.2735395712 0 14.8187245609 0
2458545.5 16.1553355126 0 14.6861203671 0
2458546.5 16.2564601213 0 14.8029284986 0
2458547.5 16.2273830155 0 14.7698896998 0
2458548.5 16.1517852118 0 14.6862187631 0
2458549.5 16.201297639 0 14.7404248715 0
2458550.5 16.3315599368 0 14.8817251972 0
2458551.5 16.3245388405 0 14.8730745624 0
2458552.5 15.943157664 0 14.4386705806 0
2458553.5 16.0874296477 0 14.5984198161 0
2458554.5 16.0456001677 0 14.5505067376 0
2458555.5 16.1084951498 0 14.6211701187 0
2458556.5 16.0373333999 0 14.5401933859 0
2458557.5 15.904205496 0 14.3852767393 0
2458558.5 15.9672234505 0 14.4633108531 0
2458559.5 16.0177324953 0 14.5195379048 0
2458560.5 15.8632579857 0 14.3657410991 0
2458561.5 16.3988923324 0 14.9698672485 0
2458562.5 16.3726072287 0 14.9425565301 0
2458563.5 16.4145185866 0 14.9903431061 0
2458564.5 16.5283924481 0 15.1196835108 0
2458565.5 16.6056815883 0 15.2062472542 0
2458566.5 16.6006692464 0 15.1994921725 0
2458567.5 16.6659204109 0 15.2671225226 0
2458568.5 16.5382587001 0 15.1259878598 0
2458569.5 16.7135798469 0 15.3181511848 0
2458570.5 16.6446576512 0 15.2371001441 0
2458571.5 16.1626349037 0 14.695443238 0
2458572.5 16.0971964311 0 14.6187883749 0
2458573.5 16.0029094223 0 14.514081901 0
2458574.5 16.0745948381 0 14.5998518622 0
2458575.5 16.7441218025 0 15.3502402137 0
2458576.5 16.6315324834 0 15.2269823428 0
2458577.5 16.6275302468 0 15.2185511222 0
2458578.5 16.7609547179 0 15.3653976352 0
2458579.5 16.7299177383 0 15.3271146833 0
2458580.5 16.8193148502 0 15.4216359541 0
2458581.5 15.7011462394 0 14.1433902069 0
2458582.5 15.7320099731 0 14.1779958425 0
2458583.5 15.7765018472 0 14.2337717685 0
2458584.5 15.7901984882 0 14.2563576353 0
2458585.5 15.7929003926 0 14.2674785863 0
2458586.5 15.6952353266 0 14.1561611733 0
2458587.5 15.701297641 0 14.1619035205 0
2458588.5 15.6796461633 0 14.1398902191 0
2458589.5 15.7607613904 0 14.235104219 0
2458590.5 15.8579629512 0 14.3438865149 0
2458591.5 15.8792988391 0 14.3685233082 0
2458592.5 15.9444333297 0 14.4384666595 0
2458593.5 15.9719369257 0 14.4736586278 0
2458594.5 15.9721067634 0 14.4766515383 0
2458595.5 15.9231388018 0 14.4190905888 0
2458596.5 15.8745394684 0 14.3627118209 0
2458597.5 15.9547107628 0 14.4580425493 0
2458598.5 16.7855718669 0 15.3920908205 0
2458599.5 16.7717133218 0 15.3811593481 0
2458600.5 16.7173904734 0 15.3219640553 0
2458601.5 16.8484795069 0 15.4672718817 0
2458602.5 16.7553181627 0 15.3611837882 0
2458603.5 16.9099410918 0 15.5319274368 0
2458604.5 16.056818677 0 14.5756581912 0
2458605.5 15.9398465371 0 14.4480403552 0
2458606.5 16.0483183829 0 14.5713793985 0
2458607.5 16.0020483762 0 14.5192659168 0
2458608.5 16.1884577163 0 14.729259046 0
2458609.5 16.1019126913 0 14.6303464012 0
2458610.5 16.2582088512 0 14.8011225931 0
2458611.5 16.2859235396 0 14.8339978783 0
2458612.5 16.3977265081 0 14.9615283013 0
2458613.5 15.7867332775 0 14.2653196569 0
2458614.5 15.7253597069 0 14.186998748 0
2458615.5 15.7570147265 0 14.2216528534 0
2458616.5 15.6897891798 0 14.1467016076 0
2458617.5 15.6741863469 0 14.1206816699 0
2458618.5 16.1206640197 0 14.6432475123 0
2458619.5 16.0381076477 0 14.5456582113 0
2458620.5 16.0653631636 0 14.5825600769 0
2458621.5 15.953640372 0 14.4540282437 0
2458622.5 15.9795027352 0 14.4859688152 0
2458623.5 16.6153156464 0 15.1988565628 0
2458624.5 16.5013976511 0 15.0833819027 0
2458625.5 16.44928075 0 15.0224363595 0
2458626.5 16.4711556977 0 15.0499337045 0
2458627.5 16.3888640737 0 14.9528785846 0
2458628.5 16.4171089253 0 14.9861661123 0
2458629.5 16.4268720498 0 14.9992576103 0
2458630.5 16.5199164994 0 15.1019699445 0
2458631.5 16.5971438352 0 15.1890727704 0
2458632.5 16.6885202288 0 15.2893597589 0
2458633.5 16.5996283293 0 15.1884511078 0
2458634.5 16.7213417095 0 15.3232863461 0
2458635.5 17.0654113104 0 15.7047252505 0
2458636.5 17.1069188482 0 15.7481771221 0
2458637.5 17.1679264819 0 15.8169017741 0
2458638.5 17.0427028777 0 15.6774531052 0
2458639.5 16.0088891224 0 14.5205162297 0
2458640.5 15.9680610139 0 14.474213066 0
2458641.5 15.9587723553 0 14.462357573 0
2458642.5 16.024002325 0 14.5324397489 0
2458643.5 15.8916313849 0 14.3784768126 0
2458644.5 15.8852344788 0 14.3672555794 0
2458645.5 15.7736898249 0 14.2442879695 0
2458646.5 15.7668872761 0 14.2353157161 0
2458647.5 15.7215458375 0 14.1803597607 0
2458648.5 15.6175356442 0 14.0606855445 0
2458649.5 16.6497397953 0 15.2447930581 0
2458650.5 16.7790348321 0 15.3833511047 0
2458651.5 16.8652992691 0 15.4778974515 0
2458652.5 16.8109966876 0 15.4222613065 0
2458653.5 16.6860666679 0 15.2867598226 0
2458654.5 16.7319281327 0 15.3422486509 0
2458655.5 15.7176296639 0 14.2059655635 0
2458656.5 15.6710687777 0 14.1448789146 0
2458657.5 15.605317033 0 14.0661968902 0
2458658.5 15.6189340286 0 14.0893131 0
2458659.5 16.0219304337 0 14.5492852268 0
2458660.5 15.9006576669 0 14.4167487056 0
2458661.5 15.8750539429 0 14.3827249249 0
2458662.5 15.7807010478 0 14.2715723231 0
2458663.5 15.7622764787 0 14.2534921963 0
2458664.5 16.4685538216 0 15.0494455433 0
2458665.5 16.5978550027 0 15.1933547415 0
2458666.5 16.7824046663 0 15.3936645811 0
2458667.5 16.9162228419 0 15.5433806501 0
2458668.5 16.7596423372 0 15.3691189215 0
2458669.5 16.6530238671 0 15.2551559044 0
2458670.5 16.7209225747 0 15.3282915007 0
2458671.5 16.7356367981 0 15.3447732697 0
2458672.5 16.8733341051 0 15.4962622813 0
2458673.5 17.0591603932 0 15.7022091892 0
2458674.5 17.1468483762 0 15.7983101878 0
2458675.5 17.008789912 0 15.6460623844 0
2458676.5 16.9769117152 0 15.6121762107 0
2458677.5 16.8768646519 0 15.5025977677 0
2458678.5 17.0123579958 0 15.6485509384 0
2458679.5 16.5059380745 0 15.0871406788 0
2458680.5 16.3616713643 0 14.930872853 0
2458681.5 16.397292694 0 14.966214299 0
2458682.5 16.2830247676 0 14.8427895172 0
2458683.5 15.5955935507 0 14.0527149426 0
2458684.5 15.5811675457 0 14.0356157644 0
2458685.5 15.6418691854 0 14.1082549627 0
2458686.5 15.7212500148 0 14.1942904658 0
2458687.5 15.6574117953 0 14.1185501077 0
2458688.5 15.6373809793 0 14.0867696654 0
2458689.5 16.4392663211 0 15.0090748361 0
2458690.5 16.5951169175 0 15.1822340766 0
2458691.5 16.612716871 0 15.2113531945 0
2458692.5 16.5817569914 0 15.1741599895 0
2458693.5 16.6071576111 0 15.2032322268 0
2458694.5 16.6518365989 0 15.255431849 0
2458695.5 15.7004450138 0 14.1886230737 0
2458696.5 15.7212181585 0 14.2129696188 0
2458697.5 15.7594712919 0 14.2582421637 0
2458698.5 15.7703814468 0 14.2703623745 0
2458699.5 15.717393557 0 14.2053407984 0
2458700.5 15.5151503789 0 13.9677449757 0
2458701.5 15.5001384357 0 13.94604735 0
2458702.5 15.5188581031 0 13.9606194806 0
2458703.5 15.3988240375 0 13.8234020188 0
2458704.5 15.5088486463 0 13.9500664571 0
2458705.5 15.4491596774 0 13.8835635018 0
2458706.5 16.1191688727 0 14.6576732763 0
2458707.5 16.1746301538 0 14.7224136248 0
2458708.5 16.1602115941 0 14.7048005273 0
2458709.5 16.2134287632 0 14.762043483 0
2458710.5 15.9200676988 0 14.4281466346 0
2458711.5 16.0006202726 0 14.5161116539 0
2458712.5 16.139152601 0 14.6710896661 0
2458713.5 16.087338904 0 14.615438458 0
2458714.5 17.0661034725 0 15.7042821353 0
2458715.5 17.0973028111 0 15.7388182875 0
2458716.5 17.2931263082 0 15.9504514106 0
2458717.5 17.4605353102 0 16.1299144493 0
2458718.5 17.2718713655 0 15.9241568913 0
2458719.5 17.237247741 0 15.8826751185 0
2458720.5 16.5209255613 0 15.0884025869 0
2458721.5 16.4930289804 0 15.0617202752 0
2458722.5 16.4785890564 0 15.0404910586 0
2458723.5 16.5782640223 0 15.1468183647 0
2458724.5 16.6686554218 0 15.2512845628 0
2458725.5 16.5404081969 0 15.1193110456 0
2458726.5 16.5629875862 0 15.1406285302 0
2458727.5 16.4737005378 0 15.0370643311 0
2458728.5 16.4701026772 0 15.0363186228 0
2458729.5 16.5499872903 0 15.1267114044 0
2458730.5 16.4333892637 0 14.9971688372 0
2458731.5 16.4881350151 0 15.0562825884 0
2458732.5 16.4014235089 0 14.9547317332 0
2458733.5 16.4786780578 0 15.0388971976 0
2458734.5 16.4127314351 0 14.9697109691 0
2458735.5 16.1525573668 0 14.681900182 0
2458736.5 16.3081375181 0 14.8538542709 0
2458737.5 16.2088079925 0 14.7442931505 0
2458738.5 16.0910226241 0 14.6120433984 0
2458739.5 16.104624732 0 14.6223848062 0
2458740.5 16.2358158353 0 14.768410645 0
2458741.5 16.6818213661 0 15.2638294868 0
2458742.5 16.6862719031 0 15.2690091687 0
2458743.5 16.5508933306 0 15.1187223674 0
2458744.5 16.5421606103 0 15.1066662393 0
2458745.5 16.5397933003 0 15.1057820109 0
2458746.5 16.4961858977 0 15.0530081927 0
2458747.5 16.5973277295 0 15.1609668575 0
2458748.5 16.4990134002 0 15.0489641891 0
2458749.5 16.4493710939 0 14.9917742152 0
2458750.5 16.4466685686 0 14.9853752717 0
2458751.5 17.0664078432 0 15.6807396811 0
2458752.5 17.0429979068 0 15.6567644879 0
2458753.5 17.1189756341 0 15.7448820716 0
2458754.5 17.1747029501 0 15.8039093829 0
2458755.5 17.0349271181 0 15.6527686864 0
2458756.5 16.8878154134 0 15.4854974438 0
2458757.5 16.8372293042 0 15.4304128602 0
2458758.5 16.8157512019 0 15.4039887546 0
2458759.5 16.6858640361 0 15.2590850676 0
2458760.5 16.410477444 0 14.9780908998 0
2458761.5 15.6716567471 0 14.1260889094 0
2458762.5 15.6416705568 0 14.0836970015 0
2458763.5 15.5759650459 0 14.0074702855 0
2458764.5 15.6005585162 0 14.0392809283 0
2458765.5 15.6409594782 0 14.0789717584 0
2458766.5 15.640022538 0 14.0765553689 0
2458767.5 16.012753498 0 14.5172337441 0
2458768.5 16.0912607993 0 14.6124057519 0
2458769.5 16.0350162171 0 14.5469278626 0
2458770.5 15.9806999429 0 14.4902573047 0
2458771.5 15.9278717897 0 14.4301669617 0
2458772.5 16.2734908021 0 14.8273651157 0
2458773.5 16.2109113851 0 14.7607475174 0
2458774.5 16.1220470886 0 14.6628725387 0
2458775.5 16.1800283557 0 14.725716238 0
2458776.5 16.1118874141 0 14.6431873254 0
2458777.5 16.9405756941 0 15.5673658299 0
2458778.5 16.8443505796 0 15.465255447 0
2458779.5 16.886391692 0 15.5105407562 0
2458780.5 16.8279509466 0 15.4423326598 0
2458781.5 16.8669543325 0 15.4843577032 0
2458782.5 16.9496434477 0 15.5780701993 0
2458783.5 16.8858908083 0 15.5098079256 0
2458784.5 16.8801662111 0 15.5008103481 0
2458785.5 16.720364333 0 15.3279420664 0
2458786.5 16.7904719371 0 15.4061576854 0
2458787.5 16.8050028171 0 15.421874042 0
2458788.5 16.8425239525 0 15.4617544439 0
2458789.5 16.6932271232 0 15.3006343493 0
2458790.5 16.7769521141 0 15.3938841284 0
2458791.5 16.6639485635 0 15.2822229606 0
2458792.5 16.8257023289 0 15.4566879463 0
2458793.5 15.5425299375 0 14.0053028607 0
2458794.5 15.611187707 0 14.0896454145 0
2458795.5 15.5894322286 0 14.0584312496 0
2458796.5 15.579646192 0 14.0432265516 0
2458797.5 15.8506792952 0 14.3571522727 0
2458798.5 15.8277037847 0 14.3259491572 0
2458799.5 15.9057797031 0 14.414407431 0
2458800.5 16.0173777176 0 14.5357438214 0
2458801.5 16.2520622235 0 14.7998351421 0
2458802.5 16.1633866015 0 14.7017942766 0
2458803.5 16.2860104912 0 14.8348881137 0
2458804.5 16.2849051283 0 14.8289926132 0
2458805.5 16.1956243931 0 14.7277573897 0
2458806.5 16.1557068894 0 14.6767623849 0
2458807.5 16.2386057182 0 14.7647222362 0
2458808.5 16.2012657964 0 14.7266915952 0
2458809.5 16.1018935194 0 14.6167672678 0
2458810.5 16.011094393 0 14.5123129585 0
2458811.5 15.9453662963 0 14.4314119627 0
2458812.5 15.9362777211 0 14.4279145506 0
2458813.5 15.8652016107 0 14.3484455456 0
2458814.5 15.9041470694 0 14.3891964647 0
2458815.5 15.8542148588 0 14.3283351374 0
2458816.5 16.1752645615 0 14.6985380289 0
2458817.5 16.0628614671 0 14.5696797502 0
2458818.5 16.0433583878 0 14.5492551188 0
2458819.5 16.0766931221 0 14.5910605369 0
2458820.5 16.2416030986 0 14.773420355 0
2458821.5 16.2225964712 0 14.7525146638 0
2458822.5 16.1533313276 0 14.6783872364 0
2458823.5 16.3191889353 0 14.860907319 0
2458824.5 16.4360523759 0 14.9894330883 0
2458825.5 16.215475945 0 14.7433361451 0
2458826.5 16.1262307926 0 14.6466397814 0
2458827.5 15.9788550102 0 14.506394717 0
2458828.5 16.0596775266 0 14.5937383387 0
2458829.5 15.5768676783 0 14.0316540392 0
2458830.5 15.4647314336 0 13.9040959199 0
2458831.5 15.4957210342 0 13.9432078505 0
2458832.5 15.3846853685 0 13.8152229027 0
2458833.5 15.4325526411 0 13.8659994147 0
2458834.5 15.6700195662 0 14.1485680059 0
2458835.5 15.740490497 0 14.2329138367 0
2458836.5 15.7405976595 0 14.2317991633 0
2458837.5 15.8385367801 0 14.3463027714 0
2458838.5 15.510857734 0 13.9579412381 0
2458839.5 15.4755485592 0 13.908161394 0
2458840.5 15.4489110985 0 13.8667404691 0
2458841.5 15.3620765032 0 13.764610731 0
2458842.5 16.5296181725 0 15.1175469358 0
2458843.5 16.63326496 0 15.2348823722 0
2458844.5 16.5000667534 0 15.0892242037 0
2458845.5 16.5411087331 0 15.1358869465 0
2458846.5 15.6239201424 0 14.1016798334 0
2458847.5 15.664790266 0 14.1547984838 0
2458848.5 15.7949754975 0 14.2994672047 0
2458849.5 15.670933618 0 14.1618668935 0
2458850.5 15.6870921604 0 14.1765536141 0
2458851.5 15.7581194277 0 14.2605002316 0
2458852.5 15.6338300027 0 14.1122887398 0
2458853.5 15.6147907438 0 14.0902558614 0
2458854.5 15.5391021621 0 14.0054305688 0
2458855.5 15.5995352641 0 14.0829964441 0
2458856.5 16.4203085696 0 15.00973545 0
2458857.5 16.5062592986 0 15.1023755205 0
2458858.5 16.4519480263 0 15.0434335606 0
2458859.5 16.3292572426 0 14.9088829082 0
2458860.5 15.4516416897 0 13.9070395392 0
2458861.5 15.4581340523 0 13.9285146866 0
2458862.5 15.4453849183 0 13.9083747013 0
2458863.5 15.3714254235 0 13.8237073331 0
2458864.5 15.3586107958 0 13.8044696647 0
2458865.5 15.3443918019 0 13.7897517359 0
2458866.5 16.3067170738 0 14.8877426056 0
2458867.5 16.3374888406 0 14.9233600543 0
2458868.5 16.3584564351 0 14.9463796396 0
2458869.5 16.3868412921 0 14.9750297008 0
2458870.5 15.9369682089 0 14.4660555406 0
2458871.5 15.9781782682 0 14.5090399459 0
2458872.5 15.9721628502 0 14.4966164512 0
2458873.5 15.999999647 0 14.5308513817 0
2458874.5 15.9242080116 0 14.448146153 0
2458875.5 15.697807727 0 14.181425895 0
2458876.5 15.7001521941 0 14.1908041365 0
2458877.5 15.6583760142 0 14.1388852037 0
2458878.5 15.7075339793 0 14.2009057039 0
2458879.5 15.8241805351 0 14.3305253388 0
2458880.5 15.7528086647 0 14.2544392174 0
2458881.5 15.4563252329 0 13.8993642134 0
2458882.5 15.4754107748 0 13.9198712608 0
2458883.5 15.4006949352 0 13.8369690693 0
2458884.5 15.4035547321 0 13.8304390372 0
2458885.5 15.334503697 0 13.74823175 0
2458886.5 15.3742038471 0 13.8044137105 0
2458887.5 16.5145180546 0 15.1084843714 0
2458888.5 16.6478807942 0 15.2545325747 0
2458889.5 16.4915676086 0 15.0812380535 0
2458890.5 16.5125770038 0 15.1042346388 0
2458891.5 16.3572953078 0 14.9352705814 0
2458892.5 16.0793554335 0 14.6188701535 0
2458893.5 16.0710193328 0 14.6100150857 0
2458894.5 15.9024924554 0 14.4247415197 0
2458895.5 15.867348307 0 14.3864928837 0
2458896.5 15.7630039027 0 14.2609684599 0
2458897.5 15.8152105636 0 14.3178130323 0
2458898.5 15.7752091063 0 14.2734423218 0
2458899.5 15.7839125459 0 14.287764725 0
2458900.5 15.8742457659 0 14.3913017105 0
2458901.5 15.8960817369 0 14.4184752521 0
2458902.5 16.3133548555 0 14.8904698486 0
2458903.5 16.332833543 0 14.9131191219 0
2458904.5 16.3129141766 0 14.8915520554 0
2458905.5 16.2448899822 0 14.8107184535 0
2458906.5 15.4462081547 0 13.8954249086 0
2458907.5 15.3972884963 0 13.8396696045 0
2458908.5 15.3604706589 0 13.7923875455 0
2458909.5 15.4595187572 0 13.9066678282 0
2458910.5 15.4652349482 0 13.9083210726 0
2458911.5 15.5113777154 0 13.9616299604 0
2458912.5 15.6438782969 0 14.1214137456 0
2458913.5 15.6243628976 0 14.0990566288 0
2458914.5 15.5808315898 0 14.050265678 0
2458915.5 15.5395264512 0 14.0037845468 0
2458916.5 15.6607084045 0 14.1410694104 0
2458917.5 16.808020299 0 15.4334634681 0
2458918.5 16.7179128471 0 15.3335769649 0
2458919.5 16.6866624704 0 15.2986076504 0
2458920.5 16.8816426012 0 15.5095016695 0
2458921.5 16.7434238544 0 15.3596037577 0
2458922.5 16.0763761897 0 14.614284788 0
2458923.5 16.0838476384 0 14.6202291915 0
2458924.5 16.0549569226 0 14.5889936773 0
2458925.5 16.2972394142 0 14.8480750875 0
2458926.5 16.2060859578 0 14.7487617483 0
2458927.5 16.1380330874 0 14.6747005361 0
2458928.5 16.0361022919 0 14.5572544175 0
2458929.5 15.976865293 0 14.4928825171 0
2458930.5 15.9890670757 0 14.5124300593 0
2458931.5 15.9723449529 0 14.4900027345 0
2458932.5 16.0805546522 0 14.6069891536 0
2458933.5 16.080414259 0 14.6054948207 0
2458934.5 16.7288045341 0 15.3342999696 0
2458935.5 16.6394394443 0 15.2318186054 0
2458936.5 16.7445505326 0 15.3505469656 0
2458937.5 16.6806762239 0 15.2771708752 0
2458938.5 16.6047881777 0 15.1940057009 0
2458939.5 15.9823735856 0 14.4884887662 0
2458940.5 15.9406880268 0 14.4336787377 0
2458941.5 16.0878651456 0 14.5969072622 0
2458942.5 15.9648469041 0 14.4618375939 0
2458943.5 16.0349542529 0 14.5464801696 0
2458944.5 15.7137571069 0 14.1693195395 0
2458945.5 15.7491592131 0 14.2114282168 0
2458946.5 15.727391864 0 14.1890247766 0
2458947.5 15.8000551067 0 14.2745182242 0
2458948.5 15.8241186059 0 14.2977196071 0
2458949.5 15.8907742775 0 14.3699802938 0
2458950.5 16.266598537 0 14.8055712891 0
2458951.5 16.2732413769 0 14.8164997059 0
2458952.5 16.3492351061 0 14.9058482132 0
2458953.5 16.3316672783 0 14.8893798942 0
2458954.5 16.2951589715 0 14.8503949901 0
2458955.5 16.3862393566 0 14.9487363225 0
2458956.5 16.2771996424 0 14.8280478856 0
2458957.5 16.3668681696 0 14.9306120809 0
2458958.5 16.2317031477 0 14.77829571 0
2458959.5 16.2882245987 0 14.8359358907 0
2458960.5 16.2177026169 0 14.758229735 0
2458961.5 17.0658559611 0 15.7044063472 0
2458962.5 17.0675277588 0 15.7028119896 0
2458963.5 16.9126867038 0 15.536482133 0
2458964.5 16.9859417652 0 15.6199726614 0
2458965.5 17.1896527533 0 15.8408148111 0
2458966.5 17.1242151499 0 15.766387486 0
2458967.5 16.7017220471 0 15.3051503092 0
2458968.5 16.8580914163 0 15.4784632854 0
2458969.5 16.9161080612 0 15.540138376 0
2458970.5 16.9849947657 0 15.6155650784 0
2458971.5 15.6198004797 0 14.0728890647 0
2458972.5 15.6886484336 0 14.1477584596 0
2458973.5 15.7334805326 0 14.1942341207 0
2458974.5 15.8285299692 0 14.3029382943 0
2458975.5 15.7725390949 0 14.2398885326 0
2458976.5 15.7866452146 0 14.2583353793 0
2458977.5 15.8066529707 0 14.2871440165 0
2458978.5 15.7852020474 0 14.2593168223 0
2458979.5 16.0190231453 0 14.5289121001 0
2458980.5 15.9413216394 0 14.4399273211 0
2458981.5 15.8884801471 0 14.3797037559 0
2458982.5 15.981042398 0 14.4847096786 0
2458983.5 16.0126075318 0 14.5239186129 0
2458984.5 15.6291839092 0 14.0765980409 0
2458985.5 15.6676916088 0 14.1259010499 0
2458986.5 15.7592398924 0 14.2323868744 0
2458987.5 15.8280945668 0 14.317524615 0
2458988.5 15.7320611118 0 14.2071748467 0
2458989.5 15.8259269074 0 14.3152645264 0
2458990.5 16.3084813248 0 14.8631792126 0
2458991.5 16.1944223076 0 14.7372579694 0
2458992.5 16.2504810091 0 14.8046276684 0
2458993.5 16.29781298 0 14.8617701934 0
2458994.5 15.6628204847 0 14.1320268461 0
2458995.5 15.7190406473 0 14.1937033802 0
2458996.5 15.7929964019 0 14.2787442402 0
2458997.5 15.8864450636 0 14.3893764894 0
2458998.5 15.9439579522 0 14.4603418931 0
2458999.5 15.8868236636 0 14.3959308645 0
2459000.5 15.5996250407 0 14.0543905479 0
2459001.5 15.6393745561 0 14.098754559 0
2459002.5 15.7326826396 0 14.2044090203 0
2459003.5 15.716510556 0 14.1916665477 0
2459004.5 17.074471899 0 15.714466357 0
2459005.5 17.1385971703 0 15.7862724273 0
2459006.5 17.153298483 0 15.7998647929 0
2459007.5 17.0488580582 0 15.6828829828 0
2459008.5 16.9840317151 0 15.6085957085 0
2459009.5 16.8349225714 0 15.445049844 0
2459010.5 16.8634684995 0 15.4733916072 0
2459011.5 16.7818133493 0 15.3814687912 0
2459012.5 16.2594622436 0 14.7923100022 0
2459013.5 16.2339748863 0 14.7614602378 0
2459014.5 16.3127250052 0 14.8504148558 0
2459015.5 16.2850508611 0 14.8228900457 0
2459016.5 16.202493562 0 14.7337833137 0
2459017.5 16.1784598517 0 14.7122207454 0
2459018.5 16.6830071096 0 15.2749900925 0
2459019.5 16.5521170734 0 15.1306421082 0
2459020.5 16.5836073647 0 15.1681182014 0
2459021.5 16.6860625635 0 15.2856028538 0
2459022.5 16.7610817004 0 15.3639828517 0
2459023.5 16.8637887218 0 15.4792135754 0
2459024.5 16.8891952276 0 15.5103060368 0
2459025.5 16.9288797558 0 15.554573017 0
2459026.5 17.0441745445 0 15.6777781737 0
2459027.5 17.1065870377 0 15.7437487488 0
2459028.5 15.829237463 0 14.3111152683 0
2459029.5 15.924789579 0 14.394241014 0
2459030.5 15.9315341458 0 14.397484961 0
2459031.5 15.9047826901 0 14.3573931399 0
2459032.5 15.8359115208 0 14.2839149665 0
2459033.5 15.8350766566 0 14.2767474082 0
2459034.5 15.756361684 0 14.190805167 0
2459035.5 15.6814183254 0 14.1032302788 0
2459036.5 15.8411316481 0 14.3006148302 0
2459037.5 15.8861987127 0 14.3538168647 0
2459038.5 15.9526002754 0 14.4240610098 0
2459039.5 15.9629675394 0 14.4393201468 0
2459040.5 15.99597108 0 14.4789147494 0
2459041.5 16.0606279221 0 14.5568233808 0
2459042.5 15.9818214971 0 14.4662753359 0
2459043.5 16.0874932024 0 14.5884212794 0
2459044.5 16.1986542725 0 14.7137669456 0
2459045.5 15.9886537964 0 14.4766998139 0
2459046.5 15.968973963 0 14.4462192458 0
2459047.5 15.9878778717 0 14.4690734776 0
2459048.5 16.1272934248 0 14.6244194802 0
2459049.5 16.1863238344 0 14.6858992119 0
2459050.5 16.2024840315 0 14.7013785676 0
2459051.5 15.9972826224 0 14.456627099 0
2459052.5 15.9726196269 0 14.4308043884 0
2459053.5 15.9377595682 0 14.381447271 0
2459054.5 15.8889286389 0 14.317022095 0
2459055.5 15.9528156832 0 14.3894606348 0
2459056.5 15.9534569376 0 14.3982176214 0
2459057.5 17.3434688996 0 15.9752563601 0
2459058.5 17.4909674365 0 16.1156266975 0
2459059.5 17.481411542 0 16.1001087195 0
2459060.5 17.3434745394 0 15.946848143 0
2459061.5 17.2765638655 0 15.8749657091 0
2459062.5 17.391453807 0 16.004117404 0
2459063.5 16.3984301037 0 14.8819238452 0
2459064.5 16.3389058015 0 14.8122782419 0
2459065.5 16.4169571585 0 14.9060473417 0
2459066.5 16.3064696635 0 14.7828285433 0
2459067.5 16.2794547498 0 14.7519909452 0
2459068.5 16.2304827259 0 14.6905994977 0
2459069.5 16.6398661271 0 15.1587730737 0
2459070.5 16.6950475305 0 15.2167674441 0
2459071.5 16.7628940543 0 15.2944589045 0
2459072.5 16.845077934 0 15.3899570898 0
2459073.5 16.8899018865 0 15.4357398296 0
2459074.5 16.3718575511 0 14.8364111291 0
2459075.5 16.2543432254 0 14.706395838 0
2459076.5 16.2789923513 0 14.7274794391 0
2459077.5 16.3189628131 0 14.7746874308 0
2459078.5 16.2735623777 0 14.7272505424 0
2459079.5 16.1606513625 0 14.5989412284 0
2459080.5 16.1077103243 0 14.5416787373 0
2459081.5 16.0295317365 0 14.449195546 0
2459082.5 16.0675928397 0 14.4978908477 0
2459083.5 16.0604739344 0 14.4980850426 0
2459084.5 16.3420337511 0 14.8311614551 0
2459085.5 16.3477238358 0 14.8408420566 0
2459086.5 16.2916712644 0 14.7778947873 0
2459087.5 16.3838916515 0 14.8615016064 0
