2457258.5 16.2150277005 0 14.856826807 0
2457259.5 16.1206283607 0 14.7552601062 0
2457260.5 16.2657283587 0 14.9121003214 0
2457261.5 16.4193667074 0 15.0775291235 0
2457262.5 16.4168042119 0 15.074301379 0
2457263.5 14.8292755424 0 13.2991877369 0
2457264.5 14.7944803964 0 13.2641564173 0
2457265.5 14.7778018793 0 13.2506577528 0
2457266.5 14.8423819039 0 13.3319040806 0
2457267.5 14.8753382068 0 13.3737637219 0
2457268.5 14.9712980389 0 13.4800217826 0
2457269.5 14.7339056695 0 13.2023105656 0
2457270.5 14.7571188616 0 13.2319673593 0
2457271.5 14.7302816309 0 13.1996356583 0
2457272.5 14.6572622413 0 13.1164581525 0
2457273.5 14.6669329831 0 13.1239176349 0
2457274.5 14.753078419 0 13.2249083032 0
2457275.5 14.7206284053 0 13.1846549329 0
2457276.5 14.6983718952 0 13.1541618558 0
2457277.5 14.7416830972 0 13.2081136895 0
2457278.5 14.7401077653 0 13.2063032779 0
2457279.5 14.8744277337 0 13.3607284992 0
2457280.5 14.906431763 0 13.3936450649 0
2457281.5 14.9560999513 0 13.4461811915 0
2457282.5 15.0291657984 0 13.5300870427 0
2457283.5 15.3192214371 0 13.8620660492 0
2457284.5 15.3481302328 0 13.8967729746 0
2457285.5 15.3324628327 0 13.8835794216 0
2457286.5 15.427742803 0 13.9894539265 0
2457287.5 15.3460809404 0 13.8977131332 0
2457288.5 15.1353294303 0 13.6430842148 0
2457289.5 15.0448941154 0 13.5418434764 0
2457290.5 14.9709079245 0 13.4585302993 0
2457291.5 14.9362294607 0 13.4178259362 0
2457292.5 15.0239786929 0 13.5223209438 0
2457293.5 14.7722207738 0 13.2330609312 0
2457294.5 14.7568749517 0 13.2077914975 0
2457295.5 14.8144862175 0 13.2793427603 0
2457296.5 14.7951293049 0 13.2502193274 0
2457297.5 14.8619910389 0 13.33247727 0
2457298.5 14.8924268581 0 13.3706272893 0
2457299.5 14.8257446778 0 13.2985498403 0
2457300.5 14.755111058 0 13.2170190029 0
2457301.5 14.7408677786 0 13.2019936143 0
2457302.5 14.6861528937 0 13.1412140253 0
2457303.5 14.6860935334 0 13.1370990193 0
2457304.5 14.735593717 0 13.2002960074 0
2457305.5 14.6749121785 0 13.1280363281 0
2457306.5 15.4326187838 0 14.0007906079 0
2457307.5 15.4179402065 0 13.9863971677 0
2457308.5 15.3587015907 0 13.9228326582 0
2457309.5 15.4779283075 0 14.0581813144 0
2457310.5 15.4013468348 0 13.9707887284 0
2457311.5 15.0017775015 0 13.518753405 0
2457312.5 15.1336148825 0 13.6665585209 0
2457313.5 15.0679394916 0 13.5932055271 0
2457314.5 15.0931860595 0 13.6247701838 0
2457315.5 14.5824166861 0 13.0350601136 0
2457316.5 14.6129225238 0 13.0763805439 0
2457317.5 14.7205906324 0 13.1975013755 0
2457318.5 14.7500383028 0 13.2262482414 0
2457319.5 14.720647712 0 13.1923373953 0
2457320.5 14.8449616504 0 13.312947922 0
2457321.5 16.0008617987 0 14.6213164223 0
2457322.5 15.9069343224 0 14.5199969518 0
2457323.5 16.0010116537 0 14.6253740432 0
2457324.5 16.0583209726 0 14.6911279114 0
2457325.5 16.0357781029 0 14.6680936196 0
2457326.5 14.9582949917 0 13.4595361566 0
2457327.5 14.9282872556 0 13.4225192641 0
2457328.5 14.8168032437 0 13.2974347053 0
2457329.5 14.727522521 0 13.1917475669 0
2457330.5 14.7747668376 0 13.2478451992 0
2457331.5 15.0065384082 0 13.5178056827 0
2457332.5 15.0827331713 0 13.6039150239 0
2457333.5 15.215627712 0 13.7524355197 0
2457334.5 15.0837621797 0 13.6040602901 0
2457335.5 14.965294829 0 13.468750026 0
2457336.5 14.7781071782 0 13.2469364446 0
2457337.5 14.7376774158 0 13.1960554242 0
2457338.5 14.8143324738 0 13.2841262387 0
2457339.5 14.8622731363 0 13.3397380211 0
2457340.5 15.5324966165 0 14.1017747726 0
2457341.5 15.5494181257 0 14.1165887365 0
2457342.5 15.5034310407 0 14.0607207408 0
2457343.5 15.4370449342 0 13.9889437973 0
2457344.5 15.4996580401 0 14.0563008931 0
2457345.5 15.5388900797 0 14.0959532945 0
2457346.5 15.1564626927 0 13.6667079639 0
2457347.5 15.2121577254 0 13.7353638585 0
2457348.5 15.1073540046 0 13.6160672825 0
2457349.5 15.0975555185 0 13.6072219401 0
2457350.5 15.1071693196 0 13.61276906 0
2457351.5 15.8681197233 0 14.4687472771 0
2457352.5 15.8994371064 0 14.4967305051 0
2457353.5 15.7794734152 0 14.364160419 0
2457354.5 15.9283537058 0 14.5294624082 0
2457355.5 15.8215573237 0 14.4079976695 0
2457356.5 15.7610834981 0 14.3396266375 0
2457357.5 15.8057119022 0 14.3888111515 0
2457358.5 15.7584501404 0 14.3386625814 0
2457359.5 15.7324165924 0 14.3092678024 0
2457360.5 15.7181990126 0 14.2950544085 0
2457361.5 15.5917361245 0 14.1549256024 0
2457362.5 15.6911545701 0 14.2700596822 0
2457363.5 14.799591376 0 13.2499023758 0
2457364.5 14.8001747002 0 13.2504392765 0
2457365.5 14.8528269905 0 13.3061651102 0
2457366.5 14.8226843884 0 13.2687600139 0
2457367.5 16.3140331445 0 14.9555776784 0
2457368.5 16.2436870835 0 14.8753662782 0
2457369.5 16.1696434382 0 14.7967235628 0
2457370.5 15.9930223667 0 14.6038615677 0
2457371.5 16.1018129411 0 14.721916829 0
2457372.5 16.0851435644 0 14.703202601 0
2457373.5 16.2441387827 0 14.87566446 0
2457374.5 16.204982582 0 14.830996969 0
2457375.5 16.0308003031 0 14.642547362 0
2457376.5 15.0157268921 0 13.4978265724 0
2457377.5 15.0657030377 0 13.5606365737 0
2457378.5 14.9766681379 0 13.4565764014 0
2457379.5 14.992459748 0 13.4732716243 0
2457380.5 15.0477735928 0 13.5344631706 0
2457381.5 14.9587652634 0 13.436347676 0
2457382.5 15.6552994792 0 14.2255786912 0
2457383.5 15.6011661687 0 14.1803061753 0
2457384.5 15.520764432 0 14.0886051587 0
2457385.5 15.5765976777 0 14.1491435768 0
2457386.5 15.7220992972 0 14.3091224163 0
2457387.5 15.181560617 0 13.7050056399 0
2457388.5 15.2081696906 0 13.7379790501 0
2457389.5 15.2435917429 0 13.7798524078 0
2457390.5 15.1982807529 0 13.7283498623 0
2457391.5 15.2709884212 0 13.8097589641 0
2457392.5 15.2856212155 0 13.8299248465 0
2457393.5 15.336282283 0 13.8839134022 0
2457394.5 15.363639043 0 13.916047003 0
2457395.5 14.8714597314 0 13.3512648635 0
2457396.5 14.7865514339 0 13.2574973496 0
2457397.5 14.8519607708 0 13.3333910729 0
2457398.5 14.895503105 0 13.3829184675 0
2457399.5 14.8988679921 0 13.3888089902 0
2457400.5 14.8155602851 0 13.2976703166 0
2457401.5 14.8680824414 0 13.3583920681 0
2457402.5 14.8884507165 0 13.3867698506 0
2457403.5 14.8311428679 0 13.321780408 0
2457404.5 14.8830580035 0 13.3805985903 0
2457405.5 14.9383979905 0 13.4491275397 0
2457406.5 14.9877033618 0 13.5028424275 0
2457407.5 15.0157233671 0 13.5336906725 0
2457408.5 14.9891621665 0 13.5021150487 0
2457409.5 15.0766134212 0 13.6017752002 0
2457410.5 15.6109639263 0 14.2046574163 0
2457411.5 15.7050708521 0 14.3108056042 0
2457412.5 15.8204657052 0 14.4388026643 0
2457413.5 15.8296789191 0 14.4460034729 0
2457414.5 15.880980045 0 14.5034026371 0
2457415.5 15.7349327899 0 14.3421181233 0
2457416.5 14.5688006328 0 13.0110687563 0
2457417.5 14.5703870654 0 13.017649762 0
2457418.5 14.5715732908 0 13.0126099056 0
2457419.5 14.5861925481 0 13.0255882892 0
2457420.5 14.8946031592 0 13.3877184804 0
2457421.5 14.8089004657 0 13.2879897906 0
2457422.5 14.895190553 0 13.3848073769 0
2457423.5 14.864653321 0 13.3487458121 0
2457424.5 14.8374304651 0 13.320121333 0
2457425.5 14.9135993013 0 13.4041907642 0
2457426.5 14.8540383924 0 13.3364122316 0
2457427.5 14.7936621744 0 13.2697309064 0
2457428.5 14.8395544288 0 13.3253952467 0
2457429.5 14.7514666154 0 13.2236053247 0
2457430.5 14.6296329042 0 13.0747563731 0
2457431.5 14.6852880172 0 13.1371212767 0
2457432.5 14.6756270782 0 13.1181281259 0
2457433.5 14.7340815802 0 13.1917198495 0
2457434.5 14.6768309119 0 13.1215745288 0
2457435.5 14.7426926133 0 13.2033532814 0
2457436.5 14.7224043761 0 13.1825529216 0
2457437.5 14.7395122662 0 13.1994803526 0
2457438.5 14.7520808063 0 13.211118886 0
2457439.5 14.7461864912 0 13.2083711368 0
2457440.5 14.7037570208 0 13.1556519417 0
2457441.5 14.9274744875 0 13.4195273997 0
2457442.5 14.9848836978 0 13.4879253394 0
2457443.5 14.8432630666 0 13.3297250796 0
2457444.5 14.8447611808 0 13.3340720146 0
2457445.5 14.8196658051 0 13.3089825697 0
2457446.5 14.8659192599 0 13.363378699 0
2457447.5 14.7568437074 0 13.2542661454 0
2457448.5 14.6745058294 0 13.1614375314 0
2457449.5 14.5972458672 0 13.0727185305 0
2457450.5 14.4827849358 0 12.9433714481 0
2457451.5 14.3937116499 0 12.841430966 0
2457452.5 14.3176531771 0 12.7506856079 0
2457453.5 14.5946857278 0 13.0765153242 0
2457454.5 14.7180000296 0 13.2142762141 0
2457455.5 14.7797865287 0 13.2852000335 0
2457456.5 14.7385458096 0 13.2429878303 0
2457457.5 14.8161073416 0 13.3325328993 0
2457458.5 14.5155416618 0 12.9808232325 0
2457459.5 14.5741403214 0 13.0470580811 0
2457460.5 14.5908065261 0 13.0608719548 0
2457461.5 14.6053740342 0 13.0793697607 0
2457462.5 14.576027704 0 13.0393922594 0
2457463.5 14.5979863717 0 13.060279704 0
2457464.5 14.7774073303 0 13.2668010283 0
2457465.5 14.8345198127 0 13.3278005943 0
2457466.5 14.86300789 0 13.3594048627 0
2457467.5 14.7807655763 0 13.269286036 0
2457468.5 14.7175085968 0 13.1903180699 0
2457469.5 15.1180209501 0 13.6501435809 0
2457470.5 15.2167173354 0 13.7590373611 0
2457471.5 15.1146264608 0 13.6427644084 0
2457472.5 15.1463312398 0 13.6813399687 0
2457473.5 15.2175874076 0 13.759770881 0
2457474.5 15.1138769184 0 13.6438975322 0
2457475.5 14.5741931323 0 13.0156505985 0
2457476.5 14.5877697078 0 13.0319228292 0
2457477.5 14.6057447402 0 13.0575956122 0
2457478.5 14.6141051847 0 13.0736471945 0
2457479.5 14.5789375079 0 13.0322996476 0
2457480.5 15.1459707591 0 13.6886731525 0
2457481.5 15.1621286308 0 13.7031872161 0
2457482.5 15.2637915554 0 13.8217846609 0
2457483.5 15.1267316589 0 13.6679287609 0
2457484.5 15.1178882972 0 13.6594090255 0
2457485.5 14.6970182779 0 13.1784103499 0
2457486.5 14.721008726 0 13.2056723324 0
2457487.5 14.7682483789 0 13.2604081008 0
2457488.5 14.9049565655 0 13.4125180576 0
2457489.5 15.0117681085 0 13.5387230347 0
2457490.5 15.0584984414 0 13.5876223924 0
2457491.5 15.0627616452 0 13.5887917139 0
2457492.5 14.9792555913 0 13.4921358194 0
2457493.5 14.8611203461 0 13.3575225229 0
2457494.5 14.6466131218 0 13.1122834497 0
2457495.5 14.5531581884 0 13.0040039524 0
2457496.5 14.4757983544 0 12.9095181719 0
2457497.5 14.4347877747 0 12.8536536977 0
2457498.5 14.5180832131 0 12.9510681101 0
2457499.5 15.5595430711 0 14.1456937305 0
2457500.5 15.5574043783 0 14.1423671639 0
2457501.5 15.7333939112 0 14.334541337 0
2457502.5 15.8308197511 0 14.4434585052 0
2457503.5 14.8529493025 0 13.3485638497 0
2457504.5 14.8777491784 0 13.3791873229 0
2457505.5 14.9704577229 0 13.4803313483 0
2457506.5 14.9047268063 0 13.4051809856 0
2457507.5 14.9190202863 0 13.4254284919 0
2457508.5 15.81916506 0 14.4353472365 0
2457509.5 15.7102376298 0 14.3140343605 0
2457510.5 15.8323073613 0 14.4463424707 0
2457511.5 15.8514941366 0 14.4654853426 0
2457512.5 15.9704639882 0 14.5954379515 0
2457513.5 16.0437805342 0 14.6767406184 0
2457514.5 15.6036261205 0 14.1926060303 0
2457515.5 15.4921301341 0 14.0689375276 0
2457516.5 15.3192552364 0 13.880369132 0
2457517.5 15.2861577962 0 13.8474856832 0
2457518.5 15.2890778903 0 13.8542145996 0
2457519.5 15.3694118298 0 13.9406806117 0
2457520.5 15.4423373919 0 14.0239605954 0
2457521.5 15.5649772706 0 14.1622628316 0
2457522.5 15.4827756585 0 14.0680687723 0
2457523.5 15.5674209421 0 14.1644488593 0
2457524.5 15.509807752 0 14.0979278481 0
2457525.5 15.5107955129 0 14.1000439128 0
2457526.5 14.8673625034 0 13.3805003771 0
2457527.5 14.8582884986 0 13.3737263329 0
2457528.5 14.8993498254 0 13.4246570072 0
2457529.5 14.9050669866 0 13.4334293462 0
2457530.5 14.9461109841 0 13.4833598882 0
2457531.5 14.9381251489 0 13.4785103031 0
2457532.5 15.0168228538 0 13.5643437939 0
2457533.5 14.8796036842 0 13.4119030402 0
2457534.5 14.7497313099 0 13.2673305042 0
2457535.5 14.6654560058 0 13.1709465088 0
2457536.5 14.6101689922 0 13.1081918434 0
2457537.5 14.6518257433 0 13.1510171276 0
2457538.5 14.3476933074 0 12.7989642124 0
2457539.5 14.3007203085 0 12.7461542324 0
2457540.5 14.2173038756 0 12.6500512236 0
2457541.5 14.1560488813 0 12.5719503961 0
2457542.5 14.1452054594 0 12.5541000066 0
2457543.5 15.499006611 0 14.1099277043 0
2457544.5 15.599182642 0 14.221357609 0
2457545.5 15.676087422 0 14.3040535641 0
2457546.5 15.8127133331 0 14.4513085149 0
2457547.5 15.9478167178 0 14.5972001643 0
2457548.5 15.9349132159 0 14.59404981 0
2457549.5 15.0952368989 0 13.6690508642 0
2457550.5 15.1704851761 0 13.7520267928 0
2457551.5 15.3290614166 0 13.9266368976 0
2457552.5 15.3775706422 0 13.982302369 0
2457553.5 15.3852122263 0 13.9893430643 0
2457554.5 15.4927731758 0 14.109027449 0
2457555.5 15.113721743 0 13.6906978738 0
2457556.5 14.9669965665 0 13.5283626258 0
2457557.5 15.0529583732 0 13.625272343 0
2457558.5 15.0726404252 0 13.6504774727 0
2457559.5 14.9710559189 0 13.5335705555 0
2457560.5 14.9429159848 0 13.5042559359 0
2457561.5 14.9181811943 0 13.4800394544 0
2457562.5 14.8026206671 0 13.3515333843 0
2457563.5 14.9485012522 0 13.5146481468 0
2457564.5 15.0544151395 0 13.6349707864 0
2457565.5 15.4577043213 0 14.0801777846 0
2457566.5 15.3879686183 0 14.0001320275 0
2457567.5 15.363283509 0 13.9705362986 0
2457568.5 15.3673906938 0 13.9741676762 0
2457569.5 14.2822656358 0 12.7454796933 0
2457570.5 14.3851115672 0 12.8652083944 0
2457571.5 14.3194778508 0 12.7861057937 0
2457572.5 14.4317432178 0 12.9142813252 0
2457573.5 14.4661431878 0 12.9494084776 0
2457574.5 14.5622900593 0 13.0570999976 0
2457575.5 14.3095931241 0 12.7556992071 0
2457576.5 14.3585676075 0 12.8179358058 0
2457577.5 14.3240127998 0 12.7717937683 0
2457578.5 14.3422217879 0 12.7921441099 0
2457579.5 14.3649205278 0 12.8168034405 0
2457580.5 14.5155444416 0 12.9945801048 0
2457581.5 14.6361047108 0 13.1308145752 0
2457582.5 14.5575946024 0 13.0384633649 0
2457583.5 14.6426051698 0 13.1369512344 0
2457584.5 14.6974939474 0 13.1977606539 0
2457585.5 14.8014435642 0 13.3181775645 0
2457586.5 15.2786570599 0 13.8557856526 0
2457587.5 15.2008125806 0 13.7689994096 0
2457588.5 15.0984535169 0 13.6584596644 0
2457589.5 15.0008597005 0 13.5446506109 0
2457590.5 15.1179146812 0 13.6759089608 0
2457591.5 14.7755841828 0 13.2861373683 0
2457592.5 14.8361197992 0 13.3538798783 0
2457593.5 14.9400467555 0 13.4680162604 0
2457594.5 14.8939077648 0 13.4123195538 0
2457595.5 14.8082305374 0 13.3177525187 0
2457596.5 14.4682382009 0 12.9260539564 0
2457597.5 14.5358500238 0 13.0005186702 0
2457598.5 14.6032451161 0 13.0793947532 0
2457599.5 14.5215974595 0 12.9821002546 0
2457600.5 14.4868936524 0 12.941377519 0
2457601.5 14.5478545869 0 13.014313646 0
2457602.5 15.8085293275 0 14.4365736401 0
2457603.5 15.8486181743 0 14.4836065158 0
2457604.5 15.7919304088 0 14.4220622038 0
2457605.5 15.65303632 0 14.2714679736 0
2457606.5 15.7084422322 0 14.3310452894 0
2457607.5 15.7247451072 0 14.3492221544 0
2457608.5 15.7977782939 0 14.4294868957 0
2457609.5 15.9464129814 0 14.5906434244 0
2457610.5 15.7951218225 0 14.4250087284 0
2457611.5 15.3207594959 0 13.9022796083 0
2457612.5 15.3157592386 0 13.8972663482 0
2457613.5 15.3456067613 0 13.9311021637 0
2457614.5 15.3301611722 0 13.9129117333 0
2457615.5 15.2510420954 0 13.8263658339 0
2457616.5 14.9029440955 0 13.4314086847 0
2457617.5 14.9628505561 0 13.4996031779 0
2457618.5 14.8734455501 0 13.3985333285 0
2457619.5 14.8634204501 0 13.3716753145 0
2457620.5 15.541879821 0 14.1314724725 0
2457621.5 15.4407974398 0 14.0157996921 0
2457622.5 15.3795481524 0 13.9514878686 0
2457623.5 15.4722332987 0 14.0522077759 0
2457624.5 15.3177718262 0 13.8828857691 0
2457625.5 15.3393118994 0 13.9042375887 0
2457626.5 15.2816656625 0 13.8415099323 0
2457627.5 15.3117848652 0 13.8781750852 0
2457628.5 15.3840325682 0 13.9569769741 0
2457629.5 14.5259366864 0 12.9729781194 0
2457630.5 14.544054683 0 12.9882779882 0
2457631.5 14.4809632201 0 12.9088583427 0
2457632.5 14.4950229989 0 12.9337629299 0
2457633.5 14.5277455531 0 12.9772196823 0
2457634.5 15.8162520064 0 14.4377283321 0
2457635.5 15.836165717 0 14.4572209814 0
2457636.5 15.9569378041 0 14.5868528209 0
2457637.5 16.050573581 0 14.6870062525 0
2457638.5 14.8519522447 0 13.3492809629 0
2457639.5 14.9539353553 0 13.4629440811 0
2457640.5 14.9682537968 0 13.4817104695 0
2457641.5 14.9293203489 0 13.4329477364 0
2457642.5 14.9089148555 0 13.4095013973 0
2457643.5 14.9821834786 0 13.4888057547 0
2457644.5 15.0379473773 0 13.5573449916 0
2457645.5 15.05644372 0 13.5764847498 0
2457646.5 14.9940923248 0 13.5022705427 0
2457647.5 14.8919687274 0 13.3846442836 0
2457648.5 15.4629230736 0 14.0314288791 0
2457649.5 15.4339789173 0 13.9946234957 0
2457650.5 15.3183396765 0 13.8684591845 0
2457651.5 15.1680138855 0 13.7034421055 0
2457652.5 15.4105619922 0 13.9726686508 0
2457653.5 15.3484811377 0 13.900340137 0
2457654.5 15.2637626232 0 13.8008706489 0
2457655.5 15.3532863852 0 13.8985875701 0
2457656.5 15.3896868789 0 13.9407399557 0
2457657.5 15.4504397582 0 14.0090491185 0
2457658.5 15.4550860777 0 14.0173050486 0
2457659.5 15.5556096193 0 14.1286474209 0
2457660.5 15.4435496586 0 13.9998290332 0
2457661.5 15.4824495023 0 14.0400659467 0
2457662.5 15.4864719914 0 14.0455328511 0
2457663.5 15.0978686701 0 13.6076241937 0
2457664.5 15.1720058156 0 13.6874563697 0
2457665.5 15.2031212095 0 13.7251303824 0
2457666.5 15.1279005917 0 13.6426605227 0
2457667.5 15.1433813521 0 13.664842356 0
2457668.5 15.5626183815 0 14.1396350684 0
2457669.5 15.5906740079 0 14.1734694884 0
2457670.5 15.4632269471 0 14.0303900098 0
2457671.5 15.5551002462 0 14.1313534362 0
2457672.5 15.5027692362 0 14.0694451988 0
2457673.5 15.1404289542 0 13.6659704877 0
2457674.5 15.2958715699 0 13.8383592798 0
2457675.5 15.4160726698 0 13.9725042805 0
2457676.5 15.3630577758 0 13.9151396086 0
2457677.5 15.2513208281 0 13.7908798721 0
2457678.5 15.3633848615 0 13.9158789839 0
2457679.5 15.0963122385 0 13.6089678252 0
2457680.5 15.144964233 0 13.667100111 0
2457681.5 15.2123185183 0 13.7461455324 0
2457682.5 15.5216923447 0 14.0723580656 0
2457683.5 15.4315598529 0 13.9711952637 0
2457684.5 15.5305198616 0 14.0794836792 0
2457685.5 15.0628029435 0 13.5500825246 0
2457686.5 15.1642922022 0 13.6623833976 0
2457687.5 15.1375288035 0 13.6346311319 0
2457688.5 15.0430204928 0 13.5234804978 0
2457689.5 15.1095099866 0 13.5982978873 0
2457690.5 15.2904523543 0 13.8050062494 0
2457691.5 15.3267183911 0 13.8443191654 0
2457692.5 15.2269591924 0 13.7339515432 0
2457693.5 15.1766695992 0 13.6789125423 0
2457694.5 15.1600717757 0 13.6603889344 0
2457695.5 15.2371640349 0 13.7502776808 0
2457696.5 15.4681971112 0 14.0123732525 0
2457697.5 15.3397331551 0 13.8682355822 0
2457698.5 15.2720385438 0 13.7894700629 0
2457699.5 15.182361344 0 13.6883020059 0
2457700.5 15.2997157494 0 13.8208870873 0
2457701.5 15.278726391 0 13.7966679433 0
2457702.5 15.363808581 0 13.8940808667 0
2457703.5 15.3650900026 0 13.8937468798 0
2457704.5 15.2269967953 0 13.7398832711 0
2457705.5 15.2013532702 0 13.7139573845 0
2457706.5 14.8665719867 0 13.3286524722 0
2457707.5 14.9124898972 0 13.3835307532 0
2457708.5 14.9194385635 0 13.3926363993 0
2457709.5 14.8393212448 0 13.3027805452 0
2457710.5 15.4323147871 0 13.9734748473 0
2457711.5 15.447420163 0 13.9860664033 0
2457712.5 15.351322328 0 13.8786399782 0
2457713.5 15.2722606329 0 13.7939255587 0
2457714.5 15.7908359942 0 14.3742025488 0
2457715.5 15.7610375393 0 14.3433983337 0
2457716.5 15.6498956356 0 14.2214397605 0
2457717.5 15.5963206498 0 14.1584519682 0
2457718.5 15.4975837005 0 14.0452556741 0
2457719.5 15.4492320946 0 13.9878186805 0
2457720.5 15.2331707335 0 13.737516329 0
2457721.5 15.1813934081 0 13.6777667136 0
2457722.5 15.2047737651 0 13.7021613568 0
2457723.5 15.3070833767 0 13.8141908537 0
2457724.5 15.2000959092 0 13.6902607159 0
2457725.5 15.6418338884 0 14.1941188551 0
2457726.5 15.7529431161 0 14.3220386033 0
2457727.5 15.7966311599 0 14.372621086 0
2457728.5 15.8181132088 0 14.3936184787 0
2457729.5 15.8960381193 0 14.4787602286 0
2457730.5 15.7790534613 0 14.3470117996 0
2457731.5 15.7661570266 0 14.3363539831 0
2457732.5 15.7975268163 0 14.3716656434 0
2457733.5 15.6580240597 0 14.2184550293 0
2457734.5 15.7494568935 0 14.3212823526 0
2457735.5 14.906355067 0 13.3484298291 0
2457736.5 14.914588398 0 13.3530777756 0
2457737.5 14.9047606206 0 13.3352716039 0
2457738.5 14.8138896671 0 13.2277570676 0
2457739.5 14.7434792993 0 13.1408297782 0
2457740.5 15.474241573 0 13.9882034239 0
2457741.5 15.5002568467 0 14.0225757299 0
2457742.5 15.4253361319 0 13.9370541061 0
2457743.5 15.3423610061 0 13.8446843645 0
2457744.5 15.3530503964 0 13.8603376529 0
2457745.5 16.1190696549 0 14.7165698838 0
2457746.5 16.0527492972 0 14.6444957746 0
2457747.5 15.9515948211 0 14.5339074556 0
2457748.5 15.943301574 0 14.525870035 0
2457749.5 15.896643469 0 14.4781490789 0
2457750.5 15.8382058963 0 14.4127543427 0
2457751.5 15.8704454956 0 14.4458946249 0
2457752.5 15.8697449911 0 14.4416463568 0
2457753.5 15.9668755381 0 14.5516649628 0
2457754.5 15.8544791015 0 14.4296981265 0
2457755.5 15.9193078613 0 14.5022782673 0
2457756.5 15.8301923901 0 14.4008261611 0
2457757.5 15.7140379011 0 14.2675549014 0
2457758.5 15.5479882461 0 14.0842247015 0
2457759.5 16.3411868748 0 14.9673979211 0
2457760.5 16.1792528275 0 14.7899631802 0
2457761.5 16.2643539437 0 14.883640158 0
2457762.5 16.3875978835 0 15.0192536965 0
2457763.5 16.4436206014 0 15.0804072559 0
2457764.5 16.6213741091 0 15.2749635178 0
2457765.5 15.9670633705 0 14.5508038952 0
2457766.5 15.884565566 0 14.4545806289 0
2457767.5 15.8112337453 0 14.3761755931 0
2457768.5 15.7803935639 0 14.3449579612 0
2457769.5 15.6814909317 0 14.2291904224 0
2457770.5 15.578668907 0 14.1155949539 0
2457771.5 15.9898938364 0 14.5747375276 0
2457772.5 16.0444144879 0 14.6362825539 0
2457773.5 16.0895173676 0 14.6938712986 0
2457774.5 16.2848072749 0 14.906269413 0
2457775.5 15.8217401383 0 14.3915515149 0
2457776.5 15.684263567 0 14.2369000336 0
2457777.5 15.794918147 0 14.3608908294 0
2457778.5 15.7958453828 0 14.3601425693 0
2457779.5 15.3462259527 0 13.8496486282 0
2457780.5 15.4093527417 0 13.9180011342 0
2457781.5 15.4855108576 0 14.0090295051 0
2457782.5 15.3799545018 0 13.892499258 0
2457783.5 15.2939806905 0 13.7967629286 0
2457784.5 15.2987091457 0 13.805859698 0
2457785.5 15.2962379318 0 13.8066364061 0
2457786.5 15.2718865115 0 13.7733623988 0
2457787.5 15.2670443479 0 13.7683654321 0
2457788.5 15.2053635243 0 13.6989477351 0
2457789.5 15.0220682094 0 13.4893100958 0
2457790.5 15.0090036732 0 13.4693745146 0
2457791.5 14.990432428 0 13.4476735076 0
2457792.5 15.0334115495 0 13.4980484211 0
2457793.5 16.3743903197 0 15.0065782777 0
2457794.5 16.3232036655 0 14.9474145845 0
2457795.5 16.3482765964 0 14.9715666543 0
2457796.5 16.5062132174 0 15.1453745267 0
2457797.5 16.5929854668 0 15.2433886187 0
2457798.5 16.7587856687 0 15.4246038519 0
2457799.5 16.4343681943 0 15.0701431515 0
2457800.5 16.336989156 0 14.9640578245 0
2457801.5 16.1875425893 0 14.7992962213 0
2457802.5 16.1160721384 0 14.7203405249 0
2457803.5 15.9861884588 0 14.5782201848 0
2457804.5 16.0599282326 0 14.6634465539 0
2457805.5 14.9076616299 0 13.3524124278 0
2457806.5 14.8875428902 0 13.3254019808 0
2457807.5 14.8955908724 0 13.3319991629 0
2457808.5 14.8984615188 0 13.3344243531 0
2457809.5 14.8708561139 0 13.3046518106 0
2457810.5 14.8724304656 0 13.3003214659 0
2457811.5 15.0061726604 0 13.4619416463 0
2457812.5 14.9827390145 0 13.4283848539 0
2457813.5 15.0428360415 0 13.4944524436 0
2457814.5 15.1187603996 0 13.5866723035 0
2457815.5 15.5564788033 0 14.0925499819 0
2457816.5 15.5508763995 0 14.0818147825 0
2457817.5 15.6416540878 0 14.1795945053 0
2457818.5 15.6877011469 0 14.2302842508 0
2457819.5 15.579933622 0 14.1092248389 0
2457820.5 15.5858384835 0 14.1115158464 0
2457821.5 16.4923738022 0 15.1236304176 0
2457822.5 16.3942902489 0 15.0118334157 0
2457823.5 16.4887213329 0 15.1189124202 0
2457824.5 16.4346135736 0 15.0571333449 0
2457825.5 16.6102065858 0 15.2487249685 0
2457826.5 16.4982363541 0 15.1289554811 0
2457827.5 16.5030599946 0 15.1344972563 0
2457828.5 16.6112600934 0 15.2550533188 0
2457829.5 16.4546828113 0 15.0821636386 0
2457830.5 16.4656260311 0 15.0963690709 0
2457831.5 16.5858841906 0 15.2284321669 0
2457832.5 16.5834859933 0 15.2228779912 0
2457833.5 16.5396511746 0 15.1762876664 0
2457834.5 16.6003942259 0 15.244015097 0
2457835.5 16.429960823 0 15.0575267463 0
2457836.5 16.3330347754 0 14.9472170313 0
2457837.5 16.1796273288 0 14.7802218476 0
2457838.5 15.7816414191 0 14.3335106741 0
2457839.5 15.7719403127 0 14.3194848122 0
2457840.5 15.7739943084 0 14.3167963841 0
2457841.5 15.6275903309 0 14.1537681257 0
2457842.5 15.559585608 0 14.0716163034 0
2457843.5 15.6492628618 0 14.1742959039 0
2457844.5 15.4946847258 0 14.0019136667 0
2457845.5 15.5513451858 0 14.0625644242 0
2457846.5 15.4835119869 0 13.9795536275 0
2457847.5 15.5172624326 0 14.0173204201 0
2457848.5 16.2712854993 0 14.8620522335 0
2457849.5 16.3572369429 0 14.9535940807 0
2457850.5 16.4880277075 0 15.0955933696 0
2457851.5 16.4413712486 0 15.0416490965 0
2457852.5 16.358177985 0 14.9455139802 0
2457853.5 15.8584861471 0 14.3895515935 0
2457854.5 15.9061631057 0 14.4441226553 0
2457855.5 15.9206764588 0 14.463911717 0
2457856.5 15.9218503369 0 14.4661113152 0
2457857.5 15.9880502216 0 14.5382905832 0
2457858.5 16.054053039 0 14.6106740804 0
2457859.5 15.7475114325 0 14.2644893806 0
2457860.5 15.7063711165 0 14.2228776228 0
2457861.5 15.7146003365 0 14.2293372348 0
2457862.5 15.8627471464 0 14.3938986375 0
2457863.5 15.848103742 0 14.3768499735 0
2457864.5 15.9143377308 0 14.4555290749 0
2457865.5 16.0177128132 0 14.5760615027 0
2457866.5 16.0311892457 0 14.5947290824 0
2457867.5 16.0492460406 0 14.6169793569 0
2457868.5 15.9194625718 0 14.4749224106 0
2457869.5 15.2793678432 0 13.7391321272 0
2457870.5 15.3230869056 0 13.7871748928 0
2457871.5 15.3419684832 0 13.8123038534 0
2457872.5 15.3952384386 0 13.8723135977 0
2457873.5 15.3866093891 0 13.8549181533 0
2457874.5 15.3266132168 0 13.782023215 0
2457875.5 16.2024754869 0 14.777015577 0
2457876.5 16.3713817302 0 14.9601312511 0
2457877.5 16.4510204688 0 15.0440855693 0
2457878.5 16.175424183 0 14.7568306892 0
2457879.5 16.5056013041 0 15.1197551581 0
2457880.5 16.3865507952 0 14.9895158834 0
2457881.5 16.4560957544 0 15.0696226677 0
2457882.5 16.551492339 0 15.1739756919 0
2457883.5 16.72187023 0 15.3581336811 0
2457884.5 16.787387301 0 15.4265086473 0
2457885.5 16.2719817957 0 14.8608633814 0
2457886.5 16.1654135803 0 14.7399556556 0
2457887.5 16.2778451417 0 14.8658636043 0
2457888.5 16.1100722395 0 14.6819593135 0
2457889.5 16.0711893836 0 14.6340488162 0
2457890.5 15.946574459 0 14.4969565994 0
2457891.5 15.8542501511 0 14.3889175165 0
2457892.5 15.7616487304 0 14.2817466712 0
2457893.5 15.6701300571 0 14.1776302696 0
2457894.5 15.6699161295 0 14.1827324173 0
2457895.5 16.5889912086 0 15.2117413323 0
2457896.5 16.632763195 0 15.261578048 0
2457897.5 16.696401116 0 15.3314221796 0
2457898.5 16.8382989199 0 15.490476176 0
2457899.5 16.4942399105 0 15.1099635635 0
2457900.5 16.4218045409 0 15.0272841389 0
2457901.5 16.484705142 0 15.0949361178 0
2457902.5 16.3893327864 0 14.9884099606 0
2457903.5 16.4664098311 0 15.0701311063 0
2457904.5 16.5513908197 0 15.1631013638 0
2457905.5 16.5623345936 0 15.1732725639 0
2457906.5 16.6636746298 0 15.2841502991 0
2457907.5 16.7506974606 0 15.3822823099 0
2457908.5 16.5794450791 0 15.1953367361 0
2457909.5 16.5234088222 0 15.1361800895 0
2457910.5 15.9637641046 0 14.4926940137 0
2457911.5 16.0783973045 0 14.6193311333 0
2457912.5 16.0049513259 0 14.5396461395 0
2457913.5 16.0734506204 0 14.6197028117 0
2457914.5 15.5653014114 0 14.0301291145 0
2457915.5 15.5147030644 0 13.9711603277 0
2457916.5 15.4300242911 0 13.8745012104 0
2457917.5 15.4568526456 0 13.9013414093 0
2457918.5 15.4935363314 0 13.9475158088 0
2457919.5 16.2876379464 0 14.85544501 0
2457920.5 16.1832548291 0 14.7433335737 0
2457921.5 16.2664956962 0 14.836644623 0
2457922.5 16.1772005133 0 14.7362705232 0
2457923.5 16.3891387983 0 14.9712832352 0
2457924.5 16.5111052579 0 15.1076918161 0
2457925.5 16.630239811 0 15.244101147 0
2457926.5 16.6475519585 0 15.2649394982 0
2457927.5 16.7657761655 0 15.3932228123 0
2457928.5 16.6167095339 0 15.2300199936 0
2457929.5 16.3981054014 0 14.9837621578 0
2457930.5 16.3975467472 0 14.9842264718 0
2457931.5 16.461478099 0 15.0539684334 0
2457932.5 16.460332314 0 15.0483308128 0
2457933.5 16.3581070562 0 14.9312916457 0
2457934.5 16.280910951 0 14.8489108151 0
2457935.5 15.801196328 0 14.3060892678 0
2457936.5 15.9451217655 0 14.4667841569 0
2457937.5 15.9621807766 0 14.485929593 0
2457938.5 16.0630637725 0 14.5970825445 0
2457939.5 16.2540561149 0 14.7942279482 0
2457940.5 16.8892267761 0 15.4982959535 0
2457941.5 16.885085068 0 15.4938168999 0
2457942.5 16.8770408081 0 15.4805274092 0
2457943.5 16.8940148222 0 15.4972077534 0
2457944.5 17.0002597981 0 15.6183848597 0
2457945.5 16.5460490846 0 15.1193367371 0
2457946.5 16.6926292568 0 15.2787127771 0
2457947.5 16.8008856735 0 15.3993410205 0
2457948.5 16.9298169218 0 15.5448977246 0
2457949.5 16.9798584758 0 15.5993749671 0
2457950.5 16.8359722458 0 15.4402543142 0
2457951.5 16.1708049795 0 14.6974241037 0
2457952.5 16.252413841 0 14.7917568778 0
2457953.5 16.1043562853 0 14.6264302664 0
2457954.5 16.197580666 0 14.730650099 0
2457955.5 17.1096952118 0 15.7491897351 0
2457956.5 17.1687672297 0 15.8160795527 0
2457957.5 17.2252583924 0 15.8760882467 0
2457958.5 17.2098752288 0 15.8572761907 0
2457959.5 17.3300068617 0 15.9928478712 0
2457960.5 17.2523582132 0 15.9082733662 0
2457961.5 17.0378074231 0 15.6770063961 0
2457962.5 17.0943128001 0 15.7387839819 0
2457963.5 17.0764149826 0 15.7150023744 0
2457964.5 16.9710574209 0 15.6023467568 0
2457965.5 16.859243171 0 15.4758506021 0
2457966.5 16.8339797308 0 15.4523249178 0
2457967.5 16.9928416833 0 15.6230719845 0
2457968.5 17.1324595256 0 15.7731696324 0
2457969.5 17.2669914191 0 15.9247348689 0
2457970.5 17.3914842631 0 16.0600322782 0
2457971.5 17.3323945004 0 15.9981096756 0
2457972.5 17.2793088541 0 15.9440131216 0
2457973.5 16.5265013073 0 15.1120915129 0
2457974.5 16.4309447779 0 15.020470166 0
2457975.5 16.2682914048 0 14.8417961104 0
2457976.5 16.3271263921 0 14.9066808131 0
2457977.5 16.2751779432 0 14.8437246003 0
2457978.5 15.4197489501 0 13.868523134 0
2457979.5 15.4769492658 0 13.9284535791 0
2457980.5 15.4489334256 0 13.8865893419 0
2457981.5 15.4306029999 0 13.8549737463 0
2457982.5 15.4450653847 0 13.8793997704 0
2457983.5 16.4915144269 0 15.0816955383 0
2457984.5 16.4746084137 0 15.0642593947 0
2457985.5 16.5272930932 0 15.1249767788 0
2457986.5 16.5948277339 0 15.2023496384 0
2457987.5 16.570948412 0 15.1783862505 0
2457988.5 16.7678380881 0 15.3912661857 0
2457989.5 16.6285792973 0 15.23428283 0
2457990.5 16.7952376338 0 15.4175989798 0
2457991.5 16.6791417281 0 15.2908600371 0
2457992.5 16.6337953143 0 15.2433012666 0
2457993.5 16.4830021323 0 15.0787663611 0
2457994.5 16.4375049211 0 15.0295757475 0
2457995.5 15.5766698806 0 14.0509137151 0
2457996.5 15.5818651902 0 14.0595069009 0
2457997.5 15.4766374859 0 13.9371458858 0
2457998.5 15.5910914315 0 14.0686349727 0
2457999.5 16.743738146 0 15.3617628407 0
2458000.5 16.8825601405 0 15.5115017063 0
2458001.5 16.9588225268 0 15.5969035453 0
2458002.5 16.8334436826 0 15.457878279 0
2458003.5 16.7389648861 0 15.3562931893 0
2458004.5 16.6096656305 0 15.2127190198 0
2458005.5 16.8208152633 0 15.4243592263 0
2458006.5 16.8314593176 0 15.4392892833 0
2458007.5 16.8802956602 0 15.4962398168 0
2458008.5 16.8895348862 0 15.5039884083 0
2458009.5 16.9590929795 0 15.5819475794 0
2458010.5 16.9168191361 0 15.5392789588 0
2458011.5 16.0698303034 0 14.5955494087 0
2458012.5 16.1367396327 0 14.6667196952 0
2458013.5 16.1789932619 0 14.7196945404 0
2458014.5 16.103155094 0 14.6392854312 0
2458015.5 16.0205660041 0 14.5507019624 0
2458016.5 15.8804774131 0 14.396678671 0
2458017.5 16.6378256624 0 15.2437209741 0
2458018.5 16.4731049852 0 15.0628436681 0
2458019.5 16.6045682714 0 15.2111197455 0
2458020.5 16.6723513541 0 15.2891024039 0
2458021.5 16.7834541359 0 15.4133035081 0
2458022.5 15.9280139429 0 14.4631181436 0
2458023.5 16.0593407496 0 14.607352849 0
2458024.5 15.9271462561 0 14.4626719305 0
2458025.5 15.8469216376 0 14.367665458 0
2458026.5 15.8468086609 0 14.3669531204 0
2458027.5 16.3621798761 0 14.9452847684 0
2458028.5 16.3927467098 0 14.9763886961 0
2458029.5 16.2583188675 0 14.8283898952 0
2458030.5 16.2073561618 0 14.7699125378 0
2458031.5 16.1449274253 0 14.6975457167 0
2458032.5 16.191423717 0 14.7489960874 0
2458033.5 16.9270001611 0 15.5671005612 0
2458034.5 16.7587971889 0 15.3847167809 0
2458035.5 16.8978403175 0 15.5350267019 0
2458036.5 16.7536527057 0 15.3741817791 0
2458037.5 15.8587183871 0 14.3551475205 0
2458038.5 15.9359596373 0 14.4461670913 0
2458039.5 15.9362314299 0 14.4480063976 0
2458040.5 15.9429244978 0 14.4519604453 0
2458041.5 15.9761358957 0 14.4896715432 0
2458042.5 16.3593799282 0 14.9184107973 0
2458043.5 16.2811589646 0 14.829647637 0
2458044.5 16.2155544401 0 14.7581854173 0
2458045.5 16.2675768825 0 14.8211602349 0
2458046.5 16.247688235 0 14.8019437448 0
2458047.5 16.2310436729 0 14.7790067603 0
2458048.5 16.8854055664 0 15.5095143416 0
2458049.5 16.9807707173 0 15.6140603486 0
2458050.5 16.9906715332 0 15.6286467739 0
2458051.5 17.0235244086 0 15.661111729 0
2458052.5 17.0950498108 0 15.7392697212 0
2458053.5 17.1332933807 0 15.7775672353 0
2458054.5 16.8501902657 0 15.4620556642 0
2458055.5 16.7938701469 0 15.3972712764 0
2458056.5 16.9553522054 0 15.5721801035 0
2458057.5 16.9172875201 0 15.5326407757 0
2458058.5 16.9108140862 0 15.5290488884 0
2458059.5 16.0306866774 0 14.5467004172 0
2458060.5 16.1497108646 0 14.678723967 0
2458061.5 16.0604618239 0 14.5816490542 0
2458062.5 16.1504232788 0 14.6791318981 0
2458063.5 16.1092407322 0 14.6335714748 0
2458064.5 16.1570272496 0 14.6823603589 0
2458065.5 16.9115488536 0 15.5220951315 0
2458066.5 16.8107963963 0 15.412712191 0
2458067.5 16.8264856042 0 15.4298752259 0
2458068.5 16.8541588092 0 15.4574655266 0
2458069.5 16.8037893628 0 15.4008510413 0
2458070.5 16.3992877847 0 14.9496180304 0
2458071.5 16.319603615 0 14.8580779318 0
2458072.5 16.4408173123 0 14.9939681498 0
2458073.5 16.5237233295 0 15.0921931165 0
2458074.5 16.5988875919 0 15.1756611533 0
2458075.5 16.5153388472 0 15.1075408788 0
2458076.5 15.7856557274 0 14.2899671019 0
2458077.5 15.78588387 0 14.2852705264 0
2458078.5 15.7274803419 0 14.2217737306 0
2458079.5 15.6685701379 0 14.1571583366 0
2458080.5 15.7494207345 0 14.2502113249 0
2458081.5 15.8700706271 0 14.391347576 0
2458082.5 15.8456062 0 14.3670652447 0
2458083.5 15.7827984928 0 14.2917938647 0
2458084.5 15.6695708753 0 14.1641275373 0
2458085.5 15.7354963241 0 14.2412841143 0
2458086.5 16.4686525026 0 15.0651068585 0
2458087.5 16.5059415514 0 15.1033663596 0
2458088.5 16.4689675019 0 15.0582093846 0
2458089.5 16.4464866916 0 15.0367030928 0
2458090.5 16.5680683121 0 15.168382395 0
2458091.5 16.6608538693 0 15.2733760897 0
2458092.5 15.8758605326 0 14.3914709265 0
2458093.5 15.846487322 0 14.3567421405 0
2458094.5 15.7885795346 0 14.284514732 0
2458095.5 15.8500878662 0 14.3531327003 0
2458096.5 15.8248566513 0 14.3266946509 0
2458097.5 15.6503945703 0 14.1203759388 0
2458098.5 15.6543974978 0 14.1231858166 0
2458099.5 15.6995589333 0 14.1818770706 0
2458100.5 15.6801303199 0 14.1540679647 0
2458101.5 17.106015866 0 15.7490542326 0
2458102.5 17.2002485449 0 15.8481158351 0
2458103.5 17.1643483944 0 15.8052773469 0
2458104.5 17.0296003809 0 15.657410005 0
2458105.5 17.1959797589 0 15.8369950824 0
2458106.5 16.184949922 0 14.7068474542 0
2458107.5 16.2208202292 0 14.7529780976 0
2458108.5 16.1746833273 0 14.7018437764 0
2458109.5 16.0388188495 0 14.550183115 0
2458110.5 16.2381807672 0 14.7585808649 0
2458111.5 16.2522005174 0 14.778772939 0
2458112.5 16.8776765536 0 15.4830424479 0
2458113.5 16.832332461 0 15.4314033073 0
2458114.5 16.8316229785 0 15.4265289102 0
2458115.5 16.7903380821 0 15.3814640085 0
2458116.5 16.6072635271 0 15.1826080874 0
2458117.5 16.8031131404 0 15.3964462968 0
2458118.5 16.9347497134 0 15.5429322959 0
2458119.5 17.0393363923 0 15.654919742 0
2458120.5 16.9872077486 0 15.6013085951 0
2458121.5 16.9276562392 0 15.5403183776 0
2458122.5 15.8355509645 0 14.3047738676 0
2458123.5 15.7784517439 0 14.2404105194 0
2458124.5 15.8128691845 0 14.2741854373 0
2458125.5 15.8311364856 0 14.2927720756 0
2458126.5 15.8606363845 0 14.3247388935 0
2458127.5 16.2736164134 0 14.8027057647 0
2458128.5 16.1749309706 0 14.6937566476 0
2458129.5 16.1638235352 0 14.6842793234 0
2458130.5 16.2345565963 0 14.7655512989 0
2458131.5 16.8408814282 0 15.4389669835 0
2458132.5 16.7284795977 0 15.311323547 0
2458133.5 16.6498315885 0 15.219013175 0
2458134.5 16.8186857002 0 15.4027633555 0
2458135.5 16.9328354674 0 15.5327328135 0
2458136.5 16.9190575246 0 15.5160001559 0
2458137.5 15.8395801471 0 14.28434791 0
2458138.5 15.8342000606 0 14.2708792531 0
2458139.5 15.833919175 0 14.2637853847 0
2458140.5 15.8307481077 0 14.2583397661 0
2458141.5 16.1421319171 0 14.6217201999 0
2458142.5 16.1323480167 0 14.6093875547 0
2458143.5 16.1882287001 0 14.6724346069 0
2458144.5 16.2170409304 0 14.6980495697 0
2458145.5 16.2286177982 0 14.706834193 0
2458146.5 16.2203129784 0 14.6885462723 0
2458147.5 16.3089256451 0 14.7841484816 0
2458148.5 16.3395208277 0 14.8254229141 0
2458149.5 16.4523847983 0 14.9541601558 0
2458150.5 16.3782056083 0 14.8763056346 0
2458151.5 16.4982708777 0 15.0183353641 0
2458152.5 16.444757503 0 14.9526561281 0
2458153.5 16.3299082161 0 14.8251576232 0
2458154.5 16.3768352363 0 14.8812413881 0
2458155.5 16.3530142052 0 14.8584895756 0
2458156.5 16.1160466451 0 14.5859196538 0
2458157.5 16.092119316 0 14.5598999768 0
2458158.5 16.0675002562 0 14.5380032154 0
2458159.5 16.1815146694 0 14.6632498738 0
2458160.5 17.1916173522 0 15.7979908844 0
2458161.5 17.2252803106 0 15.8352324711 0
2458162.5 17.3188109301 0 15.9393045604 0
2458163.5 17.2959936204 0 15.9104605632 0
2458164.5 17.3840040412 0 16.0084808737 0
2458165.5 17.4877903195 0 16.123688317 0
2458166.5 16.0279131307 0 14.4734868027 0
2458167.5 16.0428095875 0 14.4857639286 0
2458168.5 16.1028900087 0 14.5478789286 0
2458169.5 16.0533097344 0 14.4945484862 0
2458170.5 16.0549015553 0 14.4906898715 0
2458171.5 17.4729234371 0 16.0949069753 0
2458172.5 17.5163585001 0 16.1472156241 0
2458173.5 17.4028964377 0 16.0198744323 0
2458174.5 17.5108622243 0 16.1377098114 0
2458175.5 17.5301623275 0 16.1626935123 0
2458176.5 17.3776948532 0 15.9982931878 0
2458177.5 16.8810346133 0 15.4413983874 0
2458178.5 16.818511806 0 15.376784148 0
2458179.5 16.8787187821 0 15.4423351075 0
2458180.5 16.8306812392 0 15.3838833456 0
2458181.5 16.8536234832 0 15.4084209462 0
2458182.5 16.7653577379 0 15.3038473239 0
2458183.5 16.6550721812 0 15.1844632192 0
2458184.5 16.6951799676 0 15.2335666164 0
2458185.5 16.7268212162 0 15.2648807419 0
2458186.5 16.7007704864 0 15.2334888014 0
2458187.5 16.7222939744 0 15.2586822517 0
2458188.5 16.3249960365 0 14.8059208183 0
2458189.5 16.3760895758 0 14.8569847844 0
2458190.5 16.3622042419 0 14.8387810871 0
2458191.5 16.4488250199 0 14.9384821134 0
2458192.5 16.4392013358 0 14.9333522965 0
2458193.5 16.5724162826 0 15.0824721472 0
2458194.5 16.530907986 0 15.0398155245 0
2458195.5 16.6030344509 0 15.1159810261 0
2458196.5 16.6760751607 0 15.2019385584 0
2458197.5 16.6773263981 0 15.2055763201 0
2458198.5 16.7250749528 0 15.2649993663 0
2458199.5 16.9743635957 0 15.5483050149 0
2458200.5 16.9958709567 0 15.5773335965 0
2458201.5 16.9395183969 0 15.5101816613 0
2458202.5 16.950389925 0 15.524509011 0
2458203.5 16.9171053467 0 15.4904870928 0
2458204.5 16.904535229 0 15.4740337235 0
2458205.5 16.1981494143 0 14.662859008 0
2458206.5 16.2130434171 0 14.6885364927 0
2458207.5 16.237975994 0 14.7257069611 0
2458208.5 16.2559538992 0 14.7398445776 0
2458209.5 17.5047081741 0 16.1365169389 0
2458210.5 17.2194806952 0 15.8464934779 0
2458211.5 17.2818920406 0 15.9116216822 0
2458212.5 17.463315458 0 16.1066741995 0
2458213.5 17.456382563 0 16.0968177001 0
2458214.5 17.4008679591 0 16.0344507838 0
2458215.5 16.3865356105 0 14.9034615154 0
2458216.5 16.3480300552 0 14.8596472071 0
2458217.5 16.3011804891 0 14.804765531 0
2458218.5 16.3622937149 0 14.8689298692 0
2458219.5 16.4353761091 0 14.9554870098 0
2458220.5 16.3564224362 0 14.8657100864 0
2458221.5 17.4119150966 0 16.0410339891 0
2458222.5 17.5579501812 0 16.2015287722 0
2458223.5 17.7614269208 0 16.4211238234 0
2458224.5 17.8944801103 0 16.5687583792 0
2458225.5 17.3890671391 0 16.0161634817 0
2458226.5 17.288412763 0 15.9009317167 0
2458227.5 17.3387202543 0 15.9562190481 0
2458228.5 17.2557195117 0 15.8652738778 0
2458229.5 17.1808023788 0 15.777608566 0
2458230.5 16.0755569254 0 14.5187806921 0
2458231.5 16.1053153713 0 14.5459376073 0
2458232.5 16.0815652549 0 14.5221419743 0
2458233.5 16.1553329952 0 14.6038404609 0
2458234.5 16.07903303 0 14.5125568749 0
2458235.5 16.1252940748 0 14.5774099001 0
2458236.5 16.1422914045 0 14.5999359823 0
2458237.5 16.2402670344 0 14.713132362 0
2458238.5 16.1046727831 0 14.5618606453 0
2458239.5 16.3258815506 0 14.8276689277 0
2458240.5 16.355009297 0 14.8639126642 0
2458241.5 16.3272207621 0 14.8252824035 0
2458242.5 16.3779637658 0 14.8785391407 0
2458243.5 16.4227758952 0 14.9263366189 0
2458244.5 16.2924096803 0 14.7830899131 0
2458245.5 16.3365811703 0 14.8294434795 0
2458246.5 16.4329409667 0 14.9382318156 0
2458247.5 16.0063305505 0 14.4677646083 0
2458248.5 16.0653095801 0 14.5337067472 0
2458249.5 16.0994423048 0 14.5742906925 0
2458250.5 16.2194039953 0 14.7089057209 0
2458251.5 16.2692586961 0 14.7709794321 0
2458252.5 16.561314678 0 15.1071895723 0
2458253.5 16.6082840941 0 15.1606846968 0
2458254.5 16.6029199175 0 15.1516423673 0
2458255.5 16.4990902716 0 15.0321391218 0
2458256.5 16.5023302945 0 15.0306074961 0
2458257.5 16.4263492892 0 14.9389089836 0
2458258.5 17.4553588362 0 16.0859210957 0
2458259.5 17.3159414544 0 15.9297488432 0
2458260.5 17.2506663563 0 15.8570033772 0
2458261.5 17.1797202351 0 15.7737070951 0
2458262.5 17.3575578829 0 15.9707788047 0
2458263.5 17.4498491957 0 16.0763802861 0
2458264.5 17.4677203763 0 16.0920388662 0
2458265.5 17.3568962762 0 15.973353584 0
2458266.5 16.1091689555 0 14.553535954 0
2458267.5 16.1168305366 0 14.5545230822 0
2458268.5 16.1078792925 0 14.5345486988 0
2458269.5 16.1177599777 0 14.5544200794 0
2458270.5 17.4818417515 0 16.1087935625 0
2458271.5 17.3420504787 0 15.956486528 0
2458272.5 17.5099403307 0 16.1392065453 0
2458273.5 17.4734615396 0 16.1029202923 0
2458274.5 17.4338772652 0 16.0571865817 0
2458275.5 17.5603513541 0 16.1967549079 0
2458276.5 16.9028851899 0 15.4729260879 0
2458277.5 16.9887497616 0 15.5663014855 0
2458278.5 16.8291630422 0 15.3902905151 0
2458279.5 16.71861097 0 15.2693068841 0
2458280.5 16.0994709979 0 14.5603829319 0
2458281.5 16.1436092375 0 14.6146966179 0
2458282.5 16.0839342604 0 14.541840342 0
2458283.5 16.0007250637 0 14.4460784345 0
2458284.5 16.5433124659 0 15.0664319281 0
2458285.5 16.5351700958 0 15.063830729 0
2458286.5 16.5528093253 0 15.0842738818 0
2458287.5 16.5271069472 0 15.0538118901 0
2458288.5 16.6433448275 0 15.181296277 0
2458289.5 17.6028514306 0 16.2438407016 0
2458290.5 17.4770571387 0 16.1105694569 0
2458291.5 17.6504604515 0 16.2976486631 0
2458292.5 17.8050249155 0 16.4668285644 0
2458293.5 17.9774401089 0 16.6549365702 0
2458294.5 17.8028640064 0 16.4668621036 0
2458295.5 16.0477382867 0 14.4947857166 0
2458296.5 15.9864189846 0 14.4264257776 0
2458297.5 15.9597140513 0 14.3934563799 0
2458298.5 15.9019289356 0 14.3328521033 0
2458299.5 15.8271614847 0 14.2410099273 0
2458300.5 15.9195347438 0 14.3486159586 0
2458301.5 16.170919574 0 14.6431052577 0
2458302.5 16.2264321474 0 14.7016697122 0
2458303.5 16.1740710289 0 14.6327885006 0
2458304.5 16.139756682 0 14.5823597784 0
2458305.5 16.0775762213 0 14.5079469901 0
2458306.5 16.0393181275 0 14.4565862897 0
2458307.5 16.6280626701 0 15.1561272903 0
2458308.5 16.5462845144 0 15.0578844452 0
2458309.5 16.6114090359 0 15.1367982628 0
2458310.5 16.7274931125 0 15.2692149175 0
2458311.5 16.7006696043 0 15.2434429626 0
2458312.5 16.6750279768 0 15.2157606765 0
2458313.5 17.0649312049 0 15.6534084621 0
2458314.5 17.0297214733 0 15.6154133059 0
2458315.5 16.8914250558 0 15.4623621206 0
2458316.5 16.7437462615 0 15.3027195056 0
2458317.5 16.6761676825 0 15.2243537123 0
2458318.5 16.9500509699 0 15.5216979623 0
2458319.5 17.1488799575 0 15.7377371111 0
2458320.5 17.0836235338 0 15.6686539497 0
2458321.5 17.187058338 0 15.7812114849 0
2458322.5 17.0045206054 0 15.583038154 0
2458323.5 16.9088804403 0 15.4782220742 0
2458324.5 16.1014394836 0 14.5606972939 0
2458325.5 16.1377392243 0 14.5997159318 0
2458326.5 16.1282444534 0 14.5911991132 0
2458327.5 16.0448793952 0 14.499988486 0
2458328.5 16.0027429001 0 14.4450932662 0
2458329.5 16.0328357964 0 14.4865992698 0
2458330.5 16.4164243408 0 14.9274186321 0
2458331.5 16.3127672021 0 14.8152058077 0
2458332.5 16.3589801449 0 14.8728031647 0
2458333.5 16.3664755577 0 14.8866103923 0
2458334.5 16.4140520548 0 14.9391830489 0
2458335.5 16.4460794307 0 14.9767287108 0
2458336.5 15.9910801123 0 14.4505803884 0
2458337.5 15.9778180104 0 14.4407060638 0
2458338.5 16.0264022772 0 14.5053918508 0
2458339.5 16.0841087038 0 14.5677275268 0
2458340.5 16.8127375546 0 15.3954765896 0
2458341.5 16.867082822 0 15.455217839 0
2458342.5 17.0278017774 0 15.6318607551 0
2458343.5 16.9531946151 0 15.5536491284 0
2458344.5 17.2900893495 0 15.9281339071 0
2458345.5 17.222578433 0 15.85102066 0
2458346.5 17.0940087235 0 15.7086382377 0
2458347.5 17.145803452 0 15.770540169 0
2458348.5 17.163945979 0 15.7907410754 0
2458349.5 17.1282597389 0 15.7560553516 0
2458350.5 16.1990145613 0 14.7248909065 0
2458351.5 16.2168454336 0 14.748610144 0
2458352.5 16.1142420824 0 14.6354456248 0
2458353.5 16.2111912843 0 14.7453729376 0
2458354.5 16.1701597735 0 14.7036247936 0
2458355.5 16.0576647567 0 14.5771002234 0
2458356.5 15.9936230191 0 14.5104064793 0
2458357.5 15.8830159203 0 14.3838391054 0
2458358.5 15.9987853386 0 14.5126823191 0
2458359.5 15.7450772199 0 14.2186553775 0
2458360.5 15.7196733024 0 14.1849021794 0
2458361.5 15.726466143 0 14.1871610199 0
2458362.5 15.7068388186 0 14.1557824214 0
2458363.5 16.4507209593 0 15.0089561609 0
2458364.5 16.4850116181 0 15.0502674172 0
2458365.5 16.370674337 0 14.9203896098 0
2458366.5 16.2952373591 0 14.8373341899 0
2458367.5 16.4038680224 0 14.9552317196 0
2458368.5 16.320356885 0 14.8656055147 0
2458369.5 16.4317834852 0 14.9917160295 0
2458370.5 16.433101487 0 14.9920748909 0
2458371.5 16.3909930551 0 14.9460531285 0
2458372.5 15.7216403827 0 14.1840845536 0
2458373.5 15.6909500009 0 14.1492764823 0
2458374.5 15.7214445482 0 14.1904275298 0
2458375.5 15.7542489642 0 14.2255563451 0
2458376.5 16.0536202902 0 14.5736695378 0
2458377.5 16.0105443076 0 14.5227819009 0
2458378.5 16.061251305 0 14.5828757513 0
2458379.5 15.993529213 0 14.4993728043 0
2458380.5 15.9048926191 0 14.3935731383 0
2458381.5 16.0446372548 0 14.5481517355 0
2458382.5 16.6159320454 0 15.199433983 0
2458383.5 16.7675626438 0 15.3643235802 0
2458384.5 16.7575816586 0 15.3547539732 0
2458385.5 16.583296961 0 15.166194849 0
2458386.5 16.5126907014 0 15.085164598 0
2458387.5 16.143506516 0 14.6753581305 0
2458388.5 16.2413125248 0 14.7816904517 0
2458389.5 16.3938562374 0 14.9495921181 0
2458390.5 16.3536520092 0 14.9055336646 0
2458391.5 16.326483715 0 14.8712735963 0
2458392.5 16.4244816895 0 14.9788530246 0
2458393.5 16.5221217055 0 15.0831560041 0
2458394.5 16.5605296892 0 15.1242400239 0
2458395.5 16.6700154049 0 15.2454208919 0
2458396.5 16.7041726794 0 15.2797394945 0
2458397.5 16.8429068151 0 15.4340934049 0
2458398.5 15.9413634972 0 14.4036352958 0
2458399.5 15.8276444465 0 14.2728014039 0
2458400.5 15.859735321 0 14.3034594875 0
2458401.5 15.8114324813 0 14.2415778086 0
2458402.5 15.8594137279 0 14.2970391978 0
2458403.5 15.9100598245 0 14.3602286954 0
2458404.5 17.2324646157 0 15.8574689469 0
2458405.5 17.1687520249 0 15.7899465124 0
2458406.5 17.1783517121 0 15.7960801973 0
2458407.5 17.2784338103 0 15.9073494347 0
2458408.5 17.2252027558 0 15.8445125967 0
2458409.5 16.9256725601 0 15.5126354968 0
2458410.5 17.0446198599 0 15.6484958909 0
2458411.5 17.1162013909 0 15.7273948344 0
2458412.5 17.3197715622 0 15.9469556621 0
2458413.5 17.2164503022 0 15.8362604696 0
2458414.5 16.5452718971 0 15.0865526034 0
2458415.5 16.4411026381 0 14.9692211579 0
2458416.5 16.5968810481 0 15.1391394532 0
2458417.5 16.5384409463 0 15.0681816685 0
2458418.5 16.5710277805 0 15.1085730422 0
2458419.5 16.323849916 0 14.8225313236 0
2458420.5 16.3756026463 0 14.8748233716 0
2458421.5 16.2795711741 0 14.7615343248 0
2458422.5 16.2991492466 0 14.7893191395 0
2458423.5 16.2385129689 0 14.7201038989 0
2458424.5 16.1454430502 0 14.6178006394 0
2458425.5 16.7443870322 0 15.3026401602 0
2458426.5 16.8523401356 0 15.4265605919 0
2458427.5 16.8088770855 0 15.3818190651 0
2458428.5 16.834530749 0 15.4137185596 0
2458429.5 16.9045138979 0 15.4864696121 0
2458430.5 16.7831483332 0 15.3510105565 0
2458431.5 16.3200825419 0 14.8243408974 0
2458432.5 16.3779297731 0 14.8882195258 0
2458433.5 16.3774879648 0 14.885240008 0
2458434.5 16.4446412536 0 14.9679670243 0
2458435.5 16.5081882066 0 15.0422413344 0
2458436.5 16.3894237424 0 14.9082641152 0
2458437.5 16.4125200616 0 14.9360748775 0
2458438.5 16.4605311136 0 14.9951910825 0
2458439.5 16.4184677625 0 14.9516348688 0
2458440.5 16.4747819715 0 15.0149551809 0
2458441.5 16.4121173695 0 14.9440105311 0
2458442.5 16.2697568256 0 14.7874750042 0
2458443.5 17.0065594244 0 15.6102103874 0
2458444.5 17.1332368411 0 15.747966496 0
2458445.5 17.13739454 0 15.748154414 0
2458446.5 17.2654314479 0 15.889152708 0
2458447.5 15.9609380315 0 14.416639579 0
2458448.5 15.9980590383 0 14.4567120135 0
2458449.5 15.993431891 0 14.4548191413 0
2458450.5 15.9705616618 0 14.4236490774 0
2458451.5 15.9885930729 0 14.4397808424 0
2458452.5 15.9939937136 0 14.443030048 0
2458453.5 16.3210443291 0 14.8239632309 0
2458454.5 16.2366206433 0 14.7326301081 0
2458455.5 16.3304900629 0 14.8411309047 0
2458456.5 16.2572707061 0 14.7618917568 0
2458457.5 16.4036330532 0 14.9237486315 0
2458458.5 16.4686751795 0 14.9934284234 0
2458459.5 17.1710960819 0 15.7807364808 0
2458460.5 17.2627570549 0 15.8802932299 0
2458461.5 17.400793637 0 16.0330677275 0
2458462.5 17.3600699453 0 15.985659727 0
2458463.5 17.2476562122 0 15.8573488888 0
2458464.5 16.7590166447 0 15.3124151727 0
2458465.5 16.6102563423 0 15.1471602282 0
2458466.5 16.5379050415 0 15.0626297084 0
2458467.5 16.5750434517 0 15.1016218663 0
2458468.5 16.5855824892 0 15.1157923312 0
2458469.5 16.9654156649 0 15.5479997568 0
2458470.5 17.0322251977 0 15.6238671011 0
2458471.5 17.109339065 0 15.7082800331 0
2458472.5 17.1943947524 0 15.8048456997 0
2458473.5 16.0823281643 0 14.5393072693 0
2458474.5 16.0615344119 0 14.514268602 0
2458475.5 16.1191490893 0 14.5827618909 0
2458476.5 16.1984136007 0 14.6789145851 0
2458477.5 16.2214741905 0 14.7067753487 0
2458478.5 16.4351256713 0 14.9330541784 0
2458479.5 16.607824768 0 15.1298874274 0
2458480.5 16.5195969311 0 15.0295127112 0
2458481.5 16.5758682099 0 15.1004500248 0
2458482.5 16.6397058556 0 15.175142801 0
2458483.5 16.7785319338 0 15.3271764657 0
2458484.5 16.6650117791 0 15.2021925385 0
2458485.5 16.0462516913 0 14.4901215265 0
2458486.5 16.0715184961 0 14.5196662509 0
2458487.5 16.1339758989 0 14.5952203064 0
2458488.5 16.166587454 0 14.6421888661 0
2458489.5 16.1459979167 0 14.6095337946 0
2458490.5 16.1861095113 0 14.6582635697 0
2458491.5 17.0146900119 0 15.6041237426 0
2458492.5 17.0846487809 0 15.6840690582 0
2458493.5 17.1165826771 0 15.7169712996 0
2458494.5 17.0533977845 0 15.6467837086 0
2458495.5 15.983034959 0 14.4275985602 0
2458496.5 15.9530423645 0 14.3807669609 0
2458497.5 15.9437777 0 14.3618374362 0
2458498.5 15.988647319 0 14.4144207266 0
2458499.5 16.0465380301 0 14.4863144376 0
2458500.5 16.1232983998 0 14.5714891446 0
2458501.5 17.5002918851 0 16.1314426391 0
2458502.5 17.4089008784 0 16.033013184 0
2458503.5 17.5851219706 0 16.2243699232 0
2458504.5 17.4964251337 0 16.1234031992 0
2458505.5 17.6219839165 0 16.2651756681 0
2458506.5 17.5617380887 0 16.2030523955 0
2458507.5 16.703802359 0 15.2448822988 0
2458508.5 16.5907205006 0 15.1185571733 0
2458509.5 16.5369136212 0 15.0607902453 0
2458510.5 16.5833730367 0 15.1129936679 0
2458511.5 16.7187706342 0 15.2624501339 0
2458512.5 16.800202138 0 15.3543822253 0
2458513.5 16.8302470008 0 15.386260201 0
2458514.5 16.8315672489 0 15.3824135548 0
2458515.5 16.8007533795 0 15.3529234046 0
2458516.5 16.7603722184 0 15.3018408607 0
2458517.5 16.8392029853 0 15.385183741 0
2458518.5 16.9818346213 0 15.5511978002 0
2458519.5 17.1154453151 0 15.6983310366 0
2458520.5 16.9783068703 0 15.5446812797 0
2458521.5 16.9057599597 0 15.4608205778 0
2458522.5 17.4530740512 0 16.064437845 0
2458523.5 17.3569429086 0 15.9559306837 0
2458524.5 17.2764940483 0 15.8698497355 0
2458525.5 17.1506367108 0 15.7340443807 0
2458526.5 16.7576309771 0 15.2968582765 0
2458527.5 16.7938758129 0 15.3384359203 0
2458528.5 16.9288046892 0 15.4864680826 0
2458529.5 16.9797811454 0 15.549277844 0
2458530.5 16.5521841926 0 15.0710968803 0
2458531.5 16.5975055078 0 15.1290630807 0
2458532.5 16.5736437241 0 15.1032326193 0
2458533.5 16.4935363066 0 15.0089646999 0
2458534.5 16.6207087213 0 15.1476451131 0
2458535.5 17.5926189408 0 16.231001499 0
2458536.5 17.7142903646 0 16.363795295 0
2458537.5 17.5959339457 0 16.2316059226 0
2458538.5 17.6652092284 0 16.3032400591 0
2458539.5 17.3140168183 0 15.9112810825 0
2458540.5 17.3767484792 0 15.9791171572 0
2458541.5 17.265609042 0 15.8595936837 0
2458542.5 17.2011237771 0 15.7903630571 0
2458543.5 16.7464363554 0 15.2809980979 0
2458544.5 16.8010579079 0 15.3445200365 0
2458545.5 16.9100381967 0 15.4661571084 0
2458546.5 17.0151734115 0 15.5803684303 0
2458547.5 17.0069302797 0 15.5853912408 0
2458548.5 16.3668012588 0 14.8614327976 0
2458549.5 16.4311654489 0 14.9420191149 0
2458550.5 16.3972561246 0 14.9037088915 0
2458551.5 16.4166612943 0 14.9279996694 0
2458552.5 16.4601077185 0 14.9801357939 0
2458553.5 16.4595541369 0 14.9779451352 0
2458554.5 17.1607153327 0 15.7627923538 0
2458555.5 17.057055845 0 15.6449452094 0
2458556.5 17.1692514951 0 15.765387497 0
2458557.5 17.0605480692 0 15.6395745261 0
2458558.5 16.9331491209 0 15.5033632023 0
2458559.5 16.3075751272 0 14.7877089215 0
2458560.5 16.3088698233 0 14.7906586362 0
2458561.5 16.3256566072 0 14.8048553326 0
2458562.5 16.2379987447 0 14.7032711651 0
2458563.5 16.1416209691 0 14.5854274309 0
2458564.5 16.1253473349 0 14.5596488092 0
2458565.5 16.2203677688 0 14.6685543814 0
2458566.5 16.2165917065 0 14.6685487807 0
2458567.5 16.234710282 0 14.6850564708 0
2458568.5 16.2557081247 0 14.7152142825 0
2458569.5 16.7422956425 0 15.2760170741 0
2458570.5 16.7581440217 0 15.2881363083 0
2458571.5 16.6467837428 0 15.1646835843 0
2458572.5 16.6179254754 0 15.138684258 0
2458573.5 16.671076485 0 15.1980090537 0
2458574.5 16.738188424 0 15.2789539235 0
2458575.5 16.5648695395 0 15.0770478639 0
2458576.5 16.5181534439 0 15.0241386531 0
2458577.5 16.4257125401 0 14.9199659232 0
2458578.5 16.2902091205 0 14.7706207543 0
2458579.5 16.3173999068 0 14.8091180993 0
2458580.5 17.3874195549 0 16.0075179052 0
2458581.5 17.4276410554 0 16.0476872758 0
2458582.5 17.4807020154 0 16.1090860262 0
2458583.5 17.5489466976 0 16.1871815501 0
2458584.5 17.5382802372 0 16.1700044325 0
2458585.5 17.6100473086 0 16.2468847701 0
2458586.5 17.5644141106 0 16.1990083371 0
2458587.5 17.626945086 0 16.2724773207 0
2458588.5 17.6726359502 0 16.3247962885 0
2458589.5 17.6873970847 0 16.3368612024 0
2458590.5 16.332315995 0 14.8260526617 0
2458591.5 16.3461730249 0 14.8358462817 0
2458592.5 16.3806448131 0 14.871698957 0
2458593.5 16.405649746 0 14.8989777957 0
2458594.5 16.1148142689 0 14.5583605891 0
2458595.5 16.2097260092 0 14.6667276828 0
2458596.5 16.107010636 0 14.5525080198 0
2458597.5 16.0985776817 0 14.5351054099 0
2458598.5 16.537597139 0 15.0527115896 0
2458599.5 16.5131324857 0 15.0201378542 0
2458600.5 16.470040445 0 14.9699813044 0
2458601.5 16.5739893224 0 15.0838017043 0
2458602.5 16.5898618491 0 15.1034587932 0
2458603.5 16.658510488 0 15.1792258735 0
2458604.5 16.6310924802 0 15.1463491304 0
2458605.5 16.6353835267 0 15.1481677975 0
2458606.5 16.6220273298 0 15.1357250258 0
2458607.5 16.8837793992 0 15.4289669193 0
2458608.5 16.8076690512 0 15.343888404 0
2458609.5 16.900467326 0 15.4455261452 0
2458610.5 17.0328703907 0 15.5920211544 0
2458611.5 17.0750905766 0 15.6328978307 0
2458612.5 16.7448131593 0 15.2544576345 0
2458613.5 16.7460074223 0 15.2583254511 0
2458614.5 16.6629366094 0 15.1614303594 0
2458615.5 16.7033185249 0 15.2093736354 0
2458616.5 16.3645890259 0 14.8119056604 0
2458617.5 16.4149337608 0 14.8771856868 0
2458618.5 16.3957170046 0 14.8519171937 0
2458619.5 16.4176308607 0 14.8845134874 0
2458620.5 16.4906081648 0 14.9638047118 0
2458621.5 16.4737735281 0 14.9348165095 0
2458622.5 17.7990901952 0 16.4262265133 0
2458623.5 17.860707358 0 16.4953966682 0
2458624.5 17.6737301378 0 16.2928685433 0
2458625.5 17.648162944 0 16.2692059252 0
2458626.5 16.307815185 0 14.7523098131 0
2458627.5 16.2350583557 0 14.6752848659 0
2458628.5 16.289410248 0 14.7456434818 0
2458629.5 16.3068610607 0 14.7722436609 0
2458630.5 16.2555469518 0 14.7041835631 0
2458631.5 17.1209212181 0 15.6957940796 0
2458632.5 17.0299693326 0 15.5880334235 0
2458633.5 16.9085819054 0 15.457102388 0
2458634.5 16.9373551534 0 15.4861489705 0
2458635.5 16.9575799703 0 15.5096940244 0
2458636.5 16.4007846384 0 14.8640285681 0
2458637.5 16.3229341102 0 14.7702973425 0
2458638.5 16.2411129493 0 14.6755658747 0
2458639.5 16.162908649 0 14.5841719391 0
2458640.5 16.1570975332 0 14.5752381425 0
2458641.5 17.761745086 0 16.3997582611 0
2458642.5 17.9679414626 0 16.621101043 0
2458643.5 17.8578311186 0 16.5023805431 0
2458644.5 17.9875476077 0 16.6464240761 0
2458645.5 17.9972654245 0 16.6607581322 0
2458646.5 16.6579329308 0 15.1765681631 0
2458647.5 16.7113867296 0 15.2344982713 0
2458648.5 16.7234345036 0 15.2482637462 0
2458649.5 16.7845523688 0 15.3199874242 0
2458650.5 17.1672749702 0 15.7531490611 0
2458651.5 17.1821658942 0 15.7743141635 0
2458652.5 17.2523988363 0 15.8535190256 0
2458653.5 17.3110267652 0 15.9185040259 0
2458654.5 17.4532633131 0 16.0613234456 0
2458655.5 17.3148789118 0 15.9102724788 0
2458656.5 17.8148312404 0 16.4565470721 0
2458657.5 17.6969134344 0 16.3279712213 0
2458658.5 17.6903009925 0 16.3229348446 0
2458659.5 17.5777451068 0 16.2006501373 0
2458660.5 17.4356675386 0 16.0412475649 0
2458661.5 17.5588845433 0 16.1718271808 0
2458662.5 16.6031276073 0 15.0899527848 0
2458663.5 16.6335601668 0 15.1292710961 0
2458664.5 16.6501377872 0 15.1464239259 0
2458665.5 16.6585695111 0 15.1622939075 0
2458666.5 16.7919652284 0 15.3120709548 0
2458667.5 16.7291530552 0 15.2380622808 0
2458668.5 16.6198294116 0 15.1133020248 0
2458669.5 16.5806972582 0 15.0601009338 0
2458670.5 16.4796885237 0 14.9477518526 0
2458671.5 16.370985564 0 14.8240500179 0
2458672.5 16.9915528035 0 15.5437152458 0
2458673.5 17.0386454632 0 15.6015910477 0
2458674.5 17.0277378225 0 15.5843561395 0
2458675.5 17.1442578997 0 15.7134370063 0
2458676.5 16.894361586 0 15.4330864257 0
2458677.5 16.9434871183 0 15.4902622963 0
2458678.5 16.9334164742 0 15.4725438163 0
2458679.5 16.8461440173 0 15.3800209062 0
2458680.5 16.8290132119 0 15.3605426923 0
2458681.5 16.9008417925 0 15.4358804562 0
2458682.5 16.9005585864 0 15.4292712697 0
2458683.5 16.9766066172 0 15.5215529668 0
2458684.5 16.8601443761 0 15.3958214072 0
2458685.5 16.9334647981 0 15.4753890741 0
2458686.5 16.3590955468 0 14.8052781344 0
2458687.5 16.3803660348 0 14.8263884915 0
2458688.5 16.3869024388 0 14.8420645599 0
2458689.5 16.3280579171 0 14.7704528845 0
2458690.5 16.2797154869 0 14.7179824447 0
2458691.5 17.2901349889 0 15.8906482603 0
2458692.5 17.3413823027 0 15.9508616068 0
2458693.5 17.4001873588 0 16.0126453321 0
2458694.5 17.3373369939 0 15.9437896123 0
2458695.5 17.3660977609 0 15.9739176235 0
2458696.5 17.3495477219 0 15.9536218181 0
2458697.5 16.2718220424 0 14.7384596216 0
2458698.5 16.3544054705 0 14.8355523038 0
2458699.5 16.3754461659 0 14.8532783809 0
2458700.5 16.3393731896 0 14.8040337895 0
2458701.5 16.2891539356 0 14.7524187163 0
2458702.5 16.2398910947 0 14.7023289936 0
2458703.5 16.7716622493 0 15.3103720196 0
2458704.5 16.9529558033 0 15.5081263185 0
2458705.5 17.0718945699 0 15.637674733 0
2458706.5 17.1029987841 0 15.6687041997 0
2458707.5 17.6683182423 0 16.2962898767 0
2458708.5 17.8346718488 0 16.4794637059 0
2458709.5 17.7322347034 0 16.3645478184 0
2458710.5 17.6661466412 0 16.2920787765 0
2458711.5 17.494469256 0 16.1018324112 0
2458712.5 17.61618945 0 16.2346595024 0
2458713.5 17.5491958078 0 16.1574042499 0
2458714.5 17.4220496321 0 16.0149467311 0
2458715.5 17.3456037786 0 15.9295037149 0
2458716.5 17.8775912419 0 16.5137399046 0
2458717.5 17.8985121165 0 16.5373980335 0
2458718.5 17.7732678579 0 16.3964079045 0
2458719.5 17.9447732565 0 16.5812775378 0
2458720.5 17.8620205828 0 16.4918193994 0
2458721.5 17.8395021716 0 16.461982995 0
2458722.5 17.8110370759 0 16.4354176507 0
2458723.5 17.8945019703 0 16.5289001501 0
2458724.5 17.9331231533 0 16.5665392067 0
2458725.5 17.3029864531 0 15.8735238724 0
2458726.5 17.3059871053 0 15.8780308659 0
2458727.5 17.4591855452 0 16.0460277393 0
2458728.5 17.5634274402 0 16.1560802827 0
2458729.5 17.4216960083 0 16.01967585 0
2458730.5 16.2940961068 0 14.7416180546 0
2458731.5 16.339610688 0 14.8042930616 0
2458732.5 16.3272620515 0 14.781188862 0
2458733.5 16.4148098712 0 14.8812180305 0
2458734.5 17.1398619129 0 15.7115372002 0
2458735.5 17.0402246655 0 15.6020317825 0
2458736.5 16.9887301 0 15.5451206703 0
2458737.5 16.9789718606 0 15.5291706717 0
2458738.5 16.9577723581 0 15.4990322274 0
2458739.5 17.1838158984 0 15.7516666081 0
2458740.5 17.3019527918 0 15.8773171699 0
2458741.5 17.3283036875 0 15.9036440814 0
2458742.5 17.2459029239 0 15.8126174004 0
2458743.5 17.3755550526 0 15.9512808238 0
2458744.5 17.457684987 0 16.0388940375 0
2458745.5 17.371278418 0 15.9395052228 0
2458746.5 17.2880527465 0 15.8500512837 0
2458747.5 17.3132157401 0 15.8724907949 0
2458748.5 16.9292647946 0 15.4380577061 0
2458749.5 17.0601910274 0 15.5854675681 0
2458750.5 17.1036384592 0 15.638141113 0
2458751.5 17.2248858502 0 15.7753388211 0
2458752.5 17.2140172119 0 15.7588803267 0
2458753.5 16.9572190056 0 15.468460509 0
2458754.5 16.9440107426 0 15.4553831412 0
2458755.5 16.9604198328 0 15.4797218259 0
2458756.5 17.0883863506 0 15.6235705031 0
2458757.5 16.9730503422 0 15.4923990614 0
2458758.5 17.7564289379 0 16.3640004423 0
2458759.5 17.6758883773 0 16.2776320457 0
2458760.5 17.8842571367 0 16.5025533989 0
2458761.5 17.9405554922 0 16.5659428646 0
2458762.5 17.3523255603 0 15.9183709543 0
2458763.5 17.192924153 0 15.7444584726 0
2458764.5 17.1452942885 0 15.6924696989 0
2458765.5 17.1939114293 0 15.7421566831 0
2458766.5 17.2510979222 0 15.8070524584 0
2458767.5 16.6254764226 0 15.1133645745 0
2458768.5 16.5838193303 0 15.063741608 0
2458769.5 16.6935607911 0 15.1861319308 0
2458770.5 16.6421843503 0 15.1187316937 0
2458771.5 16.6373002032 0 15.1185088551 0
2458772.5 16.6578119577 0 15.1468667163 0
2458773.5 17.4995082729 0 16.0930709169 0
2458774.5 17.4521479757 0 16.0463202805 0
2458775.5 17.2882135331 0 15.8700432854 0
2458776.5 17.3700264466 0 15.9594307999 0
2458777.5 17.2870742477 0 15.8615864519 0
2458778.5 17.1559486068 0 15.7193887305 0
2458779.5 17.24980805 0 15.8227160559 0
2458780.5 17.2348560959 0 15.8046916792 0
2458781.5 17.3663434877 0 15.9531719179 0
2458782.5 17.3649217302 0 15.9563007784 0
2458783.5 16.6946120503 0 15.202328577 0
2458784.5 16.6287651875 0 15.1264778952 0
2458785.5 16.5710886951 0 15.0670276806 0
2458786.5 16.4448860901 0 14.9242082225 0
2458787.5 16.9180324 0 15.4627261916 0
2458788.5 16.927294194 0 15.4693583128 0
2458789.5 16.9503441141 0 15.4910204459 0
2458790.5 16.9033576272 0 15.4334006726 0
2458791.5 16.9278869859 0 15.4554135292 0
2458792.5 16.9700946524 0 15.5033058968 0
2458793.5 16.4927313963 0 14.9468189313 0
2458794.5 16.5397713301 0 15.0085248138 0
2458795.5 16.8045483995 0 15.2708281758 0
2458796.5 16.7722997176 0 15.2248388089 0
2458797.5 16.8811236408 0 15.3496528891 0
2458798.5 16.8620443525 0 15.3257625153 0
2458799.5 16.9876675487 0 15.4643551998 0
2458800.5 17.0823117419 0 15.573981487 0
2458801.5 16.9524416177 0 15.4295145858 0
2458802.5 18.0085861941 0 16.6153204532 0
2458803.5 18.0102771998 0 16.6132579098 0
2458804.5 18.1665044242 0 16.7859480978 0
2458805.5 18.1357176148 0 16.7469647563 0
2458806.5 17.9710807486 0 16.5579195827 0
2458807.5 18.1829929576 0 16.7860662241 0
2458808.5 18.0673729705 0 16.6549131392 0
2458809.5 18.1373913297 0 16.7326712094 0
2458810.5 18.2368113057 0 16.8360376265 0
2458811.5 17.7673683305 0 16.3168860104 0
2458812.5 17.7597603916 0 16.3148656561 0
2458813.5 17.8523340263 0 16.4221030171 0
2458814.5 17.7347734624 0 16.2872846858 0
2458815.5 17.7380002297 0 16.2931410962 0
2458816.5 17.7507184338 0 16.3039470565 0
2458817.5 17.420265513 0 15.9216219553 0
2458818.5 17.4634382756 0 15.9772482026 0
2458819.5 17.3616000487 0 15.8599100564 0
2458820.5 17.4464054754 0 15.9513843494 0
2458821.5 17.6100648514 0 16.14532706 0
2458822.5 17.7610384243 0 16.3099236728 0
2458823.5 17.8152831649 0 16.3773713636 0
2458824.5 17.9075144436 0 16.4790604232 0
2458825.5 17.9843244589 0 16.5583299916 0
2458826.5 17.9083937433 0 16.4683799969 0
2458827.5 17.7512288672 0 16.2842189223 0
2458828.5 17.70997657 0 16.2412954947 0
2458829.5 17.5297913257 0 16.0446807338 0
2458830.5 17.6378084608 0 16.1591819495 0
2458831.5 18.3691783849 0 16.9712428719 0
2458832.5 18.413568543 0 17.0259191461 0
2458833.5 18.1168884843 0 16.7191037841 0
2458834.5 18.2317227887 0 16.8470611871 0
2458835.5 18.3182493059 0 16.9361007391 0
2458836.5 18.3080488504 0 16.9266645869 0
2458837.5 18.269490914 0 16.8847757536 0
2458838.5 18.2175878211 0 16.827211017 0
2458839.5 18.0820888059 0 16.676856252 0
2458840.5 17.9959935956 0 16.5819606719 0
2458841.5 18.1205822425 0 16.7204395253 0
2458842.5 18.0503310295 0 16.6355612809 0
2458843.5 17.9837640391 0 16.5576606489 0
2458844.5 18.0014483868 0 16.5795925109 0
2458845.5 17.234936895 0 15.7177581461 0
2458846.5 17.194589781 0 15.6690813498 0
2458847.5 17.2149019485 0 15.6849331965 0
2458848.5 17.327184536 0 15.8071944832 0
2458849.5 17.4639895518 0 15.9570059573 0
2458850.5 17.3564547947 0 15.8334303734 0
2458851.5 17.3061605605 0 15.7768024575 0
2458852.5 17.3542700123 0 15.8382362074 0
2458853.5 17.7802071187 0 16.318335918 0
2458854.5 17.840186358 0 16.3844456535 0
2458855.5 17.825778491 0 16.3701123591 0
2458856.5 17.9919111459 0 16.5534407207 0
2458857.5 17.9601666524 0 16.5178910779 0
2458858.5 17.991616043 0 16.5534961159 0
2458859.5 18.0467693419 0 16.6223712626 0
2458860.5 18.1776644697 0 16.7649223691 0
2458861.5 18.2624451959 0 16.8520525627 0
2458862.5 18.1593931032 0 16.740226609 0
2458863.5 18.2062067296 0 16.798294052 0
2458864.5 18.3533098145 0 16.9567521692 0
2458865.5 18.3130865874 0 16.9177789692 0
2458866.5 18.3047691424 0 16.9060690286 0
2458867.5 18.2659738814 0 16.8570207493 0
2458868.5 17.793765072 0 16.3241138173 0
2458869.5 17.8400344278 0 16.3828492938 0
2458870.5 18.0658863521 0 16.6021489135 0
2458871.5 17.9308454843 0 16.4573954094 0
2458872.5 17.8162927647 0 16.3341123549 0
2458873.5 17.8287223159 0 16.3419814326 0
2458874.5 18.0766672952 0 16.6171601162 0
2458875.5 18.0000422364 0 16.5239619211 0
2458876.5 17.9584581184 0 16.4859452194 0
2458877.5 17.8558892691 0 16.3705868565 0
2458878.5 17.4920016003 0 15.9585284618 0
2458879.5 17.5244058979 0 16.0048009261 0
2458880.5 17.4180583565 0 15.8876653608 0
2458881.5 17.4326428688 0 15.907211714 0
2458882.5 17.540863255 0 16.0326609671 0
2458883.5 18.303161775 0 16.8863127196 0
2458884.5 18.4568995353 0 17.0509015299 0
2458885.5 18.4728422356 0 17.0678266954 0
2458886.5 18.454279499 0 17.044557048 0
2458887.5 18.5356611367 0 17.1284586632 0
2458888.5 18.4604577408 0 17.0458697167 0
2458889.5 18.4694023546 0 17.0503804344 0
2458890.5 18.368753443 0 16.942556926 0
2458891.5 18.3322082796 0 16.8955661766 0
2458892.5 18.4198295592 0 16.9943038114 0
2458893.5 18.449476839 0 17.0338092169 0
2458894.5 18.0954417259 0 16.6318272194 0
2458895.5 18.0670128848 0 16.6087598591 0
2458896.5 18.1039995051 0 16.6579809238 0
2458897.5 18.046080595 0 16.5944697812 0
2458898.5 18.0073658358 0 16.5582342156 0
2458899.5 17.3746124757 0 15.8377809243 0
2458900.5 17.4354557419 0 15.9075773383 0
2458901.5 17.4378985169 0 15.9210991421 0
2458902.5 17.5493754343 0 16.0469098709 0
2458903.5 17.5414642011 0 16.0441295606 0
2458904.5 17.0686699942 0 15.5446296406 0
2458905.5 17.0181472983 0 15.486334683 0
2458906.5 17.1127743067 0 15.5958545962 0
2458907.5 17.0712938042 0 15.5463203048 0
2458908.5 17.1427161069 0 15.6318112102 0
2458909.5 18.2310975521 0 16.8580914163 0
2458910.5 18.0474711098 0 16.6571953046 0
2458911.5 18.0844167708 0 16.6959920155 0
2458912.5 18.0130849209 0 16.6224278696 0
2458913.5 18.2040005301 0 16.8272349721 0
2458914.5 18.1243347256 0 16.7359977261 0
2458915.5 18.124423296 0 16.7371059658 0
2458916.5 18.1984655187 0 16.8143403279 0
2458917.5 17.7915385234 0 16.3563463206 0
2458918.5 17.62888029 0 16.1774734601 0
2458919.5 17.7828980417 0 16.3453450313 0
2458920.5 17.9072110749 0 16.4817131312 0
2458921.5 17.9451607604 0 16.52210009 0
2458922.5 17.441610569 0 15.9581318909 0
2458923.5 17.5881888304 0 16.1187562349 0
2458924.5 17.5588280348 0 16.0792782709 0
2458925.5 17.5099500827 0 16.0282414173 0
2458926.5 17.5939158843 0 16.1258375116 0
2458927.5 17.7308823967 0 16.2741056642 0
2458928.5 17.4546182267 0 15.9652390683 0
2458929.5 17.5484137961 0 16.065825829 0
2458930.5 17.4506218314 0 15.9510451247 0
2458931.5 17.3923403293 0 15.8848225839 0
2458932.5 17.4420057343 0 15.9362041704 0
2458933.5 17.5498340086 0 16.0659866637 0
2458934.5 17.5594057522 0 16.0675408875 0
2458935.5 17.5665101885 0 16.0669246162 0
2458936.5 17.709430385 0 16.226658277 0
2458937.5 17.7604456584 0 16.2894326782 0
2458938.5 18.2894225179 0 16.8881385728 0
2458939.5 18.3525607503 0 16.9562315771 0
2458940.5 18.3963588482 0 17.0106679548 0
2458941.5 18.5719971979 0 17.1910413221 0
2458942.5 18.5596881877 0 17.1716519954 0
2458943.5 18.6750511284 0 17.3036096596 0
2458944.5 17.6374491962 0 16.1398488121 0
2458945.5 17.7544057558 0 16.2736693991 0
2458946.5 17.7115785139 0 16.2159277019 0
2458947.5 17.6832338674 0 16.176782556 0
2458948.5 17.7100531131 0 16.2097035125 0
2458949.5 17.7568577408 0 16.2725277971 0
2458950.5 17.6982012559 0 16.2049891699 0
2458951.5 17.7270087054 0 16.2471504711 0
2458952.5 17.7318983171 0 16.2601017852 0
2458953.5 17.7305010506 0 16.267217879 0
2458954.5 17.6496361683 0 16.1712314982 0
2458955.5 17.7685242344 0 16.3085487222 0
2458956.5 17.6918916377 0 16.2281506362 0
2458957.5 17.5917080317 0 16.1166161398 0
2458958.5 17.6872551634 0 16.229270748 0
2458959.5 17.8274293552 0 16.3810937192 0
2458960.5 18.2741856785 0 16.8793726756 0
2458961.5 18.2634659462 0 16.8678546849 0
2458962.5 18.3033155786 0 16.9143377898 0
2458963.5 18.3353894797 0 16.9454873565 0
2458964.5 18.524094061 0 17.1510428827 0
2458965.5 18.5187608969 0 17.1516256427 0
2458966.5 17.3355653678 0 15.8335922689 0
2458967.5 17.361170982 0 15.8567177257 0
2458968.5 17.3417566934 0 15.8358960459 0
2458969.5 17.353838138 0 15.8485045465 0
2458970.5 17.1408239163 0 15.5980269578 0
2458971.5 17.3360049695 0 15.8003729756 0
2458972.5 17.3531029232 0 15.8241132714 0
2458973.5 17.3431155301 0 15.8058628745 0
2458974.5 18.6980934425 0 17.3364419474 0
2458975.5 18.6829675138 0 17.3248480451 0
2458976.5 18.6022296761 0 17.2331488141 0
2458977.5 18.622388018 0 17.2497813197 0
2458978.5 18.7685250268 0 17.4059368208 0
2458979.5 18.7538248961 0 17.3930583334 0
2458980.5 18.8476295452 0 17.5002383453 0
2458981.5 18.9518971637 0 17.6126894937 0
2458982.5 17.3302510538 0 15.8034630321 0
2458983.5 17.26999511 0 15.7297956348 0
2458984.5 17.2157038421 0 15.6724765668 0
2458985.5 17.1961151616 0 15.6568131966 0
2458986.5 17.2106659312 0 15.6667511875 0
2458987.5 17.2012647703 0 15.6600814635 0
2458988.5 17.6183526532 0 16.140408896 0
2458989.5 17.5950520118 0 16.110115703 0
2458990.5 17.552615969 0 16.0673156932 0
2458991.5 17.6001323179 0 16.1277077868 0
2458992.5 17.5139387425 0 16.0352252317 0
2458993.5 18.5082761199 0 17.149253246 0
2458994.5 18.416871107 0 17.0488050323 0
2458995.5 18.3089928624 0 16.9339539569 0
2458996.5 18.1834635313 0 16.7923776301 0
2458997.5 18.1359190577 0 16.7364748507 0
2458998.5 17.3118627487 0 15.8065333812 0
2458999.5 17.2967658803 0 15.7859389538 0
2459000.5 17.3681882135 0 15.8614102462 0
2459001.5 17.3152149659 0 15.7919114953 0
2459002.5 17.3034701317 0 15.7740514501 0
2459003.5 17.2109837046 0 15.6674349947 0
2459004.5 17.2547575834 0 15.707354836 0
2459005.5 17.1257908709 0 15.5648619992 0
2459006.5 17.1324277945 0 15.5758355007 0
2459007.5 18.5577930343 0 17.1859528705 0
2459008.5 18.7562677567 0 17.3891190953 0
2459009.5 18.853864316 0 17.5023101883 0
2459010.5 18.8611106028 0 17.5080119296 0
2459011.5 19.0543323806 0 17.716302503 0
2459012.5 17.9482160691 0 16.489198404 0
2459013.5 18.0091462151 0 16.5543092055 0
2459014.5 17.8738186402 0 16.4030264823 0
2459015.5 17.8221935285 0 16.3530070325 0
2459016.5 18.6193722062 0 17.2421624789 0
2459017.5 18.6504401945 0 17.2786294826 0
2459018.5 18.6019633188 0 17.2257794915 0
2459019.5 18.5239075301 0 17.1394170602 0
2459020.5 18.4932280582 0 17.1108880173 0
2459021.5 18.3769494183 0 16.9806872651 0
2459022.5 18.5398827069 0 17.1621182618 0
2459023.5 18.4825091021 0 17.0985293294 0
2459024.5 18.4432826782 0 17.0571266049 0
2459025.5 18.4618142019 0 17.0715923161 0
2459026.5 18.2826176536 0 16.8759390784 0
2459027.5 18.3728626187 0 16.9704919243 0
2459028.5 18.5303655035 0 17.1442735477 0
2459029.5 18.4077386528 0 17.0132431836 0
2459030.5 18.3907695917 0 16.9901717625 0
2459031.5 17.5301213593 0 16.0198819319 0
2459032.5 17.4938806959 0 15.981259503 0
2459033.5 17.4060035303 0 15.8839181411 0
2459034.5 17.5279387727 0 16.0173849229 0
2459035.5 17.6055262757 0 16.0994811603 0
2459036.5 17.5791148949 0 16.0649542585 0
2459037.5 18.7092708722 0 17.3368762985 0
2459038.5 18.7036375065 0 17.3354468645 0
2459039.5 18.6243352282 0 17.2458024042 0
2459040.5 18.4834536255 0 17.0942410692 0
2459041.5 18.3942307729 0 16.9967516781 0
2459042.5 18.1260970713 0 16.7327386897 0
2459043.5 16.9267081289 0 15.370483449 0
2459044.5 16.9700766586 0 15.4149102508 0
2459045.5 16.9808837917 0 15.432130975 0
2459046.5 17.089537363 0 15.5511276322 0
2459047.5 16.9875632471 0 15.4368205432 0
2459048.5 16.9292667201 0 15.3780153142 0
2459049.5 17.2666655834 0 15.7790908433 0
2459050.5 17.241992103 0 15.7559947925 0
2459051.5 17.3206179903 0 15.8464428109 0
2459052.5 17.4779696052 0 16.0185919259 0
2459053.5 18.0903545469 0 16.7028015612 0
2459054.5 18.209625058 0 16.8305892201 0
2459055.5 18.2542615782 0 16.8767845348 0
2459056.5 18.3805971244 0 17.01743143 0
2459057.5 18.4576835282 0 17.1069067531 0
2459058.5 18.673491713 0 17.3390544089 0
2459059.5 17.0221098131 0 15.4989151532 0
2459060.5 17.1218543149 0 15.6119028184 0
2459061.5 17.1251964402 0 15.6184840773 0
2459062.5 17.0798248749 0 15.5731215596 0
2459063.5 16.9817403092 0 15.4622444471 0
2459064.5 17.0239158116 0 15.5181187642 0
2459065.5 17.514375327 0 16.0682553759 0
2459066.5 17.545049944 0 16.095512538 0
2459067.5 17.4251381225 0 15.9625090082 0
2459068.5 17.3182074078 0 15.846667279 0
2459069.5 17.095355675 0 15.6002272641 0
2459070.5 17.1454924422 0 15.6515421008 0
2459071.5 17.0994418698 0 15.5930463448 0
2459072.5 16.995394709 0 15.4771920478 0
2459073.5 17.0335018368 0 15.5143908908 0
2459074.5 17.0148823736 0 15.4872268177 0
2459075.5 17.8412207315 0 16.4190489229 0
2459076.5 17.7161164763 0 16.2793894871 0
2459077.5 17.6573632118 0 16.2089782432 0
2459078.5 17.7778760579 0 16.3270497226 0
2459079.5 17.7240875554 0 16.2737971368 0
2459080.5 17.6728626692 0 16.2238553138 0
2459081.5 17.0284035593 0 15.4926521599 0
2459082.5 16.9303442727 0 15.3781008253 0
2459083.5 16.8717033823 0 15.310961024 0
2459084.5 16.9129041746 0 15.3531954407 0
2459085.5 16.8614418109 0 15.3022217203 0
2459086.5 16.9146499437 0 15.3607600321 0
2459087.5 17.7765361818 0 16.3514471545 0
