0.0 18.114849 0.166326382936 16.667553 0.0949964208726
1.0 18.895386 0.0366503182715 17.46122 0.116518667687
2.0 18.745297 0.071478606417 17.309235 0.0312327472586
3.0 17.761143 0.115440310103 16.31298 0.11336057697
4.0 18.644967 0.0363487650081 17.210782 0.07088806963
5.0 19.444691 0.0688095377882 18.025341 0.0481564700257
6.0 20.305465 0.00566495585419 18.896671 0.0431040542513
7.0 19.951268 0.0170386503741 18.535853 0.163686220878
8.0 20.820129 0.176054149394 19.414776 0.0231048745825
9.0 19.885407 0.19898206781 18.469446 0.155557369289
10.0 20.94209 0.0808793496351 19.54335 0.159382169811
11.0 21.256363 0.194565662668 19.8607 0.0675801404838
12.0 20.688049 0.181098499905 19.285867 0.0423983756053
13.0 19.965464 0.160992038336 18.554669 0.192247094734
14.0 19.849456 0.13543098014 18.436747 0.0767118253693
15.0 20.633189 0.0538412363645 19.233555 0.12974441434
16.0 20.788928 0.0544150754839 19.39063 0.0989782506032
17.0 20.483322 0.0424934795838 19.078402 0.0359992077596
18.0 21.123215 0.188910351322 19.728376 0.0491925863872
19.0 21.877536 0.00151501222078 20.490064 0.167955379653
20.0 21.111238 0.139980473787 19.710762 0.187003894211
21.0 20.272212 0.161276128988 18.861586 0.108682687579
22.0 19.141885 0.150736411853 17.717323 0.0348958965302
23.0 16.09071 0.122238929766 14.621934 0.109752920716
24.0 16.217323 0.14445509853 14.748204 0.0245146633958
25.0 16.854466 0.165922500632 15.38716 0.0742029006564
26.0 17.908855 0.114539054435 16.458626 0.166160220037
27.0 19.122776 0.16749009674 17.68824 0.132866195279
28.0 20.050987 0.149354948775 18.630209 0.0322216943704
29.0 20.245225 0.0722403723234 18.825391 0.020644628007
30.0 14.857585 0.0683227275741 13.346186 0.0406642427483
31.0 14.225827 0.147228690006 12.700281 0.00372320081503
32.0 13.870117 0.00491328196766 12.340479 0.108367077974
33.0 14.342265 0.179800624342 12.818593 0.0363717630303
34.0 14.330526 0.0035809210897 12.8036 0.195523818972
35.0 14.177716 0.170395743042 12.642468 0.128788373631
36.0 14.951056 0.00888290907708 13.427776 0.13855549279
37.0 15.029373 0.0598141254402 13.508873 0.121895424695
38.0 19.644538 0.0723271594351 18.205758 0.0279375063814
39.0 20.951761 0.0760548055056 19.52864 0.075872363107
40.0 20.841552 0.138269277012 19.418355 0.191810600859
41.0 20.341982 0.089058623222 18.91014 0.117097099935
42.0 20.900769 0.0670143618049 19.4761 0.113334912746
43.0 21.20681 0.15639948945 19.783112 0.165287075698
44.0 20.718787 0.0851388933851 19.290007 0.155603997307
45.0 19.915781 0.168479263889 18.471913 0.0464880021377
46.0 19.627848 0.158918032416 18.176206 0.150925343387
47.0 19.042248 0.120427487588 17.583266 0.169317142601
48.0 18.532668 0.0341751957209 17.065902 0.191072166141
49.0 17.839404 0.0542115076872 16.363887 0.132688988699
50.0 17.967559 0.19640529302 16.490752 0.170135932112
51.0 16.947889 0.122769190101 15.454532 0.1304455692
52.0 17.380058 0.0907413604742 15.895272 0.00699243317159
53.0 18.301147 0.107375716709 16.830921 0.0175093647833
54.0 18.889045 0.139079530895 17.425348 0.187941397875
55.0 14.757622 0.187753323163 13.207916 0.0980842098196
56.0 14.348508 0.0717396894663 12.793713 0.0314689044917
57.0 14.122086 0.114771067084 12.563273 0.136607110779
58.0 14.369701 0.110674770912 12.795075 0.0896147495498
59.0 14.565002 0.0837031440849 12.990983 0.142990930167
60.0 14.67473 0.113509509721 13.108615 0.0522225495909
61.0 15.120833 0.0645027744816 13.568111 0.150143915605
62.0 14.770995 0.0450863094067 13.208445 0.152239760078
63.0 15.542914 0.193146061188 13.99449 0.0162999220174
64.0 15.037999 0.0672158864672 13.473322 0.0644075013583
65.0 15.201495 0.157110889967 13.63625 0.174730504112
66.0 15.071167 0.13255589017 13.500443 0.129835717088
67.0 14.9707 0.103178708977 13.394521 0.133463360003
68.0 18.26462 0.027406935508 16.770268 0.0830526251283
69.0 17.939467 0.181514352744 16.434474 0.156247690809
70.0 18.142447 0.135518047495 16.640443 0.146505041702
71.0 19.077658 0.0963741031601 17.588709 0.178978265315
72.0 18.719873 0.0599955414447 17.224909 0.095999769105
73.0 18.888992 0.161306871695 17.399989 0.140914310396
74.0 18.875001 0.0613405954357 17.381657 0.145380860533
75.0 18.143522 0.159917388611 16.641253 0.137526737086
76.0 18.9379 0.0714259055019 17.448484 0.143118198317
77.0 18.551133 0.123107784605 17.058139 0.167473691723
78.0 17.609456 0.0730716834472 16.103837 0.0400752980931
79.0 17.928152 0.058155797688 16.424464 0.115259853822
80.0 18.550001 0.0195104823453 17.058885 0.0521966374345
81.0 15.741529 0.0540391525565 14.185529 0.142996767715
82.0 15.858557 0.0915934912931 14.300918 0.143430277472
83.0 15.763429 0.145050779361 14.203481 0.0751562415346
84.0 16.141092 0.127271770459 14.59429 0.0103362706082
85.0 15.647629 0.119539590193 14.089473 0.14085898103
86.0 16.04999 0.0148451070372 14.50675 0.0350131101685
87.0 15.621495 0.123701975622 14.062992 0.0750552535247
88.0 15.363943 0.0354233120546 13.802275 0.189391471938
89.0 14.750866 0.178711369668 13.178213 0.00295636959451
90.0 15.010933 0.145459888342 13.446564 0.156275686013
91.0 14.862292 0.0949028850847 13.29781 0.17262080371
92.0 14.35833 0.0167743653701 12.800247 0.0053647292331
93.0 13.95148 0.102009608138 12.384267 0.0757282060214
94.0 14.058599 0.065739590132 12.489373 0.0411360198006
95.0 13.357719 0.032191348832 11.773319 0.00628533437212
96.0 13.233973 0.104506825252 11.650915 0.0357489596563
97.0 13.74786 0.0536824079648 12.175626 0.168765587468
98.0 14.146204 0.0210662470973 12.585936 0.187967072958
99.0 20.896457 0.149446366555 19.464526 0.0106273264214
100.0 19.747057 0.0644527774504 18.298036 0.161768111918
101.0 19.820149 0.165790522752 18.371446 0.123485488924
102.0 19.773688 0.068303984139 18.320885 0.0978809038088
103.0 19.252558 0.122161810506 17.788779 0.101747118884
104.0 18.762962 0.183870059087 17.290471 0.0436007689569
105.0 22.110687 0.175983904787 20.688714 0.0626235566993
106.0 21.954057 0.140383437599 20.52945 0.106597973618
107.0 23.143912 0.0836734932112 21.736118 0.0727532516914
108.0 24.237598 0.0355479155067 22.843887 0.174772945625
109.0 24.761156 0.167711360592 23.377835 0.0871552657514
110.0 24.919827 0.0199154345423 23.535269 0.0527572325009
111.0 25.857926 0.0974340020204 24.485906 0.0935699745006
112.0 25.397545 0.165907017677 24.019583 0.124406597323
113.0 26.115241 0.0857038496683 24.748252 0.182168876676
114.0 26.620805 0.147733245407 25.261744 0.175077116464
115.0 26.664516 0.00296155422728 25.30542 0.0221862934429
116.0 26.342312 0.0470169043191 24.980889 0.0696732192207
117.0 25.041295 0.0633500188432 23.680024 0.0274274063964
118.0 19.997485 0.0264762796309 18.565559 0.187174299069
119.0 20.71482 0.0839811338445 19.29224 0.0462592762811
120.0 19.939218 0.05991948025 18.50329 0.143633771743
121.0 20.216375 0.0319437294919 18.782995 0.0696338464413
122.0 21.058083 0.0229489872871 19.640357 0.116265293411
123.0 19.763679 0.0273998762271 18.330921 0.17533216447
124.0 20.343334 0.126626377773 18.919849 0.0614577352197
125.0 19.09579 0.19864604096 17.657432 0.112588464384
126.0 19.331724 0.0432023637861 17.893001 0.0277433942575
127.0 20.17526 0.0707340820133 18.750854 0.189237381518
128.0 19.222502 0.186982846833 17.783299 0.172094981873
129.0 16.83145 0.170003905798 15.357812 0.168606557811
130.0 17.66084 0.146481089035 16.198249 0.10373362431
131.0 18.17579 0.122292891981 16.723899 0.0336500924914
132.0 19.268196 0.167744085696 17.832271 0.0835705018427
133.0 20.485703 0.084733644482 19.064498 0.0229147101214
134.0 21.257498 0.120606962201 19.846915 0.117172015479
135.0 20.934671 0.0048658791763 19.520066 0.15083125566
136.0 20.078243 0.127097666863 18.648617 0.14004754445
137.0 19.899113 0.0465431431146 18.463208 0.168796059395
138.0 20.79009 0.0800375484461 19.365428 0.0947835829562
139.0 19.718482 0.101307881802 18.277958 0.0919021784392
140.0 20.397278 0.0787995754352 18.969766 0.183970013816
141.0 20.412089 0.155170084601 18.98698 0.00923866237111
142.0 20.02975 0.198951441309 18.600893 0.0395746782608
143.0 15.577026 0.0434684362911 14.076086 0.0148263210141
144.0 15.733376 0.144155069886 14.239488 0.0183718036696
145.0 16.399368 0.165909862342 14.917244 0.052660401146
146.0 15.454346 0.0802120748195 13.956112 0.0301908904986
147.0 15.555782 0.144958695707 14.062781 0.0968871673827
148.0 15.772405 0.194224561761 14.28411 0.175494938731
149.0 16.35963 0.117801886832 14.859925 0.000203049821616
150.0 17.240536 0.169652594946 15.757908 0.0199647304568
151.0 16.319716 0.170774197691 14.821621 0.119934668934
152.0 16.027984 0.18176256394 14.520269 0.0220497002589
153.0 15.247418 0.139040510526 13.724118 0.0864708697413
154.0 15.904986 0.0430682762246 14.398721 0.00140761314387
155.0 15.263548 0.113113134949 13.743573 0.101941832224
156.0 15.548686 0.0400936625346 14.037996 0.176011537524
157.0 15.872 0.196592842776 14.364307 0.114208571557
158.0 14.942503 0.180008115062 13.41876 0.167999606729
159.0 15.236836 0.128799344775 13.717817 0.109209229763
160.0 15.86184 0.0847099772681 14.35332 0.161722774513
161.0 15.605305 0.0422725263397 14.088279 0.0990691836645
162.0 15.05081 0.112706745581 13.519849 0.0855555686674
163.0 15.101478 0.199493051733 13.574202 0.0984856443622
164.0 14.497094 0.0317533743936 12.952625 0.174885562048
165.0 14.269075 0.0846289250485 12.712199 0.159596661355
166.0 13.686251 0.164012031399 12.114336 0.16140864769
167.0 13.478048 0.0611239026684 11.89157 0.0138022237515
168.0 13.252218 0.0254619129028 11.657844 0.181959084809
169.0 12.908877 0.0541879825287 11.300327 0.100705833422
170.0 12.839444 0.11865783503 11.233511 0.190817797439
171.0 13.236399 0.180796888011 11.646283 0.185896444563
172.0 13.502976 0.121010402877 11.915718 0.0996115959841
173.0 12.984911 0.181426371989 11.385581 0.153525002427
174.0 12.892652 0.0684103684778 11.280387 0.0794866660075
175.0 12.984925 0.0416596138436 11.369913 0.146184723332
176.0 12.849086 0.150491553901 11.218226 0.175554565991
177.0 16.110521 0.193410643902 14.576138 0.0786476383708
178.0 16.069025 0.105116182394 14.527972 0.181474878532
179.0 16.52223 0.0804202392074 14.988516 0.14172986878
180.0 16.758173 0.0772082992312 15.231987 0.112562399119
181.0 17.059303 0.0184109637604 15.536095 0.137647606541
182.0 17.247853 0.190030879881 15.731093 0.0972663783042
183.0 17.98008 0.0629837355098 16.477646 0.172807622503
184.0 17.371788 0.0446137245936 15.87878 0.0966485234989
185.0 18.212033 0.039777952231 16.736287 0.0298899952342
186.0 17.588663 0.11508094521 16.10452 0.157931899357
187.0 16.571502 0.136464982645 15.071335 0.0449708307458
188.0 25.309759 0.122530182185 23.941565 0.155852091218
189.0 25.349438 0.0319645225357 23.980238 0.173035272977
190.0 24.195124 0.0743699219595 22.811324 0.0374376645541
191.0 18.997526 0.089104209945 17.539582 0.135378843807
192.0 19.559871 0.112701136228 18.114525 0.044768258673
193.0 19.162665 0.179007941426 17.710478 0.1920223612
194.0 19.135587 0.186556088536 17.682315 0.125069718684
195.0 18.995492 0.0739832044239 17.536691 0.12927335531
196.0 18.407035 0.166765657582 16.937805 0.0360819770867
197.0 19.377755 0.0879323790179 17.923606 0.106305526163
198.0 19.739147 0.0311461367389 18.286467 0.0965514027155
199.0 20.6211 0.166323069148 19.182536 0.00535494516239
200.0 19.864386 0.00961488930244 18.413893 0.013946810641
201.0 18.942783 0.0518172104927 17.477243 0.0502879723741
202.0 17.987993 0.13296760471 16.507247 0.139063017481
203.0 17.680329 0.183740067452 16.195789 0.158618254821
204.0 17.99131 0.105757127274 16.511136 0.0662574600158
205.0 18.939063 0.153704793368 17.472552 0.166900625569
206.0 19.62412 0.140694892441 18.167345 0.0177517709277
207.0 23.758453 0.115652341534 22.365012 0.0616668128793
208.0 25.098741 0.0367973717008 23.719268 0.0317700634566
209.0 26.240409 0.0683471391549 24.875146 0.15364223403
210.0 27.467509 0.105925550394 26.116396 0.0372743648989
211.0 27.150912 0.0261037660756 25.796342 0.129521668805
212.0 26.74778 0.0939702947647 25.386703 0.0492469007158
213.0 25.226296 0.00221683551508 23.849499 0.151886499207
214.0 25.230393 0.197857798803 23.866229 0.110827029574
215.0 23.780805 0.1924104825 22.400252 0.0554610404079
216.0 23.060593 0.0880099100902 21.670652 0.187054532584
217.0 22.829623 0.0102726422331 21.436044 0.104614549085
218.0 23.386509 0.026548130623 22.001802 0.150871816866
219.0 23.651125 0.0202214597957 22.267983 0.179503303642
220.0 24.900782 0.133268374896 23.532401 0.000267694356831
221.0 25.814281 0.195168715477 24.455586 0.0430257058031
222.0 24.987163 0.0708101539918 23.615491 0.0515351989706
223.0 25.572059 0.173015411201 24.207336 0.0667207825882
224.0 25.518447 0.0113901338765 24.153811 0.1652874682
225.0 15.135701 0.132495179295 13.608275 0.0255814241082
226.0 14.227283 0.0406336898788 12.683394 0.0370293449882
227.0 13.988778 0.172113458469 12.442966 0.188717950494
228.0 14.391991 0.0582496994343 12.861313 0.0819520718709
229.0 14.273171 0.189983653528 12.741195 0.0850597157805
230.0 14.399303 0.170193654537 12.865303 0.115155623767
231.0 14.778271 0.199818098904 13.256309 0.0658396398615
232.0 14.253219 0.0237454125685 12.724262 0.134532247272
233.0 14.61405 0.136679862101 13.090408 0.0123732352723
234.0 14.005023 0.0140157136087 12.46987 0.153556653462
235.0 14.613706 0.076916968381 13.092381 0.125985865387
236.0 14.058271 0.198525616632 12.527074 0.049319983676
237.0 14.637517 0.11329291797 13.118963 0.180046831758
238.0 14.650747 0.192782193236 13.131419 0.0983629436182
239.0 15.537504 0.123416474917 14.031924 0.122723839309
240.0 16.22994 0.019042196042 14.734031 0.0850398697559
241.0 15.765336 0.198407703891 14.261951 0.148959469821
242.0 15.447718 0.0348763221314 13.939979 0.0959695309505
243.0 16.029463 0.197435459693 14.528297 0.0895133213766
244.0 21.748092 0.15595037172 20.336413 0.150923053668
245.0 22.24952 0.044623909219 20.845628 0.172833133867
246.0 21.489276 0.0418884817547 20.08579 0.0325871164994
247.0 21.15254 0.0835037519004 19.746237 0.180854088849
248.0 22.170724 0.0330696041564 20.777978 0.0741609181353
249.0 22.793456 0.0252096692799 21.406047 0.093738624805
250.0 21.956426 0.199702717781 20.560917 0.120466350655
251.0 20.829569 0.110909360061 19.422133 0.026812698679
252.0 20.975077 0.195283360371 19.568978 0.000266200325312
253.0 20.615529 0.0296044617488 19.207969 0.173864563972
254.0 21.009059 0.158184869071 19.609814 0.0101951671711
255.0 21.206448 0.149009461155 19.809242 0.121367105088
256.0 20.112182 0.11030992981 18.702008 0.0431046800632
257.0 19.080933 0.142861430523 17.658321 0.0435799087907
258.0 18.706356 0.084808989354 17.276087 0.10959672244
259.0 18.367498 0.186488552158 16.932217 0.0723538524449
260.0 18.047961 0.0291479089253 16.608991 0.0163458571261
261.0 20.105022 0.109731756818 18.692251 0.146593225504
262.0 20.751125 0.187415343955 19.348183 0.0934947598896
263.0 20.969311 0.025337968204 19.565898 0.190984611097
264.0 20.495095 0.16576051898 19.085181 0.012374563742
265.0 19.756468 0.156046918664 18.335744 0.161651919916
266.0 14.277118 0.0586630645633 12.768078 0.187204322755
267.0 14.305808 0.142073784844 12.801222 0.157028346124
268.0 14.523408 0.128032555227 13.018398 0.0913589004232
269.0 14.656437 0.0510938779684 13.15061 0.0821546240256
270.0 13.808098 0.186754931814 12.288155 0.00405562737589
271.0 13.592961 0.00200556042957 12.066126 0.125597939529
272.0 13.902077 0.0216760572148 12.365044 0.193778733932
273.0 14.2886 0.00623987684349 12.765746 0.197346679307
274.0 14.173423 0.167492288599 12.650716 0.181061391527
275.0 18.456647 0.0768024513799 17.011096 0.0107238601179
276.0 18.221554 0.0314215156884 16.769626 0.0600969396761
277.0 17.356188 0.0882952985382 15.89241 0.164070339895
278.0 24.486656 0.0866750719456 23.120486 0.0850683954516
279.0 23.320436 0.177402710521 21.94026 0.0615746177304
280.0 23.508179 0.0118461192983 22.127615 0.18605170063
281.0 22.662668 0.168649548389 21.26835 0.0494212276799
282.0 22.342864 0.154837548128 20.945053 0.00746625344361
283.0 21.356416 0.174439449791 19.941992 0.133601405779
284.0 21.756805 0.0672074093844 20.350219 0.0633643010556
285.0 20.843523 0.159430647415 19.421347 0.145774934064
286.0 19.972006 0.182930304237 18.535041 0.0390464174704
287.0 18.674347 0.0390876590319 17.221362 0.145554594268
288.0 17.545224 0.0232649713765 16.074911 0.00685245649184
289.0 18.338435 0.116061766906 16.87798 0.11773976817
290.0 19.467347 0.0805361550816 18.021538 0.0274308391685
291.0 18.958204 0.121400919389 17.502298 0.0581081902845
292.0 18.749475 0.17942352125 17.288827 0.046670243622
293.0 19.281673 0.054789804158 17.827205 0.0101840707851
294.0 19.29322 0.147427256641 17.835448 0.194955277171
295.0 19.939438 0.0672917515071 18.489204 0.125613424636
296.0 18.843085 0.175349612272 17.378539 0.195785166399
297.0 21.759662 0.00226885055811 20.342353 0.0779102540749
298.0 21.13737 0.175829321976 19.70919 0.0689705637726
299.0 22.145724 0.0312799098201 20.7313 0.145428573829
300.0 21.469901 0.0259387883336 20.043323 0.0219662680982
301.0 21.937587 0.143718130003 20.51881 0.105733485195
302.0 22.124048 0.0290259830126 20.706849 0.186313303967
303.0 15.020483 0.13594079914 13.485549 0.117423552285
304.0 15.915619 0.0411349432799 14.395705 0.0680003064786
305.0 16.327965 0.0357725473785 14.820857 0.118732937454
306.0 15.928775 0.0243575065193 14.417096 0.0551724971867
307.0 16.273397 0.0888553679353 14.765327 0.0757262793174
308.0 16.498453 0.0295566824859 14.992407 0.162329641428
309.0 16.179515 0.108026554257 14.66662 0.0474009698526
310.0 17.528334 0.0985785437102 16.024467 0.0939929804555
311.0 18.224567 0.0954272047116 16.732532 0.0159089962954
312.0 18.929747 0.131249292713 17.453764 0.0435489844691
313.0 19.701523 0.197588746044 18.238103 0.0522296686413
314.0 20.42866 0.0926127901357 18.972945 0.0482862601351
315.0 21.434965 0.0145146139078 19.991253 0.185690035309
316.0 21.73635 0.187096739422 20.295083 0.136160369287
317.0 21.664646 0.0250015836471 20.224545 0.0994462116664
318.0 25.224902 0.0965177441268 23.831281 0.137844630938
319.0 26.180202 0.00837630552273 24.802031 0.0804874087574
320.0 26.345507 0.155034074208 24.971245 0.0772264965163
321.0 25.842504 0.0480641455771 24.458891 0.157351792112
322.0 25.775666 0.0239730736472 24.39292 0.123793392952
323.0 26.667859 0.169395727032 25.297878 0.13395613013
324.0 26.250394 0.13706033939 24.872719 0.0816089540359
325.0 25.654457 0.148355375675 24.268077 0.19269580889
326.0 25.106649 0.0698937142878 23.710844 0.0133585095376
327.0 23.715769 0.0757613610402 22.303532 0.0646053224596
328.0 23.072459 0.107449396471 21.648409 0.0506705434342
329.0 23.287251 0.159841923239 21.867982 0.00308154882127
330.0 23.466333 0.181791048929 22.048137 0.190028688647
331.0 24.445917 0.0450868980106 23.04075 0.171472190469
332.0 24.52214 0.0373849422382 23.119472 0.0419803394267
333.0 24.418955 0.0255358665643 23.016371 0.0107301248407
334.0 25.105617 0.076768846724 23.708646 0.0676071644939
335.0 22.689677 0.0717202736007 21.255033 0.16303215083
336.0 23.160981 0.0853804265893 21.733898 0.112543969871
337.0 22.224028 0.036212026822 20.78691 0.0834931259685
338.0 23.101905 0.170531316162 21.675772 0.158360434367
339.0 23.085833 0.0670393906966 21.655476 0.0975051779219
340.0 22.463962 0.151000049552 21.027758 0.144369640027
341.0 21.361183 0.0365832495021 19.908155 0.128393848032
342.0 21.76452 0.198392853173 20.316594 0.133730801727
343.0 20.901883 0.00978961780696 19.439764 0.0488930375954
344.0 28.07408 0.0371794702446 26.714561 0.155575216397
345.0 28.417899 0.0513337668164 27.065629 0.110583503744
346.0 27.603802 0.121602068019 26.244585 0.0494857268145
347.0 28.203462 0.0912855778744 26.850432 0.170538027243
348.0 28.12091 0.152395048058 26.764316 0.165006195285
349.0 28.121461 0.00709254398764 26.765842 0.0432075016718
350.0 29.025416 0.0124664523347 27.677453 0.177245758611
351.0 29.109688 0.154712052902 27.764255 0.127634662823
352.0 23.961666 0.183688970506 22.550495 0.0521434065024
353.0 23.178707 0.00480995032384 21.75928 0.0750150512415
354.0 23.613068 0.00579892663557 22.201973 0.0767044012308
355.0 22.92762 0.101737373907 21.50578 0.198321469801
356.0 21.91649 0.154731737487 20.480366 0.088678006891
357.0 20.829129 0.12486374438 19.376779 0.119547590937
358.0 22.098839 0.146656005229 20.663156 0.154529826119
359.0 23.341456 0.0779501521174 21.920377 0.0238186183617
360.0 24.266652 0.142955658824 22.862273 0.090908329474
361.0 23.293787 0.132391951753 21.874118 0.164046672142
362.0 21.918101 0.16345654949 20.481734 0.0182782297327
363.0 22.238981 0.118390573178 20.806609 0.105033489875
364.0 21.405054 0.154338744167 19.958825 0.0574045392688
365.0 26.987637 0.108833528621 25.620615 0.126232275257
366.0 25.611755 0.0421199625491 24.228137 0.118614687125
367.0 26.029081 0.145174332246 24.65387 0.0110057274431
368.0 26.072393 0.163978854824 24.698303 0.0969445933181
369.0 24.711484 0.102620023568 23.320946 0.0599184700555
370.0 23.806941 0.0513632346035 22.406046 0.155412824472
371.0 23.353729 0.116186494683 21.950863 0.0143390329532
372.0 23.324164 0.155167318648 21.918105 0.165377858658
373.0 22.23895 0.146534268668 20.81914 0.167043122917
374.0 21.351652 0.0661354977563 19.92201 0.0929514322435
375.0 20.585905 0.0556223139964 19.147069 0.16738132249
376.0 20.541899 0.00699653518354 19.100865 0.180288044326
377.0 20.385969 0.016870143206 18.943938 0.0539052166479
378.0 21.351753 0.194276221013 19.924807 0.0879645316033
379.0 21.525614 0.184565330563 20.100848 0.156238449301
380.0 21.193691 0.111764192905 19.761988 0.181420921306
381.0 22.221739 0.195377362754 20.803255 0.154640427279
382.0 18.734087 0.0413429699293 17.266727 0.183115343282
383.0 19.153493 0.0556985470807 17.689348 0.177321963617
384.0 19.130298 0.113994709345 17.662818 0.0642096300562
385.0 18.924135 0.164908731092 17.45685 0.199405304144
386.0 19.553254 0.00248575320499 18.091947 0.11343583548
387.0 20.386732 0.157245571401 18.936243 0.0999955422865
388.0 20.861507 0.017275129631 19.417935 0.0188235860607
389.0 20.791286 0.0448023956544 19.346976 0.0876164416418
390.0 21.505807 0.0600204052899 20.074904 0.180863685143
391.0 20.951585 0.0514927582522 19.516037 0.0879262712694
392.0 20.881641 0.067577407498 19.442515 0.129287439711
393.0 20.904748 0.096114456089 19.463425 0.0812993685232
394.0 21.575395 0.183104346595 20.140114 0.126782553394
395.0 22.05852 0.0264895084275 20.63105 0.176864463685
396.0 21.561051 0.0225644305307 20.122327 0.187693011998
397.0 22.003694 0.114673387853 20.574925 0.0549976147227
398.0 22.362442 0.0280463441508 20.938901 0.0916380021326
399.0 22.868066 0.0409125853638 21.448373 0.179811017433
400.0 21.925629 0.154896323476 20.492729 0.0303314096637
401.0 21.901201 0.0505823274523 20.467618 0.0462812898348
402.0 22.591104 0.0899962865414 21.170393 0.104482929969
403.0 22.145387 0.148289939659 20.71745 0.166558164373
404.0 21.436263 0.0389226458776 19.999533 0.162252319974
405.0 21.919372 0.175315510961 20.491192 0.00228638905544
406.0 21.950725 0.119952767347 20.522432 0.0409952405558
407.0 22.472215 0.0986694260427 21.049306 0.173427744997
408.0 20.862515 0.19958999705 19.426357 0.195111637797
409.0 21.20868 0.0388724402992 19.776208 0.117950834365
410.0 21.123936 0.105939950105 19.690103 0.160958562332
411.0 21.031666 0.111156720712 19.594243 0.190929212458
412.0 20.456093 0.0983513916879 19.007733 0.0243220702657
413.0 20.149344 0.135566457554 18.698637 0.178204680532
414.0 27.224778 0.100642026925 25.867382 0.108804199084
415.0 27.16397 0.0503525156043 25.808377 0.092446297786
416.0 26.68371 0.0497195002999 25.321736 0.169112524699
417.0 27.605838 0.0123761040291 26.252855 0.115297877063
418.0 28.668667 0.0965364953398 27.330191 0.106736942035
419.0 29.494799 0.085289563666 28.169241 0.0466587930166
420.0 30.941472 0.0264375165365 29.630036 0.11298292542
421.0 32.130138 0.113540003418 30.830677 0.12652859231
422.0 32.351204 0.0596079986344 31.057265 0.0172960038536
423.0 33.189754 0.0996055985244 31.902187 0.153764592492
424.0 34.397664 0.11841738806 33.123782 0.0289240059594
425.0 32.771092 0.0802035617692 31.481088 0.18454673657
426.0 31.85079 0.000807023157377 30.552597 0.0301697627505
427.0 30.842802 0.156675709493 29.536232 0.0591922391522
428.0 30.173428 0.141755326888 28.86159 0.155945994304
429.0 26.198504 0.117784755929 24.837181 0.103293284553
430.0 26.073955 0.170595920437 24.710677 0.0569549284593
431.0 27.350929 0.0835792949942 26.00197 0.016006161839
432.0 28.668337 0.038973066086 27.334726 0.155929823642
433.0 30.182568 0.178148699385 28.865381 0.0300447468349
434.0 31.185469 0.195911775205 29.87891 0.103145740642
435.0 30.670552 0.187484645792 29.359581 0.140470640411
436.0 31.017552 0.149010026218 29.713508 0.137331602671
437.0 30.475723 0.0918990877617 29.163418 0.09155110092
438.0 31.37308 0.024153711089 30.068996 0.171722446535
439.0 31.488611 0.176438264447 30.187385 0.0284795565154
440.0 32.284957 0.186039713637 30.993804 0.000553396811292
441.0 33.347278 0.195314238356 32.069555 0.0116081550357
442.0 13.799035 0.173160794503 12.238942 0.161967972599
443.0 13.464691 0.152377197341 11.899593 0.132966089538
444.0 13.57936 0.00538702498258 12.023207 0.0726781672095
445.0 13.248188 0.1938107621 11.682851 0.122734641294
446.0 12.744363 0.0750806357132 11.178102 0.0770770150204
447.0 12.329778 0.157790349191 10.749179 0.0443667874541
448.0 12.078269 0.117753026912 10.493933 0.189358414308
449.0 12.202494 0.049759883115 10.623957 0.0933853551984
450.0 12.19142 0.0247411814452 10.613189 0.0453700746089
451.0 11.903626 0.0656026659011 10.311615 0.155569431189
452.0 12.277087 0.0310315148491 10.694301 0.0836570599761
453.0 12.699134 0.17279740782 11.132137 0.075857075106
454.0 16.814777 0.191527433814 15.338279 0.0423818711359
455.0 16.391856 0.0874302266681 14.906832 0.0384685270074
456.0 16.391357 0.137353415159 14.904257 0.14854101712
457.0 17.262357 0.0105069548245 15.788468 0.0049479108918
458.0 17.179674 0.0700323771934 15.702206 0.135912959275
459.0 17.5068 0.0243927724488 16.037042 0.182018046632
460.0 17.717242 0.165091287253 16.249082 0.0799526640763
461.0 18.393546 0.0819442418464 16.935308 0.0417528890067
462.0 17.107988 0.168254620794 15.632635 0.129531499653
463.0 18.058026 0.18651360103 16.595086 0.173089207938
464.0 18.475896 0.0992471214715 17.018461 0.138956984512
465.0 17.633811 0.125306665707 16.163966 0.0766378097602
466.0 22.751653 0.0118587435603 21.359828 0.178252415619
467.0 23.3278 0.0868162790221 21.942408 0.00262564941082
468.0 23.633428 0.0636343759655 22.251333 0.080291232747
469.0 22.707605 0.0377440176878 21.312277 0.146791602741
470.0 21.66829 0.0192949686237 20.26157 0.193549298736
471.0 22.416892 0.173672998875 21.019465 0.037324431508
472.0 23.096141 0.0323864072356 21.704796 0.0816872023698
473.0 16.722874 0.0292802353516 15.235777 0.0796636774048
474.0 17.884898 0.166037765159 16.414119 0.140778360946
475.0 18.47003 0.158353065095 17.009046 0.103736271719
476.0 17.86116 0.0142848667621 16.393142 0.171327625239
477.0 16.832099 0.0768114633737 15.34703 0.0594514130334
478.0 16.682664 0.152950008304 15.191041 0.182922592845
479.0 17.245131 0.171489586144 15.765115 0.112429488451
480.0 17.5479 0.0658351327895 16.073775 0.155212205865
481.0 16.863978 0.0337716380282 15.374701 0.0316323607395
482.0 16.724272 0.0978806043483 15.225796 0.170794655447
483.0 16.627669 0.157648478559 15.125467 0.0304209096132
484.0 16.199758 0.096719052452 14.690799 0.159535491392
485.0 16.708034 0.140973404071 15.209569 0.0634337413272
486.0 16.915936 0.120903991272 15.418423 0.187142967192
487.0 17.58838 0.0906368611032 16.102509 0.130223559521
488.0 17.709165 0.0319259291904 16.225668 0.184732894878
489.0 17.365143 0.0163503150243 15.872423 0.154522347602
490.0 17.479955 0.101550103721 15.986589 0.127294823711
491.0 16.700793 0.0535399813439 15.197387 0.0455894390922
492.0 15.030416 0.043257722854 13.489799 0.192110221167
493.0 15.269322 0.0315278370153 13.733866 0.0250346140119
494.0 14.517817 0.177047828162 12.965376 0.0705627569881
495.0 14.259294 0.112649301915 12.69968 0.0772952272036
496.0 15.115792 0.127359303847 13.571957 0.146336222763
497.0 22.12863 0.0925939388873 20.704827 0.115667589044
498.0 23.308609 0.0834365725212 21.898051 0.19675345012
499.0 24.81299 0.013825505803 23.41926 0.106627218878
500.0 24.859997 0.166865758935 23.469713 0.0213535046024
