0.0 15.432227 0.107284901512 13.957738 0.0632553772014
1.0 16.342112 0.150644648455 14.850389 0.0864636261647
2.0 16.287549 0.120631710848 14.795813 0.155355020351
3.0 15.957451 0.101758628024 14.471839 0.116356709481
4.0 15.230442 0.112618153763 13.759806 0.103899496949
5.0 14.974666 0.184232016881 13.51009 0.0176881596114
6.0 14.622889 0.0472119241854 13.163884 0.0657166675091
7.0 14.336922 0.128924280739 12.882986 0.107459721165
8.0 14.054038 0.179775838661 12.604784 0.139943463571
9.0 14.045784 0.0932978292773 12.595666 0.15496336948
10.0 14.082062 0.0399868530698 12.629444 0.155468910186
11.0 14.526677 0.030966463985 13.065314 0.128794804128
12.0 15.248785 0.143161332405 13.773722 0.152385531903
13.0 15.308528 0.0144186731969 13.83088 0.00710630587465
14.0 15.94728 0.182390821138 14.458243 0.124481124306
15.0 16.100995 0.0438838055858 14.609467 0.0602614503033
16.0 16.254364 0.164409895054 14.761148 0.100763485814
17.0 16.226676 0.0854488110112 14.734016 0.192773788871
18.0 15.48749 0.118805563158 14.00796 0.14699682086
19.0 15.479759 0.130744270563 14.002325 0.0371574922002
20.0 14.907542 0.0889248617325 13.440029 0.139718508328
21.0 14.204995 0.0430907296646 12.750033 0.136358196106
22.0 15.013863 0.0177426126256 13.545373 0.140512026641
23.0 15.024654 0.114173590776 13.557755 0.181123453318
24.0 14.343076 0.168451992261 12.888086 0.0410362437259
25.0 19.257214 4.00025399952e-05 17.705725 0.0116439484308
26.0 18.794549 0.0767813840648 17.25298 0.157096108107
27.0 18.400984 0.176743604964 16.86651 0.178146549287
28.0 18.60405 0.00278989592418 17.064826 0.0453787346339
29.0 18.809646 0.0161994680592 17.266767 0.130772454408
30.0 18.371554 0.0568605753856 16.836002 0.175341074056
31.0 18.991238 0.00308621385 17.444906 0.0180778514042
32.0 18.208007 0.176362504735 16.676817 0.0798396933849
33.0 18.561618 0.00949745024167 17.025865 0.102582968496
34.0 19.380298 0.138061515125 17.830546 0.154503367202
35.0 19.489948 0.0365929573954 17.936584 0.166561620443
36.0 18.946984 0.0822294851408 17.403764 0.0905425564204
37.0 19.60264 0.0945004424273 18.049316 0.0707107618677
38.0 18.662173 0.109174502836 17.125214 0.00478263503893
39.0 17.693593 0.0462557867382 16.173341 0.124886510533
40.0 18.420015 0.1587703625 16.88469 0.0833717174697
41.0 19.289558 0.0803943808613 17.737859 0.0922476605814
42.0 19.315061 0.04613721265 17.764861 0.164353124845
43.0 18.688258 0.0231846057693 17.149009 0.140782701047
44.0 18.245077 0.051903835202 16.714009 0.0401554631897
45.0 17.423668 0.138245533918 15.909392 0.150486307684
46.0 16.831075 0.122152794101 15.326454 0.174031556404
47.0 16.659876 0.144633781844 15.15817 0.024088078951
48.0 17.140259 0.0775387623686 15.628472 0.00460640391055
49.0 16.631391 0.00626124343216 15.1294 0.128859506269
50.0 16.048133 0.153606202827 14.556681 0.189858025665
51.0 15.554793 0.0805350666008 14.071188 0.0992755702524
52.0 16.104989 0.167401697557 14.609898 0.0048162641036
53.0 15.407097 0.187349347 13.925102 0.0395698927828
54.0 10.64268 0.122459877697 9.256234 0.0887727919315
55.0 10.013068 0.153273403608 8.63663 0.18254379826
56.0 9.111122 0.100110954184 7.7505 0.119641486248
57.0 9.877035 0.153675473192 8.502217 0.0736057159426
58.0 9.706493 0.0671958513288 8.33626 0.147664073137
59.0 9.953174 0.0319814378104 8.578621 0.0463323920254
60.0 10.768278 0.0823733281363 9.380633 0.08186922688
61.0 10.437624 0.198801426507 9.058128 0.147115063866
62.0 10.924238 0.13147146266 9.534543 0.179196823741
63.0 11.123937 0.18111506158 9.728918 0.0514253536596
64.0 11.040297 0.192503461428 9.646684 0.183426038545
65.0 10.392003 0.0254490437002 9.010623 0.125680964313
66.0 10.407507 0.0467966459564 9.02674 0.0928998054555
67.0 11.1746 0.0981090337461 9.77995 0.177726576133
68.0 11.849547 0.140648301089 10.441145 0.0462793450338
69.0 12.561729 0.0488803476505 11.1391 0.0696399317731
70.0 13.40522 0.0536914842123 11.969027 0.0478666798528
71.0 12.643661 0.149243307564 11.220098 0.114675208164
72.0 12.344853 0.17197671304 10.924933 0.0164088721379
73.0 12.765451 0.0461734113853 11.336407 0.0932494071192
74.0 13.384023 0.0525064743654 11.944676 0.1402804983
75.0 13.567455 0.0534142168668 12.124614 0.161035519359
76.0 14.527524 0.00108455459838 13.068814 0.172596333649
77.0 14.50212 0.0237996670848 13.044909 0.0303139481647
78.0 13.821376 0.133268810016 12.378247 0.0828816465445
79.0 13.573412 0.152699319926 12.133358 0.0300174112661
80.0 14.327435 0.12425991036 12.873521 0.0834603527734
81.0 14.330666 0.164981589636 12.877873 0.0153890141922
82.0 13.789315 0.193628451851 12.344741 0.136018652535
83.0 14.17455 0.0219446503843 12.722113 0.179439759666
84.0 14.798718 0.196487572846 13.336342 0.111533530936
85.0 15.611083 0.166548602661 14.133456 0.0729710827988
86.0 15.743416 0.0789123250937 14.261822 0.0506603429392
87.0 15.628015 0.0420095247127 14.14901 0.159266854766
88.0 15.891814 0.135595496107 14.406809 0.104730442572
89.0 16.212355 0.144060277651 14.722464 0.128389819913
90.0 15.80416 0.189595482616 14.32215 0.0648850596499
91.0 15.225401 0.157689447289 13.755829 0.175764383183
92.0 15.715046 0.0190770268382 14.235564 0.149085476339
93.0 15.947585 0.0469530918472 14.463764 0.0376611478577
94.0 15.455915 0.0443317564796 13.981289 0.180626610857
95.0 16.263917 0.125525331027 14.776004 0.0435544854467
96.0 15.838957 0.0642167534022 14.358659 0.0450440488161
97.0 16.73378 0.0203199183742 15.237217 0.132062181397
98.0 16.797261 0.0465211728147 15.299776 0.0161847434927
99.0 16.396994 0.015971250302 14.90798 0.113338651048
100.0 16.715224 0.104765249002 15.219761 0.171329135584
101.0 16.659372 0.144013149091 15.164413 0.150991659921
102.0 17.138039 0.0151952954888 15.635843 0.123060732239
103.0 17.817465 0.169619302661 16.303474 0.0713918040365
104.0 17.733877 0.0478737394113 16.220792 0.0999317172053
105.0 17.206584 0.0557888293901 15.703182 0.156778875859
106.0 16.807523 0.151804618684 15.309639 0.115722781459
107.0 17.308488 0.0376061141406 15.802786 0.0201588813265
108.0 17.115157 0.187232021307 15.613866 0.0355086348361
109.0 17.700666 0.192622186196 16.186886 0.0742844246064
110.0 18.265976 0.167856065598 16.743578 0.00833885237244
111.0 19.133482 0.140554366559 17.596209 0.00654699083518
112.0 18.586107 0.18723698367 17.060529 0.10988045559
113.0 18.681362 0.144186561423 17.155187 0.102685195011
114.0 17.742929 0.00520305878051 16.232426 0.103847094134
115.0 16.752555 0.0519304432293 15.258962 0.150217384532
116.0 16.410077 0.128345810901 14.922001 0.0301975126906
117.0 16.328706 0.196284629558 14.84279 0.0132424812888
118.0 16.282163 0.130907289711 14.796454 0.162591989134
119.0 17.002197 0.057370482651 15.516318 0.0318543280538
120.0 16.306792 0.0309526176096 14.835156 0.139899157521
121.0 15.402414 0.104433175002 13.9463 0.0942065312677
122.0 16.101554 0.17188478152 14.631493 0.0558422013512
123.0 15.683293 0.0315857384718 14.220692 0.18135737552
124.0 16.535383 0.123807765581 15.055457 0.172334296547
125.0 16.847801 0.0213666260564 15.361356 0.0400641717323
126.0 16.517181 0.0220073684294 15.03635 0.0360644325999
127.0 17.166974 0.137350694038 15.674639 0.141630987696
128.0 17.570554 0.130817741147 16.070171 0.142897200062
129.0 16.86855 0.0311607643395 15.381947 0.11884574206
130.0 17.07987 0.112050414224 15.58769 0.135656183524
131.0 16.306974 0.101038117289 14.831158 0.0403025493842
132.0 17.160131 0.0648852702958 15.667189 0.0992065617892
133.0 17.389926 0.184288516895 15.894161 0.111198139996
134.0 16.822484 0.0569186180097 15.336872 0.186007496885
135.0 17.547099 0.19971638971 16.046232 0.172202128313
136.0 18.245287 0.168568945114 16.730324 0.15400579327
137.0 18.974388 3.18943111868e-05 17.447068 0.0412467470789
138.0 19.480086 0.000354194679411 17.942779 0.197449361533
139.0 19.026947 0.199896734992 17.498794 0.107792898227
140.0 19.583052 0.155222190575 18.043693 0.168689431488
141.0 18.799727 0.146498158723 17.273418 0.0306323041183
142.0 19.013918 0.190015080629 17.484966 0.107248192022
143.0 19.512524 0.192556626814 17.974708 0.133359318222
144.0 19.339063 0.101363080741 17.802937 0.0291922253403
145.0 18.659107 0.0423589335373 17.13764 0.0102399145495
146.0 19.231267 0.00368351257286 17.697598 0.12027234904
147.0 18.686051 0.13377537586 17.162741 0.0650267350459
148.0 17.562566 0.194110384309 16.061991 0.137017623986
149.0 16.952143 0.0588570625086 15.462076 0.00222375806957
150.0 17.506686 0.0120973550478 16.00489 0.10385364861
151.0 16.672081 0.0535680235075 15.186421 0.187603067182
152.0 16.219411 0.0562451855621 14.742175 0.128125110729
153.0 16.257858 0.0429038815615 14.780128 0.0650588931163
154.0 15.354634 0.171260598883 13.89265 0.13690188897
155.0 15.104194 0.0300119651766 13.646791 0.0128109454829
156.0 15.417133 0.152550655784 13.954845 0.132774387553
157.0 14.456659 0.0106019577935 13.010899 0.148815935228
158.0 15.296178 0.152331841309 13.834816 0.0484917242502
159.0 14.728542 0.0480693802463 13.277286 0.0412932738584
160.0 14.190864 0.187698718564 12.750596 0.190057259744
161.0 13.444189 0.181861340558 12.01732 0.13170632062
162.0 12.845825 0.066126819632 11.430631 0.0558173779403
163.0 13.252636 0.0335224622095 11.828337 0.186745736254
164.0 12.537269 0.0468630836298 11.124833 0.105469564423
165.0 11.689088 0.059868184386 10.291917 0.139491807064
166.0 10.869106 0.132631725617 9.486153 0.135908665268
167.0 10.680766 0.157702441672 9.302754 0.136257265547
168.0 11.186951 0.00196250182789 9.798917 0.177999339521
169.0 11.272543 0.0160793121648 9.881661 0.0181804588955
170.0 12.033161 0.0435075536644 10.628919 0.162355698974
171.0 12.166823 0.141173454679 10.758294 0.0517552551123
172.0 11.902154 0.122635451946 10.498006 0.101127550403
173.0 11.048629 0.198554198245 9.660448 0.176351232189
174.0 11.447429 0.0621925322111 10.051921 0.0856591281281
175.0 11.254393 0.0833588472063 9.862605 0.0253321339084
176.0 10.6902 0.152135514645 9.309442 0.173402984691
177.0 10.787939 0.1089426039 9.404944 0.0383355247084
178.0 11.754308 0.0734768862208 10.35516 0.0636913488941
179.0 14.523453 0.189753861122 13.072441 0.107361020945
180.0 14.563038 0.185273123597 13.112457 0.0859380398922
181.0 15.365611 0.101417556369 13.899995 0.0983415882518
182.0 14.919935 0.185190176484 13.462174 0.0335377076306
183.0 14.902422 0.169840320194 13.444768 0.139840376486
184.0 14.879224 0.127626751444 13.423095 0.162354024467
185.0 14.581746 0.193099105261 13.130287 0.191161702653
186.0 14.664254 0.0396932829846 13.210633 0.178756656285
187.0 14.937193 0.181124519619 13.476765 0.182002726877
188.0 14.822293 0.106657364941 13.363425 0.163852398908
189.0 14.970064 0.144720379647 13.510499 0.139345339028
190.0 14.642636 0.0987227528196 13.187393 0.190933305143
191.0 13.892672 0.150736266137 12.4516 0.0997809810038
192.0 14.357265 0.191854010971 12.90777 0.163974321507
193.0 13.908166 0.107033850147 12.467725 0.0235666742751
194.0 14.53045 0.0530119502645 13.079061 0.0340120664514
195.0 15.473385 0.0989958032712 14.005882 0.0988741363807
196.0 16.312531 0.124924540055 14.831264 0.0919233602332
197.0 16.48005 0.150212044616 14.996229 0.10288815245
198.0 16.105526 0.188121638595 14.629841 0.101387091991
199.0 15.360974 0.182820917937 13.898383 0.0669601048204
200.0 15.821879 0.000845127182628 14.350918 0.130729364717
201.0 15.036335 0.0379899701981 13.57862 0.114949608765
202.0 14.842696 0.164047608354 13.387706 0.0865808263838
203.0 14.84979 0.0497526892584 13.393991 0.0498880319096
204.0 14.829188 0.000741808255368 13.373985 0.115348283464
205.0 15.784154 0.0581576208337 14.313131 0.182811241507
206.0 16.533441 0.0371494961347 15.046748 0.0601497496419
207.0 15.853873 0.00946283757175 14.37941 0.147231016023
208.0 15.373857 0.0821380659964 13.907314 0.131549969454
209.0 15.833414 0.107419076045 14.357579 0.149882494308
210.0 15.266408 0.0924165873682 13.80298 0.0546900406604
211.0 14.939526 0.0788648757407 13.481227 0.0797667217227
212.0 15.218348 0.125940030364 13.755445 0.198859655428
213.0 15.928066 0.120943145695 14.450348 0.174177408668
214.0 15.82843 0.104265811342 14.352379 0.0874969297888
215.0 16.309566 0.0610513833334 14.823944 0.161623847318
216.0 16.657711 0.0463446842127 15.163803 0.0467179085757
217.0 16.871313 0.172778129764 15.374769 0.179107442768
218.0 16.416652 0.0500060554506 14.928093 0.138006202527
219.0 16.235266 0.0912588766417 14.748505 0.0603321095748
220.0 16.71741 0.0941932458772 15.221614 0.097347917872
221.0 15.851482 0.124632504327 14.372994 0.0582561699042
222.0 15.89621 0.169327509601 14.416287 0.148794041046
223.0 16.723969 0.00613154021629 15.227612 0.179669055859
224.0 16.333228 0.0454557115318 14.842262 0.0533012978181
225.0 15.490704 0.108960216326 14.015709 0.0245683254551
226.0 15.795495 0.0867563153359 14.315744 0.127630033949
227.0 15.207781 0.148987682666 13.738305 0.0209092317904
228.0 15.69393 0.0342852373256 14.215031 0.0972616447738
229.0 14.896109 0.013899069418 13.430124 0.0373551180575
230.0 15.020011 0.196679178338 13.553056 0.0115404395014
231.0 14.274557 0.0755494561049 12.821702 0.0117729351727
232.0 13.818771 0.113115286263 12.375605 0.0558565955779
233.0 14.061359 0.106805077646 12.615392 0.132619774328
234.0 14.311801 0.175267410547 12.862446 0.0834758854089
235.0 13.350107 0.0153921227838 11.917125 0.0744952884337
236.0 13.371773 0.00619675232034 11.936671 0.142360438824
237.0 13.298388 0.0787504851195 11.866318 0.0585043733352
238.0 12.738875 0.0660437049144 11.317447 0.16169041914
239.0 13.52773 0.173456993225 12.090045 0.0737137798352
240.0 10.153912 0.00293129176298 8.785373 0.0244664900729
241.0 10.611882 0.065540488333 9.233403 0.106381324266
242.0 10.662911 0.0176079715523 9.283526 0.0862957747134
243.0 10.783008 0.124974361814 9.40178 0.136367020612
244.0 11.108309 0.0393018013251 9.722862 0.0744569260985
245.0 11.62661 0.0150329220633 10.233357 0.133098180846
246.0 11.989445 0.0729510134829 10.589769 0.00221806906333
247.0 12.079898 0.141574935469 10.680118 0.142775399675
248.0 12.346279 0.0517763213774 10.942415 0.190506507199
249.0 11.376837 0.114961423935 9.989296 0.136609434768
250.0 10.983558 0.140661108664 9.602955 0.0510513400104
251.0 11.830316 0.103874876416 10.435004 0.175721193167
252.0 11.458505 0.0199710983941 10.071319 0.117906852338
253.0 10.748787 0.0436821893168 9.373353 0.0625390974544
254.0 10.781634 0.125828163543 9.405462 0.164402774575
255.0 9.77374 0.176377866792 8.414801 0.141720107114
256.0 9.737182 0.0590076524634 8.378739 0.0270475634942
257.0 8.983718 0.139605567277 7.639301 0.0658626400095
258.0 8.139105 0.164384082267 6.809315 0.0975858689785
259.0 8.660201 0.118335377307 7.319783 0.0253828834412
260.0 8.051605 0.0254462288381 6.723995 0.111810584856
261.0 7.734784 0.182016378242 6.411266 0.145930794619
262.0 8.261326 0.152100703313 6.928481 0.18607118325
263.0 8.744283 0.159856423579 7.404215 0.00388628349875
264.0 9.269494 0.176507246956 7.920927 0.0680120262712
265.0 10.037844 0.170161077927 8.673297 0.165269444681
266.0 10.580142 0.119863549258 9.207476 0.0686040664476
267.0 11.053931 0.0491324594839 9.67443 0.0470568222736
268.0 10.862683 0.025833967446 9.486457 0.192240990471
269.0 10.339274 0.138594002371 8.971276 0.147246456573
270.0 9.899714 0.145531276119 8.540709 0.0719426204062
271.0 10.44067 0.0953424149367 9.069903 0.0263902070896
272.0 10.861102 0.00346534319958 9.481309 0.0267195847933
273.0 11.291849 0.109839072396 9.903177 0.0546833274796
274.0 11.240805 0.0815833432899 9.854113 0.112743178108
275.0 10.60202 0.104418908222 9.226006 0.0315669675907
276.0 10.673244 0.175040798715 9.295004 0.0718374403549
277.0 11.26867 0.124888000759 9.879224 0.199161084345
278.0 10.607206 0.140921572625 9.230158 0.0549169489919
279.0 11.083488 0.121958925739 9.696418 0.195670663878
280.0 10.181603 0.0532345564087 8.810625 0.0780794960218
281.0 10.436447 0.0462707127002 9.061639 0.126630022095
282.0 10.775575 0.132368451381 9.3964 0.15687049297
283.0 10.356312 0.0948759672048 8.983184 0.184413413651
284.0 10.190125 0.128771531844 8.82044 0.151146180481
285.0 11.017457 0.00800828525076 9.630777 0.19990817904
286.0 10.834747 0.145720709313 9.449666 0.033724889277
287.0 10.893471 0.199387627055 9.509245 0.0813200730236
288.0 10.274702 0.0447936142164 8.903526 0.154640029344
289.0 9.969734 0.0352996520025 8.603001 0.14019091904
290.0 9.551639 0.0184430911845 8.191501 0.149105376295
291.0 10.332247 0.00950016233457 8.957145 0.0455320163505
292.0 10.985672 0.0506419804979 9.596831 0.0553639239643
293.0 11.84188 0.0976725275599 10.435752 0.177533469415
294.0 11.293642 0.142812686494 9.899055 0.0986595153282
295.0 11.383283 0.122031961261 9.9876 0.104149529432
296.0 11.628594 0.183221659399 10.229622 0.10038669074
297.0 11.598463 0.0788583447048 10.200835 0.0798575941185
298.0 11.745895 0.14037961861 10.346815 0.114469845685
299.0 12.273473 0.128652635412 10.864137 0.176415815796
300.0 11.711095 0.110726481091 10.310544 0.115085598003
301.0 11.780493 0.180036712582 10.379639 0.106700806114
302.0 11.748154 0.0346731448439 10.348258 0.0396105119888
303.0 11.239569 0.176166634514 9.851035 0.0709776733903
304.0 10.428134 0.0990532293406 9.055272 0.0937170445227
305.0 10.983682 0.184744007201 9.599236 0.186338687774
306.0 11.836222 0.00547279614697 10.435566 0.187753476138
307.0 12.457934 0.0716607706826 11.047605 0.0958765673186
308.0 12.094472 0.0617653447475 10.690673 0.0199588498462
309.0 11.532608 0.101221556767 10.141226 0.12159771776
310.0 10.736166 0.0493705553063 9.360442 0.112744920721
311.0 19.496355 0.010145655371 17.959269 0.145407806359
312.0 18.973149 0.0447100960975 17.445122 0.163740792924
313.0 18.324069 0.113867524645 16.806509 0.020041891964
314.0 19.095976 0.131233418371 17.564428 0.0637987118816
315.0 19.983069 0.142116729265 18.436264 0.186169084205
316.0 20.789681 0.192997825821 19.227153 0.138317182292
317.0 21.185106 0.0405466600482 19.615606 0.030967721256
318.0 21.731862 0.164162651642 20.150677 0.113949930504
319.0 20.93423 0.16739897203 19.367975 0.0440965962615
320.0 20.21902 0.00892936129968 18.664627 0.0759403229388
321.0 19.273904 0.129893895214 17.735542 0.105697026876
322.0 19.537284 0.141461514418 17.996047 0.105820540705
323.0 18.750085 0.135394835428 17.222223 0.0103683858711
324.0 19.369943 0.0980237566235 17.830214 0.182934275914
325.0 18.721375 0.131580128042 17.195447 0.13801186482
326.0 19.165517 0.0798539085971 17.632691 0.0739217684197
327.0 19.683352 0.0161286313944 18.142509 0.0706134629724
328.0 19.822341 0.143104915209 18.281016 0.119777692634
329.0 20.21898 0.0806786142866 18.67213 0.0182813608219
330.0 19.873623 0.0249798819776 18.332856 0.0196061869436
331.0 11.181365 0.0815632899613 9.812094 0.0353525363857
332.0 10.868175 0.0521441048506 9.503517 0.113067387105
333.0 11.572965 0.0679420862765 10.196115 0.0524781239868
334.0 11.295911 0.0279275875051 9.926168 0.195636821827
335.0 12.27643 0.0537751838024 10.889465 0.11411045323
336.0 13.199172 0.0704102174921 11.795022 0.146199414933
337.0 13.354486 0.00958591313188 11.94783 0.147330965203
338.0 14.118704 0.0278856160311 12.697423 0.00507088588343
339.0 14.095443 0.0884752875393 12.673517 0.0955316713076
340.0 14.931812 0.18543241626 13.49462 0.179136865935
341.0 14.178524 0.0286350633643 12.754943 0.0849991539087
342.0 14.285105 0.0856721368511 12.861421 0.0805030499517
343.0 14.876418 0.0441998445923 13.442182 0.103794893011
344.0 15.118445 0.0617848368539 13.678831 0.188055406272
345.0 15.907968 0.0764652068278 14.454598 0.107938176437
346.0 15.472694 0.0317687807846 14.027367 0.0399335258605
347.0 15.69156 0.0342019708721 14.243458 0.190464090935
348.0 14.72702 0.189111793985 13.295355 0.0960916409793
349.0 15.359421 0.0566398495246 13.914558 0.0661356592203
350.0 15.905525 0.170616675847 14.448916 0.135191647518
351.0 15.817734 0.197869744508 14.362191 0.135438401805
352.0 15.756259 0.0781084798733 14.303724 0.155004333713
353.0 15.176047 0.150928854255 13.733085 0.145039818921
354.0 15.379228 0.147460520598 13.931283 0.0854997102717
355.0 14.547481 0.19095803931 13.116827 0.0267920594985
356.0 14.757688 0.118776288679 13.32122 0.132859841882
357.0 14.725269 0.0594833854342 13.289052 0.095406865737
358.0 15.575179 0.0346868739127 14.125103 0.10355901147
359.0 14.961715 0.104700555304 13.523607 0.0674909727668
360.0 14.312572 0.125279879209 12.888317 0.164721465835
361.0 14.072845 0.115406819612 12.654315 0.0539510652344
362.0 15.116825 0.107971432409 13.683706 0.0416642807813
363.0 15.683281 0.123732037441 14.240106 0.165733522077
364.0 15.039791 0.0995523187551 13.607634 0.0667419232657
365.0 15.556526 0.179550485506 14.113733 0.169685123522
366.0 14.907642 0.15565102659 13.475631 0.115240057637
367.0 14.918052 0.0153905649142 13.487936 0.119902986729
368.0 15.357819 0.125211556913 13.919365 0.153052917536
369.0 14.75162 0.16593555319 13.325478 0.0546626806889
370.0 14.177475 0.15642743532 12.761822 0.174184568998
371.0 15.023396 0.0108635945273 13.592756 0.0965066247945
372.0 14.677927 0.03068191226 13.254921 0.149577190945
373.0 14.61771 0.169124299276 13.196533 0.161578236948
374.0 14.641228 0.198082950773 13.22037 0.0617651689996
375.0 14.641579 0.151456744124 13.222127 0.0813105052093
376.0 14.740895 0.111114774128 13.317818 0.071620817031
377.0 15.561831 0.0772566739507 14.122225 0.162756176773
378.0 15.417883 0.0312093377552 13.980647 0.100001227432
379.0 15.357524 0.112573211684 13.920959 0.177188333967
380.0 14.856648 0.0160449750782 13.429585 0.181334284194
381.0 14.161894 0.164948545611 12.74874 0.122771683947
382.0 13.76726 0.187644127857 12.359836 0.018895214828
383.0 13.022034 0.129128610705 11.630111 0.0970874194687
384.0 12.092981 0.0996589945816 10.717605 0.000329904325244
385.0 12.24765 0.0584211771621 10.870941 0.103553425588
386.0 11.606639 0.0975302521944 10.242329 0.177847743195
387.0 11.898541 0.166170529426 10.527151 0.166962603871
388.0 11.885723 0.0184878017412 10.516186 0.0686605006039
389.0 12.426848 0.123604368198 11.045415 0.0985492509541
390.0 12.707652 0.00360036536934 11.319925 0.157277444206
391.0 13.039725 0.133475593784 11.645604 0.0230164494084
392.0 12.372915 0.160750004791 10.993242 0.0434806243807
393.0 16.466342 0.115646889852 15.009264 0.119662001353
394.0 16.646136 0.00138530680383 15.185393 0.134933859907
395.0 15.752005 0.0910254496287 14.306965 0.137911939137
396.0 15.49344 0.172581812617 14.052218 0.119695030611
397.0 14.760005 0.0808193450521 13.332289 0.0465607683851
398.0 15.238451 0.107721895252 13.803695 0.0544091460476
399.0 14.534305 0.109183858126 13.114611 0.0608355328212
400.0 14.796289 0.189229138149 13.373486 0.0371568636832
401.0 14.230531 0.10252980254 12.817029 0.0373086838344
402.0 14.856521 0.119457280281 13.432546 0.165125863942
403.0 15.526567 0.153441013199 14.090215 0.0382596830122
404.0 15.768801 0.184782464093 14.329015 0.139949400303
405.0 15.27731 0.0288444724824 13.845061 0.0806127746581
406.0 15.445832 0.0123985451215 14.012408 0.0720619684681
407.0 15.740193 0.124877201144 14.299884 0.0753916603778
408.0 14.84582 0.168172021265 13.420415 0.142597670419
409.0 14.474274 0.0950478351959 13.056803 0.116896988176
410.0 13.828555 0.161947605126 12.424085 0.193783964614
411.0 13.94546 0.199548907691 12.540228 0.117803249603
412.0 13.870876 0.169522727623 12.467695 0.0602679386473
413.0 14.590448 0.19279952152 13.174016 0.0853484563151
414.0 14.078909 0.0535221128673 12.670365 0.144158339987
415.0 14.914498 0.0556724476978 13.490323 0.128712610294
416.0 15.702499 0.128048962466 14.264733 0.0627864104269
417.0 16.30369 0.0433952086149 14.856643 0.136232549676
418.0 16.077769 0.066754134899 14.636945 0.0244367897316
419.0 15.754173 0.0273124047069 14.31837 0.0120288502578
420.0 15.321941 0.0713666613846 13.893911 0.191169366419
421.0 14.479802 0.139669047361 13.067622 0.132536118785
422.0 16.452398 0.0707376544477 14.995659 0.0704654051113
423.0 16.433816 0.0211998282432 14.978238 0.187427509304
424.0 16.202655 0.062415592046 14.751465 0.077996329578
425.0 15.475426 0.183660183713 14.039471 0.195764488765
426.0 15.747645 0.0617403441001 14.306437 0.0191124929577
427.0 16.661169 0.123289988143 15.203252 0.0986998859582
428.0 17.407717 0.144727160366 15.934869 0.136069339268
429.0 18.113104 0.135790959639 16.629292 0.164505492047
430.0 18.163274 0.188809568047 16.677647 0.150108301478
431.0 18.659934 0.122368511226 17.165785 0.147607233917
432.0 18.152759 0.136411417529 16.666639 0.0986122329882
433.0 17.955576 0.135844677506 16.471671 0.174236336682
434.0 18.150765 0.160200001206 16.665161 0.0951372008893
435.0 17.516435 0.160648374983 16.040712 0.149611901844
436.0 17.759252 0.016301773874 16.277389 0.0217257353006
437.0 18.515803 0.1214558548 17.019899 0.0683920288617
438.0 18.167599 0.11141451617 16.677003 0.0348222439439
439.0 18.38382 0.0831214188704 16.888621 0.11455898959
440.0 18.904063 0.149033041133 17.399482 0.0432271961015
441.0 19.488881 0.0636606744308 17.973637 0.13832244423
442.0 20.162802 0.160362970514 18.63704 0.183156436071
443.0 19.23622 0.0906194406652 17.726194 0.125903057898
444.0 19.93909 0.0729526003467 18.414888 0.180778375411
445.0 20.088988 0.101634192412 18.561916 0.15675729381
446.0 19.288465 0.0719389687213 17.776324 0.13737633517
447.0 19.943657 0.163908935378 18.417652 0.147463260459
448.0 20.761392 0.109015471892 19.219425 0.0410096725524
449.0 20.777094 0.00341769424252 19.234426 0.166280298691
450.0 20.11978 0.0917021856582 18.587468 0.0174897289164
451.0 20.426075 0.0847295814369 18.890149 0.158426434515
452.0 21.069457 0.177591279303 19.521719 0.0100378824228
453.0 11.610732 0.0294063716678 10.245065 0.146703112237
454.0 11.323903 0.136491556991 9.96187 0.118609580375
455.0 12.029812 0.156095805992 10.654345 0.156738537119
456.0 11.528651 0.0133600719039 10.163923 0.176848632392
457.0 11.279315 0.0878883270922 9.919026 0.0221563766442
458.0 11.198384 0.196393860429 9.838537 0.167640964523
459.0 10.480039 0.130137067334 9.132786 0.0569922203787
460.0 11.191088 0.0932765662869 9.829214 0.146485886475
461.0 11.244025 0.138496101098 9.882106 0.149042382286
462.0 11.469897 0.0571997621569 10.105864 0.154909611557
463.0 10.670004 0.121129110024 9.320927 0.143620749224
464.0 10.135978 0.1248978934 8.798827 0.0754066307591
465.0 10.565642 0.179228940803 9.219565 0.0417806794705
466.0 11.355262 0.171229601314 9.994849 0.0444143923803
467.0 11.766607 0.144963907213 10.399248 0.183276019641
468.0 11.030508 0.0508604438446 9.676343 0.094777204906
469.0 11.804358 0.133892938693 10.436289 0.158727562996
470.0 12.493725 0.0730095020712 11.113448 0.104206729916
471.0 12.704142 0.196506156525 11.320395 0.129206393534
472.0 12.532699 0.0184369965204 11.144404 0.0433209319739
473.0 13.03296 0.167284056643 11.634286 0.193623187796
474.0 12.146595 0.079085746276 10.764412 0.12570920219
475.0 11.87789 0.01304870281 10.500527 0.04285124215
476.0 11.662312 0.164839861956 10.289278 0.0927331542733
477.0 11.904652 0.156216098106 10.528711 0.07833836781
478.0 11.61675 0.137125373151 10.245827 0.170918051983
479.0 10.92165 0.0365599270455 9.564507 0.00637848946916
480.0 10.06532 0.0491641300989 8.722297 0.0492458035604
481.0 10.647707 0.0297062337959 9.295092 0.193349449724
482.0 11.179965 0.0564176455115 9.816962 0.159408332531
483.0 11.123023 0.0384394778094 9.760989 0.159241225566
484.0 11.49645 0.0904784933946 10.129335 0.199083481187
485.0 11.438212 0.128071768393 10.073156 0.102446386035
486.0 10.85513 0.159130221742 9.501833 0.158912502157
487.0 10.591391 0.0135695791818 9.243598 0.0796405531749
488.0 11.146274 0.187151327562 9.787691 0.106240929515
489.0 10.444681 0.17122588492 9.097877 0.160426745869
490.0 10.489471 0.127908597849 9.143931 0.0300393502426
491.0 10.66295 0.191174776424 9.312751 0.0354078470268
492.0 10.209402 0.0596162702041 8.869592 0.161057607517
493.0 10.223772 0.0955291857394 8.885267 0.177908830043
494.0 9.624256 0.0863398299847 8.298762 0.0292218992195
495.0 12.091751 0.0801868197969 10.715019 0.059409772089
496.0 11.325393 0.0208987828658 9.961639 0.16905556038
497.0 10.500546 0.0146955483141 9.151371 0.0835317928259
498.0 10.400376 0.0873318245543 9.051836 0.0700805701238
499.0 10.331476 0.124357769599 8.982741 0.188384399795
500.0 9.482607 0.0658517389363 8.15103 0.0703059058377
