0.0 15.618807 0.105101480766 14.164451 0.173778625252
1.0 15.191325 0.181478322208 13.745719 0.159359481862
2.0 15.49438 0.116159893013 14.044036 0.118962674011
3.0 15.382181 0.0559324650393 13.935086 0.134909929058
4.0 14.619434 0.00720954468871 13.188108 0.089996890011
5.0 13.823852 0.0815145840924 12.407927 0.167035189804
6.0 13.825282 0.150842051496 12.411114 0.00865773767337
7.0 14.477081 0.0547254133956 13.049185 0.182480569926
8.0 14.563254 0.127992854584 13.132125 0.15954014202
9.0 15.107306 0.190685079634 13.666561 0.0328583445499
10.0 15.529152 0.123208426965 14.080848 0.187553716641
11.0 16.097161 0.0650727803884 14.640191 0.0562931977282
12.0 16.296492 0.0425489828865 14.834047 0.0397491325064
13.0 16.037433 0.0286529954054 14.580698 0.102000947938
14.0 16.697551 0.070323297581 15.228308 0.0661199187709
15.0 16.173881 0.0729628368414 14.712953 0.146561891908
16.0 16.024815 0.0766122396682 14.567674 0.130888022541
17.0 15.363092 0.164687571618 13.917317 0.0172547157734
18.0 16.132392 0.143962532481 14.673588 0.163988270118
19.0 15.578027 0.107348895076 14.1278 0.193501697417
20.0 15.521542 0.0779003691359 14.071518 0.0854315993307
21.0 15.97949 0.0113032952675 14.521826 0.0861178546073
22.0 15.357518 0.0861917964934 13.909799 0.031037233508
23.0 12.908204 0.111755081804 11.518319 0.129541264785
24.0 12.541537 0.0603322723641 11.157818 0.125661559246
25.0 12.777676 0.0776804001475 11.390942 0.0489977582147
26.0 12.411172 0.125576227861 11.03194 0.198764963593
27.0 12.392259 0.10492707679 11.014485 0.135742936312
28.0 12.50363 0.0491967541026 11.125523 0.0206562672906
29.0 11.899583 0.108943198519 10.53104 0.170971930397
30.0 12.627603 0.0721615608525 11.244047 0.122124485793
31.0 11.651452 0.104985228574 10.284896 0.0744258168627
32.0 12.505778 0.186763166869 11.123833 0.0896961769535
33.0 13.340472 0.00609257258773 11.942873 0.0901665404875
34.0 14.027571 0.164668239043 12.618354 0.0103286355619
35.0 14.692477 0.120445088554 13.270168 0.15225985144
36.0 15.401232 0.0569113455697 13.964051 0.158828833544
37.0 15.454555 0.0363567790477 14.015193 0.0820982942915
38.0 15.290872 0.148140951561 13.853483 0.153616107499
39.0 14.709397 0.185784043971 13.283746 0.00293865294526
40.0 14.429442 0.147427651885 13.00988 0.0182588996688
41.0 13.682221 0.00800166465482 12.274927 0.197974830669
42.0 13.396414 0.167053552459 11.99265 0.0863334072311
43.0 13.036799 0.00877239204998 11.639388 0.0309389841342
44.0 13.487235 0.0262824916333 12.082223 0.125947497668
45.0 12.84429 0.100102917341 11.452857 0.117769375662
46.0 12.315275 0.0775816557127 10.932299 0.109300627751
47.0 11.950165 0.174045601832 10.574472 0.0292089757749
48.0 12.514453 0.148084822736 11.128855 0.17615834333
49.0 11.913436 0.114412367168 10.539116 0.110262102645
50.0 12.130487 0.163649322966 10.753556 0.124612034769
51.0 11.66689 0.004969700995 10.299951 0.0295563208922
52.0 20.960675 0.0458068686519 19.422399 0.154209072
53.0 21.521179 0.163295344001 19.972998 0.153461192269
54.0 21.104783 0.13664574871 19.56503 0.0725513834985
55.0 21.362952 0.0700341901274 19.816523 0.0322106836831
56.0 20.509524 0.0553724621729 18.978817 0.120284777236
57.0 20.491424 0.0268185163831 18.962664 0.121491710484
58.0 21.302021 0.0947592671944 19.756936 0.0112653705211
59.0 20.369961 0.0245368567799 18.8404 0.0331875241845
60.0 20.416168 0.190808163529 18.887475 0.030101185986
61.0 20.14218 0.0541429355716 18.619507 0.175545865743
62.0 19.977648 0.17508714863 18.456575 0.142197859795
63.0 19.843856 0.0118238588994 18.323663 0.0862021174826
64.0 20.332825 0.0989988421195 18.803207 0.0346072352723
65.0 20.708141 0.0360932970715 19.172094 0.0404578279747
66.0 21.428295 0.187639766527 19.880301 0.0812284859394
67.0 20.878761 0.0529697200025 19.342073 0.0524168998037
68.0 20.99851 0.152859956792 19.459647 0.0222714972829
69.0 21.158828 0.188547503553 19.616456 0.137156176631
70.0 21.60172 0.165360363282 20.05135 0.0530848802979
71.0 21.033714 0.125766247042 19.492915 0.110748063804
72.0 21.949373 0.059193157766 20.393276 0.133306852357
73.0 22.067122 0.158541796249 20.508567 0.159168741492
74.0 21.741565 0.0216852586068 20.188268 0.0525273948127
75.0 20.98425 0.165333824763 19.444109 0.183814889654
76.0 21.143451 0.0429461645714 19.60005 0.147405783526
77.0 20.678693 0.140228991974 19.144273 0.0105862291916
78.0 17.24737 0.025894328527 15.783184 0.112517610292
79.0 17.454061 0.00361487352519 15.984413 0.00724030731254
80.0 16.969193 0.0819200506404 15.508272 0.189817330972
81.0 17.14474 0.176480848901 15.679129 0.0123976014386
82.0 17.731753 0.0243140718093 16.255653 0.12416538651
83.0 17.881149 0.0791176227336 16.402825 0.0973637168941
84.0 18.154835 0.0880535039678 16.671743 0.127082166833
85.0 17.597057 0.197491543619 16.123181 0.145200512754
86.0 18.238152 0.197695695699 16.75248 0.172845583011
87.0 17.976727 0.0422533819294 16.496251 0.151949299658
88.0 17.273684 0.129510228202 15.806571 0.150866503406
89.0 17.431703 0.0807223695947 15.963695 0.130973108199
90.0 17.854163 0.183647504652 16.379118 0.057901554153
91.0 18.156479 0.102894479015 16.676643 0.0884259526421
92.0 19.086083 0.0697767555942 17.589897 0.167349534955
93.0 18.482712 0.112954962699 16.998886 0.152411052623
94.0 18.692015 0.139649318765 17.203441 0.17564327655
95.0 19.421944 0.178247881056 17.920293 0.181906680397
96.0 19.832247 0.0523499467771 18.322438 0.181831530016
97.0 19.197952 0.0640783123327 17.699472 0.0735263431177
98.0 18.584318 0.113437928416 17.09583 0.199490118545
99.0 18.152698 0.13410694601 16.672628 0.194466335364
100.0 18.42604 0.0688892689936 16.939155 0.112537862597
101.0 18.024524 0.0197489997006 16.544026 0.113964500821
102.0 17.202573 0.0286702801009 15.738925 0.0557077049006
103.0 18.122289 0.167944719848 16.642416 0.0243590897201
104.0 18.039844 0.10105683492 16.559777 0.183558860915
105.0 18.490578 0.171085674118 17.002879 0.0691966702161
106.0 18.732799 0.112161973942 17.240473 0.028587908015
107.0 19.23289 0.17334846833 17.731923 0.161605135124
108.0 19.653872 0.0222783785134 18.143867 0.136816503815
109.0 18.89168 0.0946636380681 17.394152 0.132080049131
110.0 15.15916 0.0992099669232 13.732592 0.105047828562
111.0 14.536972 0.120608191521 13.122139 0.0648657004994
112.0 15.120459 0.182350727956 13.694028 0.0795586921126
113.0 15.251506 0.193601964344 13.822385 0.166584569951
114.0 15.983005 0.00197535582758 14.540567 0.185443714952
115.0 15.150682 0.0625640341001 13.724037 0.096588575817
116.0 14.602335 0.031306015055 13.184271 0.0863919164954
117.0 15.330103 0.000583921443355 13.899262 0.117653433716
118.0 15.801226 0.0268871776265 14.361917 0.0442725700402
119.0 14.808346 0.0281829647348 13.385853 0.0939234436142
120.0 13.9892 0.0323645943925 12.581304 0.172577185245
121.0 14.260365 0.194217968728 12.846495 0.0333629662671
122.0 13.360645 0.079328780972 11.963256 0.130415545782
123.0 13.500421 0.0394265938553 12.101698 0.0965324547051
124.0 12.920593 0.143451931597 11.532035 0.0778096928802
125.0 13.101292 0.0387439364115 11.711223 0.0837681373767
126.0 12.318547 0.114584124025 10.942037 0.059680459081
127.0 12.863853 0.187801008863 11.477387 0.0868891903746
128.0 13.664012 0.0275361152837 12.264576 0.0155732719355
129.0 14.557262 0.0957617651947 13.143305 0.14290853176
130.0 14.091512 0.022484792575 12.688087 0.152478239738
131.0 14.005948 0.0212004303225 12.602814 0.0166875202106
132.0 14.875716 0.112138465037 13.457827 0.174274994264
133.0 15.730039 0.15138800787 14.297444 0.0226215386441
134.0 15.516491 0.0783973976644 14.0875 0.0568009790871
135.0 15.908863 0.0838817346948 14.47464 0.138460831791
136.0 16.384698 0.190576441285 14.943496 0.183894509994
137.0 15.497326 0.0688856537572 14.071354 0.1446372138
138.0 14.644294 0.0164033781533 13.234877 0.0896245920403
139.0 15.354163 0.119248368185 13.930799 0.161288734814
140.0 15.214946 0.0773821514044 13.792669 0.178378928136
141.0 14.896559 0.108532410315 13.481822 0.153175746793
142.0 14.789585 0.104161194969 13.378365 0.0693496898907
143.0 15.531099 0.171795504401 14.107835 0.0263144142185
144.0 16.162616 0.189590034755 14.729703 0.108986751178
145.0 15.405748 0.134712676118 13.988292 0.0959778500556
146.0 14.803992 0.126937679973 13.398228 0.0556001245513
147.0 21.540087 0.139194613806 20.003864 0.139471579748
148.0 21.07914 0.0477880246062 19.551394 0.0911104164428
149.0 20.783215 0.171274447454 19.260564 0.177684550193
150.0 20.884502 0.152837101331 19.358233 0.163783641619
151.0 20.157296 0.166592479364 18.642895 0.102762172853
152.0 20.917795 0.17563117904 19.387469 0.176487987427
153.0 21.840865 0.172977118349 20.293883 0.0503654370104
154.0 21.80962 0.0733222151375 20.262392 0.19301709336
155.0 21.975638 0.151855132953 20.426963 0.108318124005
156.0 22.707025 0.119841910337 21.143976 0.0695851884402
157.0 23.403481 0.173180461928 21.828609 0.139325645661
158.0 23.555111 0.13813754399 21.976513 0.132399694972
159.0 22.887559 0.175222607989 21.320178 0.184772342897
160.0 22.029675 0.0197569075685 20.478139 0.100599686128
161.0 21.214526 0.133925842301 19.678962 0.090560385827
162.0 20.291567 0.121206735924 18.772535 0.13273063183
163.0 20.32361 0.182244867324 18.802365 0.14978777414
164.0 21.125185 0.0901935061374 19.588167 0.00676123612537
165.0 21.464426 0.167484517931 19.920072 0.0619965267337
166.0 21.156481 0.0967818463127 19.618426 0.164885331457
167.0 20.436121 0.183876129085 18.909779 0.0949186579608
168.0 11.685494 0.135187879294 10.318226 0.173370594445
169.0 12.317569 0.00657897220466 10.939839 0.00901347017054
170.0 11.884562 0.0787287966032 10.514946 0.0698560878458
171.0 11.493859 0.0738991006037 10.133104 0.0274374781665
172.0 11.626822 0.0141156682673 10.26217 0.0172824982558
173.0 11.418859 0.0296578457854 10.056205 0.142512425948
174.0 10.985564 0.186136652886 9.63269 0.0534206024707
175.0 10.243805 0.00355991177516 8.906725 0.189626569294
176.0 10.63289 0.0940061270952 9.286731 0.0770853791243
177.0 11.637637 0.150769701187 10.274797 0.183557149804
178.0 11.932941 0.0447398566954 10.564615 0.0987689230239
179.0 12.276464 0.041804717306 10.903868 0.121137880975
180.0 12.15424 0.0152244785084 10.782475 0.0703213424645
181.0 12.650392 0.0938958802186 11.26853 0.153835205495
182.0 13.072158 0.175137473102 11.683735 0.139806451477
183.0 12.486649 0.176968874826 11.108292 0.169634281513
184.0 12.536074 0.0784099929171 11.15497 0.141521319924
185.0 12.144601 0.13299212838 10.771747 0.146855830684
186.0 12.384545 0.197174832418 11.005983 0.0650518013295
187.0 11.695673 0.167372760672 10.331295 0.123202442556
188.0 12.480194 0.0989086289546 11.103211 0.166950550631
189.0 12.441955 0.104289359306 11.065877 0.0876945944536
190.0 12.168321 0.130416572055 10.798166 0.188071839335
191.0 12.046915 0.00477629656282 10.681115 0.192681605524
192.0 11.654986 0.00113804536491 10.298533 0.125479243304
193.0 10.920817 0.196606083501 9.577176 0.115169306057
194.0 10.307294 0.0794418863128 8.976083 0.116957055388
195.0 9.70945 0.0941964471382 8.390593 0.173592915631
196.0 10.085519 0.159298929737 8.759407 0.045893461441
197.0 10.244074 0.189396700605 8.916762 0.0924589285754
198.0 9.827216 0.182790518053 8.506871 0.120552184176
199.0 10.18104 0.0859235967843 8.855493 0.186505864057
200.0 10.580685 0.0954775578055 9.249582 0.158733546545
201.0 10.748326 0.17054596708 9.415619 0.0125315467564
202.0 9.787976 0.102354173631 8.471816 0.109642726338
203.0 9.11248 0.0177693874683 7.810092 0.0945274334108
204.0 19.720964 0.0868353132957 18.214213 0.0631364519689
205.0 18.912975 0.135361646352 17.419644 0.0180169003428
206.0 18.171338 0.11993520435 16.690028 0.129312755304
207.0 17.976144 0.0866514217176 16.500535 0.0701476092323
208.0 18.143311 0.0816859279677 16.663412 0.123816956923
209.0 17.395163 0.061203380735 15.929618 0.00478238184701
210.0 18.063295 0.145049692633 16.585229 0.131168788072
211.0 18.270601 0.00608458781526 16.787796 0.129774902024
212.0 17.628093 0.0737932830593 16.157227 0.0761737084603
213.0 17.696433 0.149016912191 16.224646 0.135152742118
214.0 16.719231 0.0688379906612 15.26432 0.00663276904919
215.0 16.152801 0.0884917530251 14.708631 0.0918232711811
216.0 16.115786 0.13463892381 14.670769 0.109381737062
217.0 15.996184 0.0730342876254 14.55155 0.0803743973196
218.0 15.78357 0.128819086276 14.343047 0.0460520396213
219.0 14.836135 0.102770080382 13.411547 0.158428650546
220.0 14.75347 0.0662735112551 13.331461 0.0921587445323
221.0 13.991447 0.0500410530706 12.584077 0.064523264776
222.0 14.377535 0.168181562614 12.963916 0.0973054996627
223.0 14.244656 0.129489292548 12.834526 0.162596478284
224.0 14.285398 0.0465885287267 12.87516 0.105094404419
225.0 14.496886 0.000331934405039 13.082151 0.188254513657
226.0 13.717837 0.126492303005 12.31569 0.123175033218
227.0 13.087959 0.0531122303545 11.69772 0.0668282764828
228.0 13.543115 0.0692289372677 12.142539 0.0587499307285
229.0 13.588792 0.0598458055059 12.188485 0.0928738190188
230.0 14.439913 0.0988922478779 13.02314 0.0285147828798
231.0 15.283449 0.195785992616 13.852954 0.118926940979
232.0 15.461611 0.081215405753 14.026361 0.0847792213656
233.0 14.640828 0.183512877669 13.21965 0.167613490543
234.0 14.446262 0.14302881199 13.026949 0.0929373706578
235.0 14.786699 0.0652810749092 13.359635 0.0451134824658
236.0 15.476875 0.117772825095 14.038596 0.108309717216
237.0 14.939852 0.147077733038 13.511622 0.16244089453
238.0 15.717535 0.195050932567 14.273749 0.0690975813274
239.0 15.16028 0.01649795763 13.728469 0.00931100606428
240.0 15.172463 0.0420507339829 13.738607 0.119161142358
241.0 15.79791 0.0901580409445 14.353212 0.0257932159289
242.0 19.984599 0.0689806807915 18.461423 0.114108955897
243.0 19.992293 0.0217787279366 18.4697 0.0846789531073
244.0 20.650914 0.0251430050626 19.117611 0.184432443997
245.0 21.462408 0.140492405059 19.912271 0.0813181050861
246.0 21.863946 0.161510009306 20.307075 0.132914284099
247.0 20.932684 0.00175264844482 19.39189 0.152215477854
248.0 20.945788 0.116571228311 19.406248 0.00154271144404
249.0 21.277524 0.0558429847095 19.732599 0.116491341563
250.0 20.496566 0.00566380891575 18.966644 0.184736224003
251.0 20.653075 0.177614255644 19.121091 0.177529406554
252.0 20.907308 0.107449981671 19.372156 0.120901999339
253.0 21.123623 0.141776955046 19.58267 0.0301390909542
254.0 22.006841 0.193130412632 20.449649 0.0175392108388
255.0 21.923668 0.146863267368 20.369794 0.0199146119696
256.0 21.274127 0.0673153578405 19.734315 0.0310699220354
257.0 20.399105 0.110985069836 18.873638 0.178080545459
258.0 20.630381 0.137056326371 19.101975 0.189699189418
259.0 21.291408 0.0778826501944 19.749867 0.152543163862
260.0 21.923275 0.00299872022609 20.368794 0.0350935916696
261.0 21.360921 0.0169501792572 19.815081 0.183499672035
262.0 21.272983 0.0818587878852 19.728797 0.0292043432513
263.0 20.728187 0.141391612855 19.194137 0.183678929952
264.0 21.528735 0.189893806333 19.980632 0.0421088773231
265.0 22.378647 0.0335609739525 20.813722 0.157398064006
266.0 21.825536 0.141962814724 20.272407 0.0627561585416
267.0 21.854597 0.0921167421477 20.300412 0.00451644684595
268.0 22.16442 0.179570732797 20.606612 0.194230300782
269.0 21.839268 0.0511688774114 20.288654 0.0682394852438
270.0 21.763278 0.075435973591 20.215787 0.167059576714
271.0 21.925082 0.0825571335907 20.376294 0.0384159649373
272.0 22.403606 0.0666355925613 20.84603 0.0850980138871
273.0 22.392501 0.00527677109109 20.834651 0.0097917287428
274.0 23.018576 0.0830412835042 21.449732 0.0172488391698
275.0 22.150056 0.0644248155915 20.595681 0.04353827146
276.0 21.520992 0.131922623619 19.978795 0.0572117057237
277.0 13.295741 0.00873642547992 11.919057 0.000629573634204
278.0 13.872045 0.116929857892 12.486469 0.170155235129
279.0 14.496327 0.101675891597 13.098638 0.0198466503561
280.0 14.994759 0.0810639808935 13.587481 0.0222726586676
281.0 15.542 0.167362997227 14.123929 0.0117238375205
282.0 14.859244 0.127189795817 13.452359 0.175543344748
283.0 15.793338 0.122899026364 14.370581 0.0976878089229
284.0 15.664306 0.0361485000422 14.243419 0.0790546054189
285.0 15.597705 0.0541879381817 14.178514 0.194291295097
286.0 15.622693 0.189297167556 14.204185 0.0799504256396
287.0 14.906072 0.0244628380473 13.50108 0.0153385195052
288.0 15.306648 0.0413204049974 13.892722 0.151162499683
289.0 15.66886 0.0728764729373 14.248461 0.0200525533878
290.0 16.04841 0.121630943038 14.621862 0.15203130446
291.0 15.733174 0.155427251336 14.313383 0.0729916114577
292.0 16.246922 0.0566366847968 14.818345 0.0111888823081
293.0 15.627098 0.199769755048 14.208705 0.178484818133
294.0 16.260153 0.174418902932 14.829167 0.117909722151
295.0 15.639009 0.184854568009 14.220531 0.180261096965
296.0 16.308608 0.0869283000766 14.877313 0.175665237286
297.0 16.493717 0.0191217929448 15.057122 0.195558854121
298.0 16.535116 0.119845461589 15.099794 0.0770888600292
299.0 15.985486 0.167660529317 14.56096 0.174145413107
300.0 15.419612 0.0509355910413 14.005876 0.116148881323
301.0 14.59969 0.18151693401 13.200052 0.0753961015725
302.0 14.34274 0.103488998125 12.949538 0.0597998562484
303.0 14.890438 0.0971448787666 13.488386 0.121564417738
304.0 15.735409 0.196647539237 14.317215 0.0530103610832
305.0 16.336199 0.159962903407 14.906251 0.145417844987
306.0 17.282903 0.0214657221549 15.836098 0.137773839678
307.0 16.910109 0.042837671567 15.471514 0.101948306005
308.0 17.536384 0.0131459946476 16.087861 0.0634464708283
309.0 18.085322 0.0654595870095 16.625534 0.0479200578387
310.0 18.133506 0.000115821413529 16.665123 0.0165937226699
311.0 17.488923 0.0817240940006 16.032307 0.0717409078846
312.0 17.052271 0.187653917244 15.603936 0.150735279084
313.0 16.624333 0.0496604512466 15.183698 0.0501092881592
314.0 16.654447 0.0361351523909 15.212041 0.171037954727
315.0 16.36132 0.00892202603517 14.92285 0.0944201523034
316.0 16.70015 0.00145725280639 15.255274 0.100797809988
317.0 17.335536 0.086607797746 15.880964 0.167867994372
318.0 17.185162 0.0834196356344 15.735477 0.14844392368
319.0 17.92394 0.170251865594 16.461892 0.00313816486291
320.0 18.264511 0.162285358657 16.797488 0.0857148838531
321.0 18.039607 0.197752493298 16.575278 0.103977320055
322.0 17.747361 0.186732348063 16.28947 0.0962618819698
323.0 17.197558 0.159769253944 15.751692 0.0647583763753
324.0 16.351915 0.155165918042 14.923197 0.0782127762218
325.0 15.658493 0.0813878056528 14.244648 0.167681178357
326.0 15.179244 0.0267786269392 13.773565 0.00875135709121
327.0 14.911677 0.0842977178968 13.510964 0.0663050568649
328.0 15.380063 0.073065792615 13.97107 0.0182809738192
329.0 15.611531 0.138500501741 14.198618 0.131962745191
330.0 15.027892 0.103187664342 13.625522 0.031628110728
331.0 14.147476 0.15785295974 12.760818 0.0337321183657
332.0 14.639946 0.0447420335829 13.242961 0.185312001076
333.0 15.41212 0.0204813099686 13.999584 0.146064756479
334.0 16.372294 0.0882226666031 14.943813 0.0643990197786
335.0 16.777113 0.0302052272534 15.341574 0.0243732889267
336.0 13.617215 0.129703861802 12.248275 0.130021780909
337.0 13.946856 0.102061088723 12.573406 0.174176602558
338.0 14.329028 0.0590231773701 12.947279 0.162715938847
339.0 15.322052 0.0715554635781 13.923271 0.186461741313
340.0 15.965317 0.122661094637 14.553219 0.0838232282128
341.0 14.987965 0.173889056158 13.592156 0.199120182489
342.0 15.678925 0.0773659389107 14.268625 0.0983367092397
343.0 16.353745 0.0749718756445 14.931349 0.0341109196286
344.0 16.824331 0.187182356902 15.392468 0.0762094277195
345.0 15.959194 0.142569952207 14.543661 0.189701935824
346.0 15.378609 0.112038502305 13.973666 0.128215709767
347.0 15.905028 0.00177715985304 14.488452 0.159876535814
348.0 16.720264 0.124616481709 15.287386 0.0432253855444
349.0 17.297461 0.0860432956514 15.853993 0.0893701610335
350.0 17.89898 0.0989432870529 16.445688 0.0384833621193
351.0 17.851795 0.158729613191 16.39915 0.164491311216
352.0 18.15626 0.135435587414 16.698366 0.182625075087
353.0 18.29412 0.185411592949 16.835017 0.160492870678
354.0 18.781384 0.0832883663736 17.314608 0.0649797268001
355.0 17.958644 0.176614737321 16.505988 0.141226589703
356.0 17.76041 0.099035202507 16.309946 0.121036340348
357.0 18.301024 0.0973012056522 16.840055 0.0292785254479
358.0 18.922745 0.0504206247608 17.449279 0.0590109977577
359.0 19.778924 0.081215103462 18.290001 0.0158866424518
360.0 20.393293 0.0465614733205 18.892229 0.105269951056
361.0 21.12252 0.19709272755 19.609164 0.0739527293729
362.0 22.010846 0.0863453019686 20.482661 0.00507549670766
363.0 21.368453 0.183856188682 19.854193 0.0924217758375
364.0 21.534442 0.117889673766 20.017405 0.0972065133856
365.0 21.830199 0.156379110286 20.307808 0.173319915033
366.0 21.140147 0.00259209383873 19.629854 0.0288764622244
367.0 21.218018 0.0522692143426 19.705087 0.162403653603
368.0 21.770602 0.151132856492 20.247695 0.146619609242
369.0 22.367117 0.0564393755806 20.835173 0.179687417145
370.0 14.761404 0.0400617153815 13.376576 0.191859049548
371.0 15.04334 0.00815569268083 13.653555 0.0855999016008
372.0 14.775559 0.00205764396429 13.390692 0.106285947883
373.0 15.670497 0.183234089321 14.269959 0.0782362016077
374.0 14.971841 0.0348194956623 13.584194 0.00438053708651
375.0 14.42233 0.0836784132185 13.046653 0.149609071909
376.0 14.915542 0.147495311905 13.529566 0.0911342552864
377.0 15.166591 0.149526709758 13.774615 0.100980496788
378.0 14.85016 0.0584307778635 13.463843 0.0383172087535
379.0 14.110396 0.155496336874 12.736099 0.0375575924242
380.0 14.214708 0.117051591674 12.83974 0.0419831904241
381.0 14.356573 0.151907700798 12.978299 0.049162623088
382.0 14.202751 0.029926281738 12.829059 0.0971521716993
383.0 15.057778 0.0038827990674 13.666899 0.0751428535285
384.0 14.372145 0.0976192220548 12.995939 0.197168966057
385.0 14.942879 0.0285550706287 13.554703 0.144788030755
386.0 15.544695 0.10298191806 14.146082 0.121846334964
387.0 14.624486 0.074780472465 13.241294 0.121051700258
388.0 14.609713 0.106097700137 13.22748 0.130677971413
389.0 13.979266 0.0887610064256 12.610577 0.155132786855
390.0 14.783938 0.0106050493118 13.39864 0.102794650612
391.0 17.958599 0.16518100397 16.52199 0.0470116452728
392.0 18.439931 0.0124850501732 16.994666 0.0389389531025
393.0 19.438024 0.194559944284 17.975634 0.0458863606058
394.0 20.208503 0.192959198194 18.733546 0.126879328537
395.0 20.114877 0.130481247833 18.641546 0.144282092399
396.0 20.427398 0.194100343766 18.946487 0.0781393086675
397.0 20.070833 0.0165491783181 18.596039 0.0952743981437
398.0 20.596521 0.0210365414613 19.112158 0.0119674060195
399.0 20.948136 0.161291225887 19.45615 0.0683323616373
400.0 20.499839 0.0445717565768 19.015338 0.198787191245
401.0 20.26163 0.120824452311 18.780234 0.000170829307686
402.0 20.632701 0.019048478636 19.143763 0.105043148513
403.0 20.28645 0.107000541957 18.804184 0.0625408444904
404.0 20.582698 0.193715149667 19.093232 0.00154190693243
405.0 21.442347 0.0488455019486 19.938391 0.189309860196
406.0 20.908086 0.146328259783 19.41375 0.184713300599
407.0 21.343079 0.079121698399 19.842323 0.000449129205836
408.0 21.072781 0.00811379667507 19.57637 0.186397263057
409.0 20.667196 0.0700318888765 19.176582 0.119927336841
410.0 20.043256 0.0274884758829 18.565502 0.0339961364946
411.0 20.220679 0.0748092579602 18.738563 0.167454638262
412.0 20.352943 0.195301364981 18.868258 0.0312377643613
413.0 21.090128 0.154681646692 19.59226 0.0622008641195
414.0 21.525881 0.180177868461 20.019222 0.124300023293
415.0 21.687208 0.197438383436 20.179274 0.0904842824527
416.0 21.330278 0.0792474375198 19.828023 0.112293332718
417.0 21.73989 0.161699367746 20.228923 0.115245554045
418.0 22.761846 0.199193240714 21.233574 0.143350246524
419.0 23.192059 0.0386469724291 21.656669 0.0265044879473
420.0 23.241009 0.103073876416 21.703144 0.0623668160131
421.0 23.864822 0.0743031353976 22.315949 0.194777962331
422.0 18.54589 0.111662310004 17.105493 0.174588229696
423.0 18.317149 0.138115238558 16.882114 0.00331909907304
424.0 18.030676 0.124985156498 16.601379 0.0344012607862
425.0 17.758228 0.13328753314 16.335211 0.175439838556
426.0 16.921029 0.0511796680835 15.514562 0.199098881438
427.0 16.257641 0.0589343249693 14.863245 0.0609871908654
428.0 16.320511 0.13433471011 14.926997 0.0085298950686
429.0 16.086115 0.0936031492082 14.697878 0.163994371535
430.0 16.461657 0.145838803294 15.065104 0.0284684277047
431.0 16.016965 0.126673350075 14.627079 0.0287390265252
432.0 16.629075 0.172506147875 15.229361 0.188892886049
433.0 16.578109 0.191162762837 15.178932 0.08223675307
434.0 17.059267 0.0978576203139 15.652154 0.157562263842
435.0 16.756034 0.12271867547 15.35275 0.182504004138
436.0 17.433221 0.114702108565 16.017658 0.184228893717
437.0 17.752983 0.111956746308 16.329839 0.198251234309
438.0 18.296429 0.0844149386813 16.861543 0.0390704565966
439.0 17.310664 0.000675474729045 15.892737 0.192365102102
440.0 17.617979 0.182318341896 16.195058 0.0968413788411
441.0 17.385451 0.138915887521 15.965805 0.0356562232436
442.0 17.357793 0.192207290388 15.940682 0.147558421319
443.0 17.190565 0.121623465339 15.778354 0.0783876988763
444.0 17.214145 0.129033800979 15.799945 0.0788742577165
445.0 16.814479 0.0823615082228 15.40713 0.173817147003
446.0 15.887743 0.0185619011392 14.496109 0.124746651593
447.0 16.387617 0.125973596737 14.985923 0.0405763290438
448.0 16.166323 0.149151969879 14.767366 0.125611482469
449.0 16.72068 0.160754136483 15.31192 0.0724318801598
450.0 15.991203 0.022170768089 14.597481 0.111609508088
451.0 15.145808 0.080864979067 13.76629 0.0502017125513
452.0 24.037346 0.0229527272918 22.499961 0.0949964996278
453.0 23.857403 0.083446831366 22.321833 0.132743823775
454.0 24.192434 0.0323245852551 22.652488 0.194433110732
455.0 24.460193 0.0190755109084 22.913556 0.0535137631001
456.0 23.990291 0.0271944590502 22.450903 0.072112017795
457.0 24.497765 0.150130047718 22.949625 0.0610358685289
458.0 24.556491 0.0816011778696 23.007957 0.0544417442042
459.0 24.343609 0.127344518702 22.798151 0.138502058972
460.0 23.628579 0.143811566831 22.094917 0.149787850319
461.0 23.596816 0.0999597625857 22.063432 0.182354684251
462.0 23.581484 0.0264507548258 22.047555 0.181640976229
463.0 23.37374 0.190470086405 21.84228 0.054515933159
464.0 22.952077 0.166793539581 21.4279 0.146405932282
465.0 23.600146 0.0934945863849 22.063242 0.103164108055
466.0 24.063522 0.185038645065 22.516881 0.118076622872
467.0 23.794374 0.109314719993 22.254083 0.134081028004
468.0 23.744248 0.04956630356 22.204662 0.19553117977
469.0 23.534791 0.12817445834 22.000277 0.03554274675
470.0 24.152817 0.196340360371 22.608049 0.0249712513275
471.0 23.67489 0.173106670378 22.138165 0.00606683049789
472.0 22.716921 0.132153762588 21.197406 0.121733905494
473.0 22.389864 0.113316889964 20.875324 0.0821862085201
474.0 22.046882 0.0332572540736 20.538167 0.127872897668
475.0 21.626913 0.115823826637 20.124987 0.12213101946
476.0 17.32233 0.0274902880984 15.899995 0.18277341903
477.0 16.539913 0.183552228687 15.133015 0.095830451961
478.0 15.882438 0.0626727046422 14.488625 0.123140605952
479.0 15.527712 0.0694815844573 14.138632 0.117222738539
480.0 16.299367 0.0687980228849 14.896774 0.0192328272262
481.0 16.265124 0.110762871097 14.864186 0.153255063807
482.0 15.707646 0.136722871901 14.315548 0.059940664225
483.0 16.142627 0.043459739762 14.74222 0.129806570939
484.0 16.763037 0.0454449349918 15.353057 0.190485662283
485.0 16.831623 0.0692755828605 15.418695 0.131475265255
486.0 16.609874 0.0773249772211 15.199828 0.162327831491
487.0 16.822873 0.140986387647 15.408724 0.0528970511609
488.0 17.549398 0.024391776839 16.120003 0.0870687895106
489.0 17.28551 0.16258236317 15.860587 0.00829509121129
490.0 16.730569 0.14303541038 15.314655 0.149884957702
491.0 16.340046 0.106989418004 14.93115 0.195919145184
492.0 16.306918 0.00490231126806 14.900283 0.0525354676083
493.0 16.11309 0.197764872519 14.710464 0.0600108107824
494.0 15.920252 0.141155544787 14.520374 0.0824096387059
495.0 15.786612 0.00850723051928 14.388545 0.0567859860324
496.0 14.861366 0.16886833201 13.479885 0.0870746846429
497.0 14.552951 0.0583188786157 13.176206 0.148368762624
498.0 14.079389 0.171698329849 12.712782 0.0935023483036
499.0 15.037475 0.0623607739451 13.653949 0.0298123799059
500.0 15.48489 0.130806749262 14.093801 0.0424002359967
