2457258.5 15.0697141251 0 13.6195061593 0
2457259.5 15.7313117445 0 14.2689267214 0
2457260.5 16.6488733526 0 15.1696266418 0
2457261.5 16.9423392812 0 15.4577898898 0
2457262.5 16.187309553 0 14.7167430078 0
2457263.5 15.4275621778 0 13.9712121007 0
2457264.5 11.3674529543 0 9.98689423762 0
2457265.5 11.0650231708 0 9.68989670586 0
2457266.5 11.7227093937 0 10.3355641691 0
2457267.5 12.3264384585 0 10.9279093041 0
2457268.5 18.7144623385 0 17.1960388416 0
2457269.5 19.0189923857 0 17.4950938024 0
2457270.5 18.7197101327 0 17.2014074312 0
2457271.5 19.0530916149 0 17.5287405073 0
2457272.5 18.4804111641 0 16.9667535943 0
2457273.5 11.9063725293 0 10.5164673977 0
2457274.5 11.0812510121 0 9.70659552032 0
2457275.5 10.7711810331 0 9.40233969907 0
2457276.5 10.0951007194 0 8.73883303852 0
2457277.5 11.3239315054 0 9.94810164605 0
2457278.5 11.5578106224 0 10.1775791144 0
2457279.5 12.0996971582 0 10.7093491587 0
2457280.5 12.6525931258 0 11.2520580956 0
2457281.5 12.3864832511 0 10.9935685238 0
2457282.5 11.4852576288 0 10.1091868565 0
2457283.5 10.6384342905 0 9.27808064122 0
2457284.5 11.045922751 0 9.67781737406 0
2457285.5 10.5478461709 0 9.18897590596 0
2457286.5 16.5125039812 0 15.0448782735 0
2457287.5 17.1916255251 0 15.7112213069 0
2457288.5 17.9149250478 0 16.4210112827 0
2457289.5 17.2743522217 0 15.7921549192 0
2457290.5 16.536070106 0 15.0648199559 0
2457291.5 17.2484499489 0 15.7641783651 0
2457292.5 18.173753096 0 16.6723473013 0
2457293.5 18.9560990752 0 17.4402656155 0
2457294.5 19.454329689 0 17.9293920341 0
2457295.5 19.3640866738 0 17.8409280469 0
2457296.5 16.6627538146 0 15.1912213562 0
2457297.5 16.025728203 0 14.5660750786 0
2457298.5 16.1183382795 0 14.657074595 0
2457299.5 15.2894392735 0 13.8436958017 0
2457300.5 14.477879208 0 13.0471932237 0
2457301.5 15.7195346933 0 14.2684949009 0
2457302.5 15.2155689161 0 13.7739750821 0
2457303.5 15.5708292337 0 14.1227254677 0
2457304.5 16.3807989463 0 14.91785198 0
2457305.5 15.6119014831 0 14.1633746386 0
2457306.5 15.8288066685 0 14.3763797584 0
2457307.5 12.5735262918 0 11.1814563252 0
2457308.5 13.4862937513 0 12.0772156982 0
2457309.5 13.5202555897 0 12.110475354 0
2457310.5 12.7187305278 0 11.3239958257 0
2457311.5 12.6613067815 0 11.2677265895 0
2457312.5 12.9298844209 0 11.5313403408 0
2457313.5 17.9993953922 0 16.5088207534 0
2457314.5 17.9186308046 0 16.429482344 0
2457315.5 18.2520485348 0 16.7565306126 0
2457316.5 17.6975360554 0 16.2122877261 0
2457317.5 16.989191902 0 15.5169276745 0
2457318.5 16.5166319884 0 15.0551329475 0
2457319.5 16.1005466412 0 14.646912688 0
2457320.5 16.2812317542 0 14.8244138603 0
2457321.5 16.3132023625 0 14.8557615363 0
2457322.5 15.402135764 0 13.9615594507 0
2457323.5 15.0327146684 0 13.5968454295 0
2457324.5 14.3451379254 0 12.921832569 0
2457325.5 13.8590408812 0 12.4448543526 0
2457326.5 14.2780208925 0 12.8559365863 0
2457327.5 13.3692327837 0 11.9624819816 0
2457328.5 14.2368339069 0 12.8140588766 0
2457329.5 13.8208493381 0 12.4059238777 0
2457330.5 13.1189952779 0 11.7170251197 0
2457331.5 19.6683911726 0 18.1428141981 0
2457332.5 20.128194274 0 18.5939674438 0
2457333.5 20.5306193307 0 18.9891303604 0
2457334.5 20.7815544373 0 19.2356163921 0
2457335.5 21.2054863442 0 19.6515405718 0
2457336.5 17.6856867503 0 16.1947518267 0
2457337.5 16.7997018735 0 15.3252959536 0
2457338.5 16.7868112782 0 15.3125409885 0
2457339.5 17.577670814 0 16.0889453308 0
2457340.5 18.5046587641 0 16.9987745784 0
2457341.5 18.1546581916 0 16.6568546466 0
2457342.5 17.9431955531 0 16.4494441171 0
2457343.5 18.1754711592 0 16.677319782 0
2457344.5 18.8774759952 0 17.3664346895 0
2457345.5 18.0586341976 0 16.5627631615 0
2457346.5 12.8646802146 0 11.4625766523 0
2457347.5 11.9280998291 0 10.5431924405 0
2457348.5 11.7056562703 0 10.3250120704 0
2457349.5 12.0761474737 0 10.688629189 0
2457350.5 12.5658464233 0 11.169101853 0
2457351.5 13.2960275348 0 11.8858069391 0
2457352.5 17.1289468759 0 15.6471359786 0
2457353.5 16.7261066172 0 15.2518038879 0
2457354.5 17.4037615532 0 15.916845845 0
2457355.5 18.2621005587 0 16.7594463578 0
2457356.5 17.8262618294 0 16.3317453852 0
2457357.5 18.385050223 0 16.8833326299 0
2457358.5 17.6790547984 0 16.1902691649 0
2457359.5 17.4359847995 0 15.9516853338 0
2457360.5 17.285393397 0 15.8040129735 0
2457361.5 16.3954276565 0 14.9307159748 0
2457362.5 16.2890937821 0 14.8265282198 0
2457363.5 11.9457929564 0 10.5615009494 0
2457364.5 12.6134666623 0 11.2166473083 0
2457365.5 12.5065725975 0 11.111823927 0
2457366.5 13.0916323937 0 11.686176977 0
2457367.5 12.3867453739 0 10.9943851547 0
2457368.5 13.9450693427 0 12.5215663877 0
2457369.5 13.232074323 0 11.8217048812 0
2457370.5 12.6905369951 0 11.2904086632 0
2457371.5 12.8912717901 0 11.4873541776 0
2457372.5 18.4501317526 0 16.943862411 0
2457373.5 18.980884658 0 17.4647355326 0
2457374.5 18.8835701026 0 17.3692388013 0
2457375.5 18.4046547868 0 16.8991330502 0
2457376.5 14.0375318105 0 12.6136468762 0
2457377.5 14.2141261867 0 12.7871620191 0
2457378.5 13.8864090796 0 12.4655314603 0
2457379.5 13.2494830933 0 11.8404040584 0
2457380.5 13.6445164101 0 12.2283092775 0
2457381.5 13.0767068148 0 11.6711483401 0
2457382.5 11.0592001926 0 9.69365510961 0
2457383.5 10.2965414969 0 8.94496538618 0
2457384.5 10.479487427 0 9.12440855206 0
2457385.5 9.89713239522 0 8.55289675263 0
2457386.5 12.5198092929 0 11.1272422156 0
2457387.5 13.3721467349 0 11.9637957581 0
2457388.5 13.5659443517 0 12.154176928 0
2457389.5 13.623688317 0 12.2107773909 0
2457390.5 13.7876397236 0 12.3715648684 0
2457391.5 18.1451127714 0 16.6510588888 0
2457392.5 17.720799751 0 16.234549488 0
2457393.5 17.8667696674 0 16.377691854 0
2457394.5 17.6552384425 0 16.1701546695 0
2457395.5 18.0255553438 0 16.5337985135 0
2457396.5 17.1511050814 0 15.6756837567 0
2457397.5 12.9732631624 0 11.5741735013 0
2457398.5 12.6126576958 0 11.2200621139 0
2457399.5 13.0498012464 0 11.6492854094 0
2457400.5 12.6808237051 0 11.2872470209 0
2457401.5 12.0017436215 0 10.619615069 0
2457402.5 11.6336036726 0 10.2582580992 0
2457403.5 12.4136203579 0 11.0238294699 0
2457404.5 13.182449709 0 11.7782504125 0
2457405.5 13.2670628731 0 11.8586830792 0
2457406.5 12.7054708353 0 11.3076355893 0
2457407.5 13.4718223867 0 12.0598037011 0
2457408.5 13.04289882 0 11.6388557308 0
2457409.5 16.5840672986 0 15.1156520998 0
2457410.5 15.6568036535 0 14.2053778772 0
2457411.5 15.8173606002 0 14.3629980044 0
2457412.5 16.1032651654 0 14.6436470191 0
2457413.5 16.1782364696 0 14.7173361876 0
2457414.5 16.7513984671 0 15.2797199677 0
2457415.5 13.3018237388 0 11.8972917458 0
2457416.5 12.9789031699 0 11.5801898842 0
2457417.5 12.6071681212 0 11.2152591152 0
2457418.5 11.8826794222 0 10.5042228023 0
2457419.5 11.1931730015 0 9.82767726522 0
2457420.5 12.467785722 0 11.0791770583 0
2457421.5 11.841254242 0 10.4644101528 0
2457422.5 11.2138311826 0 9.84863027885 0
2457423.5 10.7280765357 0 9.37206866576 0
2457424.5 11.1685742347 0 9.80436106273 0
2457425.5 17.8193833045 0 16.3320556472 0
2457426.5 18.299612378 0 16.803553809 0
2457427.5 17.5571136614 0 16.0749381341 0
2457428.5 17.6516205192 0 16.1677937917 0
2457429.5 18.0684860184 0 16.5769543246 0
2457430.5 20.2458026137 0 18.7162348576 0
2457431.5 20.666438229 0 19.12924758 0
2457432.5 20.7858796157 0 19.2462834167 0
2457433.5 20.2800826053 0 18.7498512273 0
2457434.5 13.9985147317 0 12.5850674852 0
2457435.5 13.6498648943 0 12.2429119369 0
2457436.5 13.5350114289 0 12.130303918 0
2457437.5 13.8021389982 0 12.3925930519 0
2457438.5 13.4779206236 0 12.0745232586 0
2457439.5 13.0425190215 0 11.6473841124 0
2457440.5 16.841778173 0 15.3737310148 0
2457441.5 17.4438641154 0 15.9645525439 0
2457442.5 17.0983860642 0 15.6255230196 0
2457443.5 16.8478552656 0 15.3795831128 0
2457444.5 17.5325039908 0 16.0515143214 0
2457445.5 12.1083099271 0 10.7252678018 0
2457446.5 11.6433877406 0 10.2691715109 0
2457447.5 12.5743287013 0 11.1829697733 0
2457448.5 13.1125596101 0 11.711163566 0
2457449.5 12.3796892038 0 10.9918756537 0
2457450.5 12.014079125 0 10.6332355071 0
2457451.5 13.2618944421 0 11.8563087576 0
2457452.5 13.7056966163 0 12.2919352453 0
2457453.5 14.3322403018 0 12.906708965 0
2457454.5 15.0135777498 0 13.5752648774 0
2457455.5 12.2708765638 0 10.8849283026 0
2457456.5 12.4661395762 0 11.0766044419 0
2457457.5 12.0638764459 0 10.6817220026 0
2457458.5 11.6528750765 0 10.278250706 0
2457459.5 10.9827646169 0 9.62038837977 0
2457460.5 11.7272399703 0 10.3511494773 0
2457461.5 11.8766811863 0 10.5007171886 0
2457462.5 12.0053705087 0 10.6271530289 0
2457463.5 12.4586074384 0 11.0718430463 0
2457464.5 12.3971738748 0 11.0115863178 0
2457465.5 13.2228150759 0 11.8220932644 0
2457466.5 13.9819137592 0 12.567180597 0
2457467.5 19.6665351991 0 18.1448148358 0
2457468.5 19.6936420086 0 18.1715078104 0
2457469.5 19.6003867368 0 18.0801801834 0
2457470.5 19.5594418387 0 18.0401760525 0
2457471.5 20.4228655419 0 18.8875565729 0
2457472.5 21.2342425222 0 19.6838077841 0
2457473.5 17.943654377 0 16.4558081216 0
2457474.5 17.5841380144 0 16.1030552296 0
2457475.5 18.1360553892 0 16.6446917268 0
2457476.5 17.3613362816 0 15.88421962 0
2457477.5 16.9512777299 0 15.4815988414 0
2457478.5 19.9193357431 0 18.3963008423 0
2457479.5 19.0931663033 0 17.585428502 0
2457480.5 18.2663929842 0 16.7738127035 0
2457481.5 18.4551495252 0 16.9592486852 0
2457482.5 19.2856494644 0 17.7743891035 0
2457483.5 14.2444308826 0 12.8294100348 0
2457484.5 13.4248170624 0 12.0250200623 0
2457485.5 13.1923291783 0 11.7967545415 0
2457486.5 12.9977138531 0 11.6058898071 0
2457487.5 13.5748767711 0 12.172202574 0
2457488.5 18.3515433748 0 16.862533749 0
2457489.5 18.0868485294 0 16.6028267789 0
2457490.5 18.0453282322 0 16.5622064223 0
2457491.5 17.2351623137 0 15.7670584719 0
2457492.5 18.1144925991 0 16.6301896175 0
2457493.5 16.5808276311 0 15.1276646284 0
2457494.5 16.3832987243 0 14.9339753419 0
2457495.5 15.7554089817 0 14.3175686256 0
2457496.5 15.4780756868 0 14.0455486275 0
2457497.5 16.1010948905 0 14.6570650948 0
2457498.5 12.8036646343 0 11.4198612237 0
2457499.5 13.5207022031 0 12.1237451824 0
2457500.5 13.4983974822 0 12.101691975 0
2457501.5 14.4212183477 0 13.0072409305 0
2457502.5 15.338544619 0 13.9074990975 0
2457503.5 14.4683692735 0 13.0533053127 0
2457504.5 18.7246154125 0 17.2320022196 0
2457505.5 19.5197492655 0 18.0125395764 0
2457506.5 20.1457472267 0 18.6268114794 0
2457507.5 19.8854744732 0 18.3713363577 0
2457508.5 18.0520282553 0 16.569705115 0
2457509.5 17.9922791122 0 16.5109698946 0
2457510.5 18.2137686306 0 16.7285382818 0
2457511.5 17.308561809 0 15.8402602745 0
2457512.5 18.4734163884 0 16.9844408735 0
2457513.5 17.5637220347 0 16.0917773711 0
2457514.5 17.0095864911 0 15.5477560797 0
2457515.5 16.6183143825 0 15.163916492 0
2457516.5 15.98878686 0 14.5461155722 0
2457517.5 15.0926049883 0 13.6664001974 0
2457518.5 19.0839542816 0 17.5809763357 0
2457519.5 19.8529132712 0 18.3357211472 0
2457520.5 19.3141919518 0 17.806882425 0
2457521.5 18.7975198819 0 17.2997692296 0
2457522.5 18.1858717397 0 16.6993610668 0
2457523.5 17.9305521528 0 16.4476488419 0
2457524.5 18.3439093992 0 16.8532757227 0
2457525.5 17.9688799714 0 16.4853936621 0
2457526.5 17.063600386 0 15.5967899135 0
2457527.5 16.9595258439 0 15.4946499652 0
2457528.5 14.1756604343 0 12.7614457069 0
2457529.5 14.9166517472 0 13.4885768806 0
2457530.5 14.0926577776 0 12.6798289491 0
2457531.5 13.9591702528 0 12.5487989397 0
2457532.5 17.5338231051 0 16.0570957437 0
2457533.5 18.1430603463 0 16.6551953427 0
2457534.5 17.3984279001 0 15.9243674919 0
2457535.5 17.608723883 0 16.1309299266 0
2457536.5 18.5055758858 0 17.0110326038 0
2457537.5 20.865897984 0 19.3270532774 0
2457538.5 21.1808028275 0 19.6362002299 0
2457539.5 21.3488736384 0 19.8011406734 0
2457540.5 20.45632639 0 18.9249333637 0
2457541.5 19.8160780116 0 18.296057369 0
2457542.5 19.003732932 0 17.4986903066 0
2457543.5 19.6429567701 0 18.1261100204 0
2457544.5 20.5490691658 0 19.0156444475 0
2457545.5 19.9585928068 0 18.4362741206 0
2457546.5 20.2806243285 0 18.7524578872 0
2457547.5 17.390312812 0 15.9153927541 0
2457548.5 16.4948579278 0 15.036607524 0
2457549.5 17.0267726318 0 15.5587716972 0
2457550.5 17.6018399536 0 16.1231881117 0
2457551.5 17.2531112849 0 15.780841004 0
2457552.5 15.5866610195 0 14.1448127284 0
2457553.5 16.3401544825 0 14.8844227065 0
2457554.5 16.6078634356 0 15.1471030363 0
2457555.5 17.0711862722 0 15.6017199233 0
2457556.5 16.4705527048 0 15.012034521 0
2457557.5 14.695275937 0 13.2669779317 0
2457558.5 15.1826570317 0 13.7453688485 0
2457559.5 14.8540962928 0 13.4229975395 0
2457560.5 14.2453857431 0 12.8257513765 0
2457561.5 14.2907142736 0 12.8700885671 0
2457562.5 13.8937950899 0 12.4804940467 0
2457563.5 18.8660773564 0 17.3590157921 0
2457564.5 19.0374919888 0 17.5271869464 0
2457565.5 19.3428813263 0 17.8269723477 0
2457566.5 19.4691087663 0 17.9508978716 0
2457567.5 17.8725342261 0 16.3839934175 0
2457568.5 18.0411137415 0 16.5493995157 0
2457569.5 18.4799826915 0 16.9800918451 0
2457570.5 17.9532697978 0 16.4632755131 0
2457571.5 18.8088067553 0 17.3027935852 0
2457572.5 11.9393577208 0 10.5603397332 0
2457573.5 11.0841935783 0 9.72084163718 0
2457574.5 10.2194376825 0 8.87218909756 0
2457575.5 9.75108151957 0 8.41234823272 0
2457576.5 9.36653563497 0 8.03474487536 0
2457577.5 9.62538711474 0 8.28882760106 0
2457578.5 12.1627054069 0 10.7791344573 0
2457579.5 13.0733730225 0 11.6728149917 0
2457580.5 12.9767991758 0 11.578109339 0
2457581.5 12.6952453677 0 11.3019225215 0
2457582.5 21.8230392213 0 20.263105281 0
2457583.5 22.4741716498 0 20.902089413 0
2457584.5 22.7153970493 0 21.138903686 0
2457585.5 23.5758651372 0 21.9834479524 0
2457586.5 23.37249516 0 21.7839901998 0
2457587.5 11.912822618 0 10.5353326001 0
2457588.5 11.5874567334 0 10.2158139198 0
2457589.5 11.5873939566 0 10.2157467701 0
2457590.5 11.030779541 0 9.66959020901 0
2457591.5 10.6811405545 0 9.32646575269 0
2457592.5 11.8927889866 0 10.513925936 0
2457593.5 12.7038445972 0 11.3098696137 0
2457594.5 12.1972630696 0 10.8125529145 0
2457595.5 11.95073095 0 10.5707298687 0
2457596.5 15.3767744702 0 13.9320489877 0
2457597.5 16.0020366269 0 14.5458847238 0
2457598.5 16.03093218 0 14.5741879978 0
2457599.5 15.3189751128 0 13.8754053151 0
2457600.5 18.3364976217 0 16.83813543 0
2457601.5 18.4250881158 0 16.9249607795 0
2457602.5 19.0690052341 0 17.5567953419 0
2457603.5 19.9324949171 0 18.4042446985 0
2457604.5 12.5815246465 0 11.191875012 0
2457605.5 13.1218422821 0 11.7221120463 0
2457606.5 12.7247210198 0 11.3325334315 0
2457607.5 12.6368687083 0 11.2464237142 0
2457608.5 13.5136551152 0 12.1069596701 0
2457609.5 13.7779864068 0 12.3662532534 0
2457610.5 12.2680510609 0 10.882047168 0
2457611.5 11.8719889017 0 10.4932358273 0
2457612.5 11.1315546925 0 9.76652984734 0
2457613.5 10.3162898588 0 8.9662958496 0
2457614.5 9.92649996828 0 8.58371948592 0
2457615.5 9.40968449937 0 8.07630743725 0
2457616.5 11.2564214384 0 9.88728546818 0
2457617.5 10.4787060688 0 9.12386289849 0
2457618.5 10.0644429135 0 8.71728543419 0
2457619.5 9.68019566316 0 8.34018306212 0
2457620.5 17.5174180285 0 16.0350441022 0
2457621.5 17.4855563212 0 16.0035815126 0
2457622.5 17.2867726623 0 15.8086395334 0
2457623.5 16.5356197843 0 15.0712928049 0
2457624.5 17.0450275122 0 15.5734231011 0
2457625.5 17.3914960527 0 15.913621434 0
2457626.5 18.0778538802 0 16.5871705193 0
2457627.5 17.8437459387 0 16.3573362409 0
2457628.5 17.5468011291 0 16.0659965174 0
2457629.5 17.4537251674 0 15.9745112594 0
2457630.5 14.7042728606 0 13.2732446575 0
2457631.5 13.8511655968 0 12.4360370029 0
2457632.5 13.7693817216 0 12.3557491777 0
2457633.5 13.4087090492 0 12.0015837594 0
2457634.5 12.7909388101 0 11.3950810898 0
2457635.5 18.1826840382 0 16.6885192004 0
2457636.5 18.0652575535 0 16.5731058831 0
2457637.5 17.1517059937 0 15.6764353623 0
2457638.5 16.733110442 0 15.265578678 0
2457639.5 16.7253137606 0 15.2579967197 0
2457640.5 17.4597378043 0 15.9788975379 0
2457641.5 16.8274307223 0 15.3611533522 0
2457642.5 16.7428896051 0 15.278210584 0
2457643.5 16.3686043208 0 14.9109544372 0
2457644.5 17.0319972835 0 15.5620678118 0
2457645.5 17.7480028513 0 16.2657586656 0
2457646.5 18.0703938216 0 16.5823257143 0
2457647.5 18.1932975786 0 16.7027895781 0
2457648.5 18.437955824 0 16.9427791637 0
2457649.5 17.8090787769 0 16.3253812899 0
2457650.5 18.6405141185 0 17.1387489551 0
2457651.5 19.2198714757 0 17.7072524623 0
2457652.5 19.7606578071 0 18.2378853475 0
2457653.5 18.9070070044 0 17.4002131088 0
2457654.5 18.3734343066 0 16.8765234306 0
2457655.5 21.0876073145 0 19.5431333335 0
2457656.5 20.5784659716 0 19.0432827775 0
2457657.5 21.1657591914 0 19.6197815994 0
2457658.5 20.4603934325 0 18.9273509966 0
2457659.5 21.3187206439 0 19.7699019971 0
2457660.5 15.4682325392 0 14.0298842766 0
2457661.5 15.9994022719 0 14.5513740337 0
2457662.5 15.2199538254 0 13.7865295059 0
2457663.5 15.5379361321 0 14.0987067469 0
2457664.5 16.3615579712 0 14.9069956943 0
2457665.5 16.0181198343 0 14.5699398249 0
2457666.5 14.6515279692 0 13.229828169 0
2457667.5 13.8294999265 0 12.4229604911 0
2457668.5 13.9799664289 0 12.5708092018 0
2457669.5 14.0483559707 0 12.6377905872 0
2457670.5 13.6277881625 0 12.2248571984 0
2457671.5 20.2247335727 0 18.7010685243 0
2457672.5 20.8027307405 0 19.2683858657 0
2457673.5 21.1578438287 0 19.6167939674 0
2457674.5 21.6100405877 0 20.0604374422 0
2457675.5 11.8941869474 0 10.5245558297 0
2457676.5 11.2325140339 0 9.87524238252 0
2457677.5 11.3460102263 0 9.98647488931 0
2457678.5 10.5380681836 0 9.19339497738 0
2457679.5 13.8183871094 0 12.4148844997 0
2457680.5 13.805661271 0 12.4025351011 0
2457681.5 14.2610267278 0 12.8492655097 0
2457682.5 13.8163712621 0 12.4128144835 0
2457683.5 13.4798185777 0 12.0797297651 0
2457684.5 13.6438853886 0 12.2408352812 0
2457685.5 12.8846401858 0 11.4956700134 0
2457686.5 12.8770267356 0 11.4881264643 0
2457687.5 12.7740648362 0 11.386974495 0
2457688.5 17.2273197976 0 15.7564122394 0
2457689.5 17.7118648478 0 16.2317885645 0
2457690.5 18.0129865228 0 16.5274571053 0
2457691.5 18.7276127066 0 17.2286770768 0
2457692.5 18.1389463683 0 16.6513525145 0
2457693.5 17.5479043039 0 16.0713815965 0
2457694.5 18.4378484198 0 16.9448119536 0
2457695.5 18.1102696227 0 16.623419212 0
2457696.5 17.6291403634 0 16.1511577895 0
2457697.5 18.917680143 0 17.4145482549 0
2457698.5 18.1047201291 0 16.6164924931 0
2457699.5 18.9556508482 0 17.4517470253 0
2457700.5 19.3020005483 0 17.791740206 0
2457701.5 19.3412216897 0 17.8300780302 0
2457702.5 18.9525060172 0 17.4485167839 0
2457703.5 11.8923515234 0 10.5172886582 0
2457704.5 11.9733083206 0 10.5966535334 0
2457705.5 11.5624714788 0 10.1935978972 0
2457706.5 11.1003465034 0 9.74003256231 0
2457707.5 11.5960944848 0 10.2266596197 0
2457708.5 12.3313055171 0 10.9481900368 0
2457709.5 19.127277498 0 17.6188984891 0
2457710.5 19.6589977244 0 18.1406983306 0
2457711.5 19.3420079535 0 17.8296490302 0
2457712.5 18.5567152263 0 17.0590294627 0
2457713.5 17.847935451 0 16.3631964715 0
2457714.5 14.5580815917 0 13.1339880707 0
2457715.5 14.0889517999 0 12.6734953396 0
2457716.5 13.2448091965 0 11.8449371752 0
2457717.5 13.8471942614 0 12.4362990815 0
2457718.5 13.8061156466 0 12.3959084721 0
2457719.5 16.6203382717 0 15.161097953 0
2457720.5 15.6946618325 0 14.2527216446 0
2457721.5 15.3028241125 0 13.8680935575 0
2457722.5 15.2717706186 0 13.8374724661 0
2457723.5 14.3957951813 0 12.9777305404 0
2457724.5 14.7373969144 0 13.3129685829 0
2457725.5 19.2941937206 0 17.7837851725 0
2457726.5 19.3944050947 0 17.8821104803 0
2457727.5 19.0848260317 0 17.5781334483 0
2457728.5 18.7698827051 0 17.2690906722 0
2457729.5 18.5073237666 0 17.0112720794 0
2457730.5 16.5957512211 0 15.1350611078 0
2457731.5 17.5102312839 0 16.0327551241 0
2457732.5 18.3446151713 0 16.8517829949 0
2457733.5 17.7136514547 0 16.2323292432 0
2457734.5 17.9613616374 0 16.4753729518 0
2457735.5 17.5545431134 0 16.0744283421 0
2457736.5 18.3243074198 0 16.8298187928 0
2457737.5 17.5995161031 0 16.1183048256 0
2457738.5 18.3109005372 0 16.8166389929 0
2457739.5 20.248821906 0 18.7186315239 0
2457740.5 20.0157488137 0 18.4900392125 0
2457741.5 20.1010821426 0 18.5736511144 0
2457742.5 20.8768335171 0 19.3351779792 0
2457743.5 20.6849674743 0 19.1467891857 0
2457744.5 15.7947574013 0 14.3488728203 0
2457745.5 16.0895588313 0 14.6381645056 0
2457746.5 16.5158474979 0 15.0566156276 0
2457747.5 16.2779853499 0 14.8229702903 0
2457748.5 15.735745381 0 14.2907526909 0
2457749.5 14.7133633042 0 13.2888974291 0
2457750.5 14.4644711438 0 13.0445672466 0
2457751.5 15.278441376 0 13.8433328057 0
2457752.5 14.4153961842 0 12.9962482195 0
2457753.5 15.3130872765 0 13.877189923 0
2457754.5 15.5348475754 0 14.0948286772 0
2457755.5 11.4230359825 0 10.061960149 0
2457756.5 12.187674602 0 10.8124698458 0
2457757.5 11.6008347664 0 10.2366361369 0
2457758.5 11.088396376 0 9.73357686954 0
2457759.5 16.9708319872 0 15.507558679 0
2457760.5 16.8565830533 0 15.3953060969 0
2457761.5 16.5662235365 0 15.1104767087 0
2457762.5 15.7210013076 0 14.2808897458 0
2457763.5 16.2981442007 0 14.8472579243 0
2457764.5 20.5541938165 0 19.0252667069 0
2457765.5 19.9927595351 0 18.4743863265 0
2457766.5 20.2160356627 0 18.6935865609 0
2457767.5 21.0544939897 0 19.5163779845 0
2457768.5 13.5972704035 0 12.1996440413 0
2457769.5 14.3368549223 0 12.9255215284 0
2457770.5 13.9423586354 0 12.538218493 0
2457771.5 14.348631452 0 12.93677882 0
2457772.5 14.6634592956 0 13.2455778656 0
2457773.5 17.1428403387 0 15.6808553337 0
2457774.5 16.8145395416 0 15.3584940276 0
2457775.5 16.1149637295 0 14.6720524615 0
2457776.5 15.5761307831 0 14.1431830553 0
2457777.5 20.0075956083 0 18.4935923821 0
2457778.5 20.8603555312 0 19.3305188923 0
2457779.5 20.6505550686 0 19.1244410285 0
2457780.5 20.9406929331 0 19.4090933697 0
2457781.5 20.1380778332 0 18.6214829741 0
2457782.5 21.0546368067 0 19.5196453239 0
2457783.5 21.3032494346 0 19.7637304668 0
2457784.5 21.250675443 0 19.7119550707 0
2457785.5 21.2789715462 0 19.7395327658 0
2457786.5 20.8793959675 0 19.3474367245 0
2457787.5 21.6822870212 0 20.1352905674 0
2457788.5 18.3353845582 0 16.8528281674 0
2457789.5 17.4791086052 0 16.0123388288 0
2457790.5 17.8225811577 0 16.3493148633 0
2457791.5 16.9662149044 0 15.5088538509 0
2457792.5 12.5116887572 0 11.1341832592 0
2457793.5 13.2337647676 0 11.8427402592 0
2457794.5 14.1589732554 0 12.7506179077 0
2457795.5 13.8739222394 0 12.4709036964 0
2457796.5 12.938888904 0 11.5504309337 0
2457797.5 12.7810706731 0 11.3957323183 0
2457798.5 11.9899518276 0 10.6194485146 0
2457799.5 11.7536068435 0 10.3875200071 0
2457800.5 11.6182536517 0 10.2545543989 0
2457801.5 13.595938778 0 12.1983381781 0
2457802.5 13.0140516128 0 11.6271433706 0
2457803.5 13.6952430283 0 12.2956931455 0
2457804.5 14.4406671459 0 13.02720578 0
2457805.5 14.4270590894 0 13.0137392779 0
2457806.5 21.523380998 0 19.9815524355 0
2457807.5 21.1072327773 0 19.5730362819 0
2457808.5 20.4639388131 0 18.9417120209 0
2457809.5 20.3247656005 0 18.8049715764 0
2457810.5 12.7487154117 0 11.3695284404 0
2457811.5 12.2232067835 0 10.8537344741 0
2457812.5 12.7804522522 0 11.4008240883 0
2457813.5 12.043112662 0 10.6770847848 0
2457814.5 11.9717627038 0 10.6069771608 0
2457815.5 11.4239955431 0 10.0695734691 0
2457816.5 11.7081833507 0 10.3473795725 0
2457817.5 10.7857893831 0 9.44197685317 0
2457818.5 11.3853650812 0 10.0303849448 0
2457819.5 11.1896148895 0 9.83811959619 0
2457820.5 10.9294168214 0 9.58270126885 0
2457821.5 10.0326411559 0 8.70270424135 0
2457822.5 12.6387086849 0 11.2630719597 0
2457823.5 12.3535458898 0 10.9830218028 0
2457824.5 11.9463248663 0 10.5832839351 0
2457825.5 12.2013348614 0 10.8337614428 0
2457826.5 14.4994755078 0 13.0917248897 0
2457827.5 14.3112948909 0 12.9070447322 0
2457828.5 13.8606444097 0 12.4646693192 0
2457829.5 14.5361283234 0 13.1276536188 0
2457830.5 13.612220329 0 12.2209659018 0
2457831.5 16.6679861598 0 15.2205337986 0
2457832.5 16.0252275973 0 14.5896846735 0
2457833.5 15.1269979306 0 13.7082518061 0
2457834.5 15.7983457473 0 14.3672786158 0
2457835.5 15.1164898924 0 13.6980227455 0
2457836.5 14.7752213327 0 13.362951934 0
2457837.5 14.4468811733 0 13.0398286218 0
2457838.5 14.0704202058 0 12.6705253194 0
2457839.5 14.1644503681 0 12.7626518777 0
2457840.5 14.8968963865 0 13.4815651316 0
2457841.5 20.5724072514 0 19.0520499584 0
2457842.5 19.8775483828 0 18.3699479578 0
2457843.5 19.880685809 0 18.3732001111 0
2457844.5 20.6258715493 0 19.1046268136 0
2457845.5 19.8719343756 0 18.3648393841 0
2457846.5 20.0203879636 0 18.5105701942 0
2457847.5 17.1604008167 0 15.7012462739 0
2457848.5 17.5119713971 0 16.0464492171 0
2457849.5 17.6964159327 0 16.2275800828 0
2457850.5 16.921231727 0 15.4666671253 0
2457851.5 16.940072523 0 15.4850725316 0
2457852.5 18.8157422134 0 17.3258547281 0
2457853.5 18.9895823524 0 17.4965853063 0
2457854.5 19.6000306252 0 18.0958123059 0
2457855.5 19.2713597494 0 17.7730881472 0
2457856.5 18.5258840437 0 17.0413143251 0
2457857.5 18.9081240596 0 17.4163682313 0
2457858.5 13.5540713845 0 12.1620633824 0
2457859.5 13.6082625051 0 12.2154130872 0
2457860.5 14.1058083254 0 12.7035899684 0
2457861.5 13.7340726622 0 12.3385527476 0
2457862.5 12.9132275703 0 11.5330443019 0
2457863.5 17.1148306295 0 15.6585966412 0
2457864.5 16.5861251442 0 15.1397301712 0
2457865.5 16.1141263483 0 14.6766068043 0
2457866.5 16.5543769147 0 15.1087585662 0
2457867.5 17.0637471249 0 15.6085160265 0
2457868.5 18.8239090861 0 17.3368249146 0
2457869.5 18.0066458786 0 16.5346741808 0
2457870.5 17.2728186372 0 15.8143344543 0
2457871.5 17.1939007822 0 15.7367976087 0
2457872.5 13.632944007 0 12.2410422549 0
2457873.5 13.7829348696 0 12.3881059078 0
2457874.5 14.0143511673 0 12.6151086174 0
2457875.5 14.199309132 0 12.7964439131 0
2457876.5 12.0395793517 0 10.6770049782 0
2457877.5 11.9771739669 0 10.6159508254 0
2457878.5 11.1653869016 0 9.81923276819 0
2457879.5 11.2633972671 0 9.91562560978 0
2457880.5 22.4007906642 0 20.8439913653 0
2457881.5 21.8362508772 0 20.2897525696 0
2457882.5 20.996567929 0 19.4657196252 0
2457883.5 20.3245733547 0 18.8060925075 0
2457884.5 20.0535707298 0 18.5400275761 0
2457885.5 22.4367558226 0 20.8786777155 0
2457886.5 22.6264554497 0 21.0649780009 0
2457887.5 22.6873835369 0 21.1246294618 0
2457888.5 21.9010431451 0 20.3526593993 0
2457889.5 22.8404987506 0 21.2748262539 0
2457890.5 22.3200015046 0 20.7638632371 0
2457891.5 22.1490960562 0 20.5946354185 0
2457892.5 21.5551647423 0 20.0116699903 0
2457893.5 22.0912810753 0 20.5377999986 0
2457894.5 22.1554425695 0 20.6007605258 0
2457895.5 21.4806315686 0 19.9383651638 0
2457896.5 22.4099706427 0 20.8504466296 0
2457897.5 12.1075608377 0 10.7404591449 0
2457898.5 12.2320378468 0 10.8625133223 0
2457899.5 11.6872981483 0 10.3277267922 0
2457900.5 11.304864675 0 9.95227577077 0
2457901.5 11.2587171643 0 9.90710333288 0
2457902.5 11.6661354728 0 10.3068069517 0
2457903.5 19.5770671278 0 18.0702374024 0
2457904.5 20.0609592824 0 18.5452736994 0
2457905.5 20.088559604 0 18.5721886794 0
2457906.5 20.3682319829 0 18.846655187 0
2457907.5 14.4652106393 0 13.0509694552 0
2457908.5 13.8452059693 0 12.4424587048 0
2457909.5 13.1696161384 0 11.7793802906 0
2457910.5 12.8872358222 0 11.5022116129 0
2457911.5 17.6617341361 0 16.1864831472 0
2457912.5 17.334842419 0 15.8657140884 0
2457913.5 17.8773734273 0 16.3981471153 0
2457914.5 17.7852387917 0 16.3077901992 0
2457915.5 16.8847449502 0 15.4241393671 0
2457916.5 17.7632221896 0 16.2862397927 0
2457917.5 20.3157179967 0 18.7941039734 0
2457918.5 20.1372005537 0 18.6189129336 0
2457919.5 20.1898255204 0 18.6703805427 0
2457920.5 19.2476519534 0 17.7455225714 0
2457921.5 19.9505720343 0 18.4355979528 0
2457922.5 19.9792630477 0 18.463856429 0
2457923.5 19.6941055519 0 18.1852311236 0
2457924.5 19.399585121 0 17.896280813 0
2457925.5 20.2113964607 0 18.693246642 0
2457926.5 19.2989854952 0 17.7979158766 0
2457927.5 17.4609845576 0 15.9953474028 0
2457928.5 17.5371898267 0 16.0702995322 0
2457929.5 17.2842793175 0 15.8220519198 0
2457930.5 17.544769876 0 16.0777748419 0
2457931.5 18.4301471988 0 16.9467441897 0
2457932.5 17.8070963426 0 16.3352136585 0
2457933.5 20.6623545751 0 19.1400746138 0
2457934.5 20.6451389307 0 19.1233088029 0
2457935.5 21.3912823969 0 19.8556807325 0
2457936.5 20.7108710257 0 19.1876880573 0
2457937.5 20.5838502052 0 19.062832316 0
2457938.5 12.512934462 0 11.1442441476 0
2457939.5 12.4096029484 0 11.0427891618 0
2457940.5 12.2441481734 0 10.8802771093 0
2457941.5 12.9031981635 0 11.5269979337 0
2457942.5 13.5276227091 0 12.1397325674 0
2457943.5 14.0007287544 0 12.6041205091 0
2457944.5 21.4000562561 0 19.8691242648 0
2457945.5 20.9306418951 0 19.4085472705 0
2457946.5 21.3613795343 0 19.8313426975 0
2457947.5 21.7657778219 0 20.2281489328 0
2457948.5 22.3341525684 0 20.7859615703 0
2457949.5 14.8181220048 0 13.4080946815 0
2457950.5 13.9902015787 0 12.5954954381 0
2457951.5 13.2663388832 0 11.884899592 0
2457952.5 12.7066469668 0 11.3355687487 0
2457953.5 12.5493831608 0 11.1811472504 0
2457954.5 13.3930297687 0 12.008952911 0
2457955.5 15.5898572127 0 14.1622633335 0
2457956.5 15.2643882289 0 13.8428562304 0
2457957.5 15.4014040322 0 13.9772866559 0
2457958.5 15.1238319185 0 13.7047398448 0
2457959.5 14.3728026481 0 12.967643616 0
2457960.5 14.6543917145 0 13.2428593406 0
2457961.5 15.4846946133 0 14.0579291571 0
2457962.5 15.4611598914 0 14.0346969407 0
2457963.5 15.3269588488 0 13.9030901286 0
2457964.5 17.4316453507 0 15.9680181141 0
2457965.5 17.3330180652 0 15.8711079426 0
2457966.5 16.7830748412 0 15.3313703204 0
2457967.5 16.724060207 0 15.2735463497 0
2457968.5 16.6103793082 0 15.1620003098 0
2457969.5 15.9807010146 0 14.5419685038 0
2457970.5 15.4134995731 0 13.9852094455 0
2457971.5 15.3915923827 0 13.9636880228 0
2457972.5 14.4900217404 0 13.0787332919 0
2457973.5 14.5471109979 0 13.1346166771 0
2457974.5 13.0542967447 0 11.6719446308 0
2457975.5 12.7067675397 0 11.3308166104 0
2457976.5 13.5217506737 0 12.1307852339 0
2457977.5 13.1651556406 0 11.7809776475 0
2457978.5 12.4206751871 0 11.0501973416 0
2457979.5 12.8979175205 0 11.5185737132 0
2457980.5 22.2822793385 0 20.730396293 0
2457981.5 22.8062671247 0 21.244866745 0
2457982.5 22.7804062855 0 21.2192865042 0
2457983.5 22.2584539583 0 20.7068625525 0
2457984.5 12.2246962568 0 10.8585862197 0
2457985.5 12.3496223987 0 10.9813085586 0
2457986.5 11.4898974885 0 10.1374686662 0
2457987.5 12.1079224547 0 10.7438355541 0
2457988.5 16.1396611478 0 14.6982814371 0
2457989.5 15.5562103819 0 14.125604036 0
2457990.5 16.4197729007 0 14.9731225463 0
2457991.5 16.902074881 0 15.4465263869 0
2457992.5 20.500612157 0 18.9806833707 0
2457993.5 21.0034914935 0 19.4743502145 0
2457994.5 20.35233688 0 18.8351137639 0
2457995.5 21.0607773167 0 19.5304652209 0
2457996.5 20.1491929945 0 18.6357727926 0
2457997.5 20.9044472258 0 19.3771545908 0
2457998.5 16.3539840874 0 14.91143366 0
2457999.5 16.5987829633 0 15.1515185253 0
2458000.5 17.3994814516 0 15.9373169641 0
2458001.5 17.4451743097 0 15.9823073094 0
2458002.5 21.3358797337 0 19.7997267948 0
2458003.5 21.2287329367 0 19.694679932 0
2458004.5 22.0265184812 0 20.4776336089 0
2458005.5 22.0195720824 0 20.4710071946 0
2458006.5 22.6679643295 0 21.1074275646 0
2458007.5 22.1769179878 0 20.6255639718 0
2458008.5 17.0674920377 0 15.609103415 0
2458009.5 17.4112735621 0 15.9465020248 0
2458010.5 16.894241014 0 15.4389123273 0
2458011.5 16.5136107777 0 15.0652039315 0
2458012.5 19.3397016949 0 17.841755616 0
2458013.5 19.9245940647 0 18.4156624741 0
2458014.5 19.7942117792 0 18.2877244205 0
2458015.5 20.6047862671 0 19.0831214939 0
2458016.5 20.8500128022 0 19.323785631 0
2458017.5 13.6529139796 0 12.2601397223 0
2458018.5 13.4711919741 0 12.0816017876 0
2458019.5 12.65568359 0 11.2810724007 0
2458020.5 12.8368191815 0 11.4589159315 0
2458021.5 12.8034750832 0 11.4261162692 0
2458022.5 12.5807367853 0 11.2074753402 0
2458023.5 18.6316208833 0 17.143510967 0
2458024.5 18.3799015173 0 16.8964656711 0
2458025.5 18.9651273915 0 17.4709861476 0
2458026.5 19.3507412159 0 17.8492703024 0
2458027.5 19.7623818914 0 18.2534206726 0
2458028.5 20.2341912231 0 18.7165490915 0
2458029.5 20.197267407 0 18.6802163679 0
2458030.5 20.6696467172 0 19.1439990667 0
2458031.5 21.3714001601 0 19.8327025153 0
2458032.5 20.6823652326 0 19.1564636709 0
2458033.5 21.5285770395 0 19.9877505972 0
2458034.5 22.2233195381 0 20.6696231795 0
2458035.5 21.5269425448 0 19.9859549508 0
2458036.5 21.2017987087 0 19.6668363194 0
2458037.5 21.8287475481 0 20.2822218342 0
2458038.5 19.6723751889 0 18.1657781021 0
2458039.5 19.6018386868 0 18.0966998067 0
2458040.5 19.8510375011 0 18.3414589471 0
2458041.5 20.2139887132 0 18.6977786142 0
2458042.5 12.6207746129 0 11.245314833 0
2458043.5 13.4764851873 0 12.0851977044 0
2458044.5 13.2169099399 0 11.8303817661 0
2458045.5 13.2247861685 0 11.8380994301 0
2458046.5 20.1395798996 0 18.6242037358 0
2458047.5 20.2092601452 0 18.6924508726 0
2458048.5 20.6825203485 0 19.1570933957 0
2458049.5 20.5185897195 0 18.9962190639 0
2458050.5 21.3026978588 0 19.765672913 0
2458051.5 18.6633688488 0 17.1777076332 0
2458052.5 18.7225010623 0 17.2357673478 0
2458053.5 18.0951394548 0 16.6199254684 0
2458054.5 17.7071390622 0 16.238947906 0
2458055.5 17.1105959508 0 15.6534593989 0
2458056.5 20.3868989919 0 18.8672161723 0
2458057.5 20.8987621217 0 19.3697244662 0
2458058.5 20.5698794854 0 19.0468814361 0
2458059.5 20.0213574191 0 18.5084470661 0
2458060.5 19.1184339259 0 17.6223693311 0
2458061.5 16.674571008 0 15.2231367844 0
2458062.5 17.3598704839 0 15.8957060889 0
2458063.5 17.243643907 0 15.7815649194 0
2458064.5 17.2673673026 0 15.8046825663 0
2458065.5 16.9535345532 0 15.4968255881 0
2458066.5 16.8848410597 0 15.4295436132 0
2458067.5 15.9129353107 0 14.4734620675 0
2458068.5 15.6506778302 0 14.2159841137 0
2458069.5 16.2523574093 0 14.8065384436 0
2458070.5 15.5498116954 0 14.1169911259 0
2458071.5 15.3359076328 0 13.9072121484 0
2458072.5 15.8905262028 0 14.4513779482 0
2458073.5 21.304714092 0 19.7675373254 0
2458074.5 21.3841383145 0 19.8453871827 0
2458075.5 20.9603678085 0 19.4295055132 0
2458076.5 21.4421832165 0 19.902334631 0
2458077.5 13.2965990486 0 11.9091576348 0
2458078.5 12.9465165584 0 11.5654570283 0
2458079.5 12.5052731765 0 11.1322762364 0
2458080.5 12.0429722489 0 10.6786405632 0
2458081.5 12.6946026269 0 11.3180237028 0
2458082.5 12.4509050961 0 11.0788890209 0
2458083.5 11.8248683128 0 10.4662930561 0
2458084.5 11.6213320573 0 10.2664373319 0
2458085.5 12.5354172693 0 11.1637071503 0
2458086.5 13.097190688 0 11.7152091519 0
2458087.5 19.4238495955 0 17.9274928013 0
2458088.5 19.4327871715 0 17.9363624879 0
2458089.5 18.8015256997 0 17.3169151432 0
2458090.5 19.663984222 0 18.1632407942 0
2458091.5 19.3562841524 0 17.8613444621 0
2458092.5 19.1806808184 0 17.6870063299 0
2458093.5 18.9828770351 0 17.4927638492 0
2458094.5 19.8309365707 0 18.3249801332 0
2458095.5 18.9806846446 0 17.4903786188 0
2458096.5 20.3929945107 0 18.8793711477 0
2458097.5 21.2388609047 0 19.7097098444 0
2458098.5 20.5686478681 0 19.0518862697 0
2458099.5 21.3654203762 0 19.833827372 0
2458100.5 21.4736849277 0 19.9420242612 0
2458101.5 22.1017386196 0 20.5583205748 0
2458102.5 22.6407966226 0 21.0872998895 0
2458103.5 22.5717758115 0 21.0196811266 0
2458104.5 21.6041105143 0 20.0698773783 0
2458105.5 21.8665992472 0 20.3277044742 0
2458106.5 22.1345232659 0 20.5906324802 0
2458107.5 22.2585321866 0 20.7122975189 0
2458108.5 22.787906419 0 21.2320428289 0
2458109.5 22.4181590422 0 20.8689709693 0
2458110.5 19.4337599426 0 17.9395558508 0
2458111.5 20.2549845217 0 18.745411926 0
2458112.5 19.7364314863 0 18.2366548704 0
2458113.5 20.379584961 0 18.8678945244 0
2458114.5 12.2284606097 0 10.8681694797 0
2458115.5 13.0147332401 0 11.6397338769 0
2458116.5 13.6876836022 0 12.3001295401 0
2458117.5 12.8919157182 0 11.5190047021 0
2458118.5 22.3533495205 0 20.8034978504 0
2458119.5 22.0992451886 0 20.5540357347 0
2458120.5 22.3253822381 0 20.7759419216 0
2458121.5 21.5919688228 0 20.0561801354 0
2458122.5 20.7090303549 0 19.1896690459 0
2458123.5 18.3769016928 0 16.9035400155 0
2458124.5 18.1035100794 0 16.6353311363 0
2458125.5 17.4113746211 0 15.9558958547 0
2458126.5 16.7240474556 0 15.2811249669 0
2458127.5 14.6127089456 0 13.2065996347 0
2458128.5 15.16911002 0 13.7526313365 0
2458129.5 14.7439277424 0 13.3354333055 0
2458130.5 15.6036588717 0 14.1790769882 0
2458131.5 12.275274296 0 10.9153042077 0
2458132.5 11.3694429685 0 10.026102165 0
2458133.5 10.6147486658 0 9.28528345533 0
2458134.5 10.7234926384 0 9.39199299708 0
2458135.5 11.4723003272 0 10.1268356216 0
2458136.5 16.8412193222 0 15.3983447506 0
2458137.5 16.1419665475 0 14.7121557782 0
2458138.5 15.4295058777 0 14.0128354644 0
2458139.5 16.0048291416 0 14.5776924375 0
2458140.5 15.5049058906 0 14.0868778252 0
2458141.5 12.6750961078 0 11.3078419821 0
2458142.5 11.759892166 0 10.4097510833 0
2458143.5 10.9420551596 0 9.60721748864 0
2458144.5 11.212051639 0 9.87237157923 0
2458145.5 11.4931174554 0 10.1483185157 0
2458146.5 22.3205885382 0 20.7782600651 0
2458147.5 22.8750056505 0 21.3224649351 0
2458148.5 22.1075358769 0 20.5691216416 0
2458149.5 22.0793376177 0 20.5413536084 0
2458150.5 22.7611058108 0 21.2104544268 0
2458151.5 22.8243539169 0 21.2723553459 0
2458152.5 19.6643762901 0 18.1728078156 0
2458153.5 18.7413939321 0 17.2667487848 0
2458154.5 17.9439027357 0 16.4840749854 0
2458155.5 17.2473042956 0 15.800336669 0
2458156.5 18.0907759635 0 16.6282820364 0
2458157.5 18.2789789237 0 16.81280674 0
2458158.5 17.9186066973 0 16.4617676552 0
2458159.5 18.4513465366 0 16.9847738504 0
2458160.5 17.6120913925 0 16.1611938097 0
2458161.5 17.4988855211 0 16.050187059 0
2458162.5 20.6603642702 0 19.155313531 0
2458163.5 20.4788118712 0 18.9771605225 0
2458164.5 20.0685913535 0 18.5747347729 0
2458165.5 20.2933215875 0 18.7952284105 0
2458166.5 20.1223833067 0 18.6275580953 0
2458167.5 14.9377836807 0 13.5417853727 0
2458168.5 14.2674321363 0 12.8837259495 0
2458169.5 14.9462081057 0 13.5497681251 0
2458170.5 15.2041815744 0 13.8028813258 0
2458171.5 16.0872978206 0 14.6696582848 0
2458172.5 15.965515649 0 14.5503058076 0
2458173.5 19.1899877196 0 17.7166730613 0
2458174.5 19.0581498486 0 17.5872723337 0
2458175.5 19.9660448644 0 18.4784437276 0
2458176.5 19.7793407516 0 18.2951891206 0
2458177.5 20.3126307625 0 18.8184031986 0
2458178.5 20.4172881565 0 18.9211459309 0
2458179.5 22.5789692794 0 21.040126619 0
2458180.5 22.069812702 0 20.5404535769 0
2458181.5 22.908961825 0 21.3640965469 0
2458182.5 23.302339432 0 21.7500213937 0
2458183.5 18.8073239018 0 17.3403789345 0
2458184.5 19.6623982697 0 18.1795543928 0
2458185.5 20.0622153677 0 18.5719514455 0
2458186.5 20.6461407361 0 19.1449801775 0
2458187.5 20.5025618905 0 19.004192781 0
2458188.5 16.4962341398 0 15.0744520675 0
2458189.5 15.7759279438 0 14.3675399314 0
2458190.5 16.3474890635 0 14.9286359164 0
2458191.5 15.764887079 0 14.3568442087 0
2458192.5 16.6437454159 0 15.2194036626 0
2458193.5 21.244554799 0 19.7379929599 0
2458194.5 20.8611368721 0 19.3615443219 0
2458195.5 21.2615690263 0 19.7544388618 0
2458196.5 20.875857127 0 19.3758144247 0
2458197.5 21.5030474244 0 19.9912075763 0
2458198.5 13.0849371112 0 11.7272650154 0
2458199.5 13.0693235715 0 11.7119634917 0
2458200.5 12.8120460619 0 11.459293897 0
2458201.5 12.8481718267 0 11.4946987665 0
2458202.5 12.9224029215 0 11.5673717847 0
2458203.5 23.1823216738 0 21.6394935078 0
2458204.5 23.4764675733 0 21.9283037361 0
2458205.5 23.5268874897 0 21.9776436294 0
2458206.5 22.6696762738 0 21.1360803442 0
2458207.5 22.275958637 0 20.748727451 0
2458208.5 22.5666862375 0 21.0341600156 0
2458209.5 21.6887655301 0 20.1724279857 0
2458210.5 21.1244233064 0 19.6186653364 0
2458211.5 20.6037578886 0 19.1074963878 0
2458212.5 14.4180616214 0 13.0343648986 0
2458213.5 14.7573958222 0 13.3673907871 0
2458214.5 14.1885325697 0 12.8091002823 0
2458215.5 14.6569392248 0 13.2689334892 0
2458216.5 15.2632410068 0 13.8641629098 0
2458217.5 15.9782811828 0 14.5658690633 0
2458218.5 18.7072297346 0 17.2457542955 0
2458219.5 18.2365344027 0 16.7839677416 0
2458220.5 18.819452438 0 17.3562636051 0
2458221.5 18.1594620591 0 16.7085342178 0
2458222.5 18.6977576725 0 17.2367313332 0
2458223.5 20.9905763003 0 19.4846691509 0
2458224.5 20.5603692032 0 19.0622517383 0
2458225.5 20.4825810707 0 18.9860373862 0
2458226.5 20.1422649534 0 18.6521801628 0
2458227.5 21.165036329 0 19.6588740091 0
2458228.5 20.8289145259 0 19.3291103651 0
2458229.5 20.0444389796 0 18.5591618883 0
2458230.5 20.6532905439 0 19.1565360632 0
2458231.5 13.6772136774 0 12.3112658127 0
2458232.5 13.2008033338 0 11.8437352324 0
2458233.5 12.9898520518 0 11.6366656738 0
2458234.5 13.8097861719 0 12.4412237757 0
2458235.5 14.2957500343 0 12.918122589 0
2458236.5 15.1505657136 0 13.7572413265 0
2458237.5 23.9859302857 0 22.4289368915 0
2458238.5 24.5308323524 0 22.9639722713 0
2458239.5 23.6590126997 0 22.1083008441 0
2458240.5 23.9371112126 0 22.3812550136 0
2458241.5 23.3209445408 0 21.7766453486 0
2458242.5 23.3852585251 0 21.8397483868 0
2458243.5 23.6677282231 0 22.1178525629 0
2458244.5 23.6666376913 0 22.1168549975 0
2458245.5 23.2802565611 0 21.7377299153 0
2458246.5 24.0074454781 0 22.4515154556 0
2458247.5 24.1062658457 0 22.5486611943 0
2458248.5 24.3063500174 0 22.744918759 0
2458249.5 16.9049732364 0 15.4815746481 0
2458250.5 16.9508016558 0 15.5264016701 0
2458251.5 16.922655973 0 15.4985932215 0
2458252.5 17.8498879906 0 16.4087167956 0
2458253.5 17.0592573353 0 15.6327519777 0
2458254.5 17.6581825827 0 16.2205408444 0
2458255.5 15.8943975398 0 14.4923531572 0
2458256.5 15.9496705377 0 14.5464537143 0
2458257.5 16.246038111 0 14.837240727 0
2458258.5 17.0518381206 0 15.628068275 0
2458259.5 16.2271039541 0 14.8184893772 0
2458260.5 15.4184421114 0 14.0248725856 0
2458261.5 18.9578809465 0 17.4996319978 0
2458262.5 18.9273352305 0 17.4696265031 0
2458263.5 18.8733451155 0 17.4165823694 0
2458264.5 18.861683922 0 17.4051316528 0
2458265.5 18.1593390974 0 16.7159783126 0
2458266.5 13.3834175768 0 12.0258524958 0
2458267.5 12.8713526645 0 11.5231222228 0
2458268.5 12.1721471824 0 10.8369455607 0
2458269.5 12.4885055693 0 11.1474995671 0
2458270.5 23.6332788172 0 22.0856631363 0
2458271.5 23.4689630963 0 21.9241945223 0
2458272.5 24.1182353368 0 22.5615719179 0
2458273.5 24.7116420078 0 23.1440386206 0
2458274.5 25.6254152376 0 24.040983492 0
2458275.5 14.4655543611 0 13.0882988171 0
2458276.5 14.2892063398 0 12.9151400252 0
2458277.5 14.5245939239 0 13.1460226202 0
2458278.5 15.1142852788 0 13.7248361319 0
2458279.5 15.8768369258 0 14.4730944482 0
2458280.5 17.3368921813 0 15.9038504905 0
2458281.5 16.4331547281 0 15.0167151263 0
2458282.5 16.9653380293 0 15.5390959185 0
2458283.5 17.7717951629 0 16.3305899028 0
2458284.5 20.6829068098 0 19.1887197569 0
2458285.5 21.3843737649 0 19.8770596444 0
2458286.5 21.7444698621 0 20.230495949 0
2458287.5 22.3882038537 0 20.8621632811 0
2458288.5 13.6113104221 0 12.2459622092 0
2458289.5 13.2682254345 0 11.9094172538 0
2458290.5 13.3409318769 0 11.9808790801 0
2458291.5 13.0793521736 0 11.7242158922 0
2458292.5 14.0058494177 0 12.6334507219 0
2458293.5 14.837209886 0 13.4492376271 0
2458294.5 18.2229435394 0 16.7733694838 0
2458295.5 18.8890677691 0 17.4272592059 0
2458296.5 19.2358564558 0 17.767666013 0
2458297.5 18.3155559127 0 16.8644131249 0
2458298.5 15.5034400171 0 14.1034037966 0
2458299.5 15.7337995553 0 14.3294018769 0
2458300.5 16.4347303823 0 15.0174609475 0
2458301.5 17.1258908719 0 15.6958748671 0
2458302.5 19.8261303651 0 18.3493260653 0
2458303.5 19.601133147 0 18.1284255639 0
2458304.5 18.95311811 0 17.4925222867 0
2458305.5 19.5327807184 0 18.0614099002 0
2458306.5 20.9690746834 0 19.4702526105 0
2458307.5 20.7512410049 0 19.2564151089 0
2458308.5 20.0629496282 0 18.5809198182 0
2458309.5 19.3119577942 0 17.8437447466 0
2458310.5 20.0435828505 0 18.5619076718 0
2458311.5 20.5442965554 0 19.053205096 0
2458312.5 20.9014267249 0 19.4023847809 0
2458313.5 21.1478454595 0 19.644244599 0
2458314.5 21.3939550216 0 19.8856679452 0
2458315.5 22.2592173599 0 20.7348776703 0
2458316.5 22.0281223113 0 20.5078760006 0
2458317.5 17.3984822838 0 15.9649012968 0
2458318.5 17.5731169474 0 16.1362241042 0
2458319.5 18.3987429917 0 16.9467331013 0
2458320.5 18.7931203755 0 17.3336121809 0
2458321.5 22.661919014 0 21.1305992233 0
2458322.5 23.2591149265 0 21.7166435303 0
2458323.5 24.0715156549 0 22.5141718077 0
2458324.5 24.7249667535 0 23.1557770686 0
2458325.5 24.3946910521 0 22.8314898065 0
2458326.5 24.0763452802 0 22.5190369959 0
2458327.5 22.4272581906 0 20.8983415868 0
2458328.5 21.8087265821 0 20.2911469117 0
2458329.5 22.6805944202 0 21.1470504153 0
2458330.5 21.7870905238 0 20.2701033262 0
2458331.5 21.5876867899 0 20.0745302104 0
2458332.5 18.2986506552 0 16.847961266 0
2458333.5 18.1850082827 0 16.736300203 0
2458334.5 17.6572653204 0 16.218476095 0
2458335.5 17.0243304746 0 15.5971061932 0
2458336.5 16.8911839567 0 15.4663150763 0
2458337.5 16.7541638735 0 15.3316415771 0
2458338.5 18.7252052159 0 17.2673813241 0
2458339.5 19.6320153741 0 18.1574732648 0
2458340.5 20.4801693172 0 18.9899171875 0
2458341.5 19.6503093649 0 18.1755660239 0
2458342.5 17.8080966244 0 16.3694326203 0
2458343.5 17.3326718029 0 15.9028145981 0
2458344.5 18.0205364357 0 16.5779844008 0
2458345.5 17.6743464857 0 16.2382867346 0
2458346.5 17.009550553 0 15.5856498445 0
2458347.5 23.2823828309 0 21.739682072 0
2458348.5 23.1084388222 0 21.5688758125 0
2458349.5 22.3769549433 0 20.8510351633 0
2458350.5 22.4487301085 0 20.9214037687 0
2458351.5 22.0563917937 0 20.5335664748 0
2458352.5 22.2083669259 0 20.682719874 0
2458353.5 22.1081752042 0 20.5843509321 0
2458354.5 21.7995589018 0 20.2814257422 0
2458355.5 22.4258132547 0 20.8962259845 0
2458356.5 22.3017447304 0 20.7746547221 0
2458357.5 22.8375933925 0 21.3005821201 0
2458358.5 23.1708379488 0 21.627508372 0
2458359.5 22.977283716 0 21.4373364046 0
2458360.5 23.2786559123 0 21.733149553 0
2458361.5 22.7609442559 0 21.2257019998 0
2458362.5 23.2820197592 0 21.7373044074 0
2458363.5 24.2185956392 0 22.6567897941 0
2458364.5 23.4668781834 0 21.9189373577 0
2458365.5 21.5665580487 0 20.0519257897 0
2458366.5 21.318679678 0 19.8086173342 0
2458367.5 21.7058453884 0 20.1884910168 0
2458368.5 21.9468231162 0 20.4249301051 0
2458369.5 21.4849574776 0 19.9717179119 0
2458370.5 15.8008205549 0 14.392591641 0
2458371.5 15.1596589098 0 13.7632714422 0
2458372.5 15.3059940736 0 13.9070232717 0
2458373.5 16.1238160789 0 14.7095635959 0
2458374.5 16.4206431956 0 15.0010655213 0
2458375.5 16.1028024608 0 14.6890329198 0
2458376.5 21.9603524609 0 20.4410052156 0
2458377.5 21.9810137073 0 20.4611220371 0
2458378.5 21.2732845223 0 19.7663564802 0
2458379.5 20.8685178387 0 19.3690957876 0
2458380.5 21.377453987 0 19.8684834684 0
2458381.5 15.5903285527 0 14.191598994 0
2458382.5 16.2035299329 0 14.7933758076 0
2458383.5 15.5172853363 0 14.1199718105 0
2458384.5 15.9254618479 0 14.5205595141 0
2458385.5 15.8675515504 0 14.4637268513 0
2458386.5 24.1376367425 0 22.5788520539 0
2458387.5 25.0733343779 0 23.4974790551 0
2458388.5 25.0769445981 0 23.5009360412 0
2458389.5 24.1659884001 0 22.6068095078 0
2458390.5 23.4266554439 0 21.8811267108 0
2458391.5 22.5066529959 0 20.9779906413 0
2458392.5 15.7880070655 0 14.3819958819 0
2458393.5 16.242061089 0 14.8275725879 0
2458394.5 16.6924465551 0 15.2697094862 0
2458395.5 16.9178501017 0 15.4908352953 0
2458396.5 16.6364980316 0 15.2147222913 0
2458397.5 17.3918547164 0 15.9559890838 0
2458398.5 20.4891156715 0 18.9982294495 0
2458399.5 20.4563473824 0 18.9661751764 0
2458400.5 21.3828042834 0 19.8753227195 0
2458401.5 20.814875903 0 19.3178593715 0
2458402.5 18.600773748 0 17.1455942744 0
2458403.5 19.1223432021 0 17.6574119098 0
2458404.5 18.2840506814 0 16.8346660471 0
2458405.5 17.5738574579 0 16.1377519185 0
2458406.5 16.8316006863 0 15.4093142768 0
2458407.5 15.9549012115 0 14.549032919 0
2458408.5 14.5728157552 0 13.1945304966 0
2458409.5 13.6400439554 0 12.2789155286 0
2458410.5 12.9120037651 0 11.5644190409 0
2458411.5 12.2584835106 0 10.9230005881 0
2458412.5 12.2650369956 0 10.9293547223 0
2458413.5 13.8944612352 0 12.5260759185 0
2458414.5 14.2075839969 0 12.8334872136 0
2458415.5 13.9065428953 0 12.5381193047 0
2458416.5 13.1844674921 0 11.8293567987 0
2458417.5 12.2517136321 0 10.9138798812 0
2458418.5 14.0503779586 0 12.6777693961 0
2458419.5 13.6965450529 0 12.3303439169 0
2458420.5 13.2004853732 0 11.8434096015 0
2458421.5 13.0359877007 0 11.6818075682 0
2458422.5 12.4237567283 0 11.0808927864 0
2458423.5 12.3229195603 0 10.9819258305 0
2458424.5 14.7829805569 0 13.3957050979 0
2458425.5 15.6425363178 0 14.2394454722 0
2458426.5 16.2417795928 0 14.8274892237 0
2458427.5 15.7768983861 0 14.3712609452 0
2458428.5 15.8356953602 0 14.4314775625 0
2458429.5 14.9354485804 0 13.5480275834 0
2458430.5 14.1178059879 0 12.7457104382 0
2458431.5 13.233560973 0 11.8777236834 0
2458432.5 13.8398642757 0 12.4727063649 0
2458433.5 21.0373988875 0 19.5362862707 0
2458434.5 20.4219983103 0 18.9321659268 0
2458435.5 20.3735406223 0 18.8844557571 0
2458436.5 21.0947489414 0 19.5923344663 0
2458437.5 20.6068772803 0 19.1136168324 0
2458438.5 22.4713075556 0 20.9430634598 0
2458439.5 22.6104400474 0 21.0795091883 0
2458440.5 23.4435666667 0 21.8972549765 0
2458441.5 22.7053909414 0 21.172540833 0
2458442.5 22.4306232846 0 20.905572677 0
2458443.5 22.248990056 0 20.727428782 0
2458444.5 21.4981094894 0 19.9902720844 0
2458445.5 21.2413469263 0 19.7382488739 0
2458446.5 20.5873815997 0 19.0965313941 0
2458447.5 17.5450951011 0 16.1093737426 0
2458448.5 17.2796588919 0 15.8489534336 0
2458449.5 17.482226202 0 16.0476183153 0
2458450.5 17.5226792384 0 16.0874864033 0
2458451.5 17.4901634086 0 16.0557283422 0
2458452.5 17.3114839209 0 15.880519677 0
2458453.5 21.2119342778 0 19.7108514264 0
2458454.5 20.6704328075 0 19.1794665052 0
2458455.5 21.0313444687 0 19.5336071135 0
2458456.5 21.0043969498 0 19.507290227 0
2458457.5 21.260224124 0 19.7583566154 0
2458458.5 21.561971176 0 20.0547184885 0
2458459.5 15.7239459918 0 14.3260261932 0
2458460.5 16.0296965327 0 14.6262117062 0
2458461.5 15.7607419182 0 14.3624232987 0
2458462.5 15.2580475309 0 13.8690747113 0
2458463.5 15.4059878745 0 14.0143629931 0
2458464.5 14.283264472 0 12.9099729578 0
2458465.5 14.4341222165 0 13.0579235461 0
2458466.5 14.9969869238 0 13.610248217 0
2458467.5 14.10917035 0 12.7390103867 0
2458468.5 13.7361551108 0 12.372983767 0
2458469.5 13.9680693651 0 12.6005105282 0
2458470.5 22.1853830874 0 20.6683291898 0
2458471.5 21.9756704011 0 20.4625680801 0
2458472.5 22.8486375477 0 21.3192039386 0
2458473.5 22.3036884917 0 20.7841830219 0
2458474.5 16.4343307615 0 15.0263140512 0
2458475.5 16.0866398113 0 14.6848793914 0
2458476.5 16.771862112 0 15.3574370382 0
2458477.5 16.727044425 0 15.3133783465 0
2458478.5 16.9469268384 0 15.5293223453 0
2458479.5 21.0055125639 0 19.5122942513 0
2458480.5 20.3375065681 0 18.8568144597 0
2458481.5 19.7014428931 0 18.2325267979 0
2458482.5 20.4713595955 0 18.9880961095 0
2458483.5 19.954414153 0 18.4809100121 0
2458484.5 20.171896928 0 18.6944699349 0
2458485.5 13.9917636315 0 12.630576596 0
2458486.5 14.4304085229 0 13.0610932902 0
2458487.5 14.0908116665 0 12.7276918144 0
2458488.5 13.8167439739 0 12.4588645691 0
2458489.5 13.2650210577 0 11.9172633978 0
2458490.5 16.4749821676 0 15.0670436181 0
2458491.5 17.3775687516 0 15.9529337187 0
2458492.5 16.6121027735 0 15.2016634585 0
2458493.5 16.3333264988 0 14.9282252606 0
2458494.5 16.9879466388 0 15.5707566835 0
2458495.5 22.7066632525 0 21.1859819735 0
2458496.5 23.5014080913 0 21.9660050803 0
2458497.5 23.8614198608 0 22.3194138688 0
2458498.5 23.9019687598 0 22.3591388033 0
2458499.5 23.763757791 0 22.2235349825 0
2458500.5 19.0414441272 0 17.5890787583 0
2458501.5 19.9479205259 0 18.4786996244 0
2458502.5 19.7989812977 0 18.3323718627 0
2458503.5 19.3527677496 0 17.8945797327 0
2458504.5 18.5012688302 0 17.059023676 0
2458505.5 19.3965011682 0 17.9377178982 0
2458506.5 20.0209182401 0 18.54805723 0
2458507.5 20.5064554478 0 19.0247315152 0
2458508.5 19.573483334 0 18.1089243876 0
2458509.5 19.5675277588 0 18.1032539998 0
2458510.5 19.4213355815 0 17.9598757399 0
2458511.5 22.2217790106 0 20.7079446623 0
2458512.5 22.4908554611 0 20.9720065586 0
2458513.5 22.2933174663 0 20.7781117708 0
2458514.5 21.5997524664 0 20.0974343688 0
2458515.5 21.3272996558 0 19.8293896626 0
2458516.5 21.2029133177 0 19.7074112021 0
2458517.5 21.5034471428 0 20.0025130196 0
2458518.5 22.2487402123 0 20.7339308192 0
2458519.5 21.662944645 0 20.1589584536 0
2458520.5 21.3710987944 0 19.8724903205 0
2458521.5 16.9133790951 0 15.4966282946 0
2458522.5 17.2351418965 0 15.812338601 0
2458523.5 17.3235478572 0 15.8990898693 0
2458524.5 17.9433636082 0 16.5076008605 0
2458525.5 17.953589777 0 16.5178111063 0
2458526.5 17.4284315856 0 16.0025799573 0
2458527.5 19.0259619653 0 17.5706838155 0
2458528.5 18.2899390956 0 16.8482412045 0
2458529.5 18.9272034504 0 17.4738239558 0
2458530.5 18.4342728061 0 16.9901547906 0
2458531.5 21.635827232 0 20.130105882 0
2458532.5 21.829971663 0 20.3206280562 0
2458533.5 21.2485461259 0 19.7499356747 0
2458534.5 21.7992416971 0 20.2903303488 0
2458535.5 22.7279990389 0 21.201924505 0
2458536.5 15.9020353365 0 14.5004311159 0
2458537.5 15.6688889386 0 14.2717344177 0
2458538.5 15.3627771917 0 13.9714958442 0
2458539.5 16.1314001603 0 14.7257078045 0
2458540.5 15.4377973559 0 14.0447929688 0
2458541.5 15.6038309738 0 14.2077472815 0
2458542.5 16.4730113798 0 15.062540686 0
2458543.5 16.7423599413 0 15.3270903235 0
2458544.5 16.571798233 0 15.1597831807 0
2458545.5 16.700999846 0 15.2864235005 0
2458546.5 17.4910621938 0 16.0635870512 0
2458547.5 17.5050923001 0 16.077396381 0
2458548.5 17.9795190037 0 16.5428645268 0
2458549.5 18.6595884461 0 17.2102784067 0
2458550.5 18.7650019439 0 17.3139372328 0
2458551.5 18.3019330389 0 16.8595344608 0
2458552.5 24.3221863109 0 22.7659077716 0
2458553.5 24.9562688838 0 23.3881614909 0
2458554.5 24.8759017086 0 23.3092605085 0
2458555.5 24.0380966296 0 22.4870100964 0
2458556.5 23.7013698629 0 22.1572060232 0
2458557.5 22.854265309 0 21.3256139064 0
2458558.5 22.550296757 0 21.0271298977 0
2458559.5 23.339395245 0 21.8015411086 0
2458560.5 17.0143414866 0 15.5937813072 0
2458561.5 16.5900022494 0 15.1773327441 0
2458562.5 16.7175478457 0 15.3024822042 0
2458563.5 16.71672902 0 15.3017859511 0
2458564.5 17.4246639563 0 15.9966418785 0
2458565.5 15.4071050739 0 14.0156405009 0
2458566.5 14.888147044 0 13.5063360369 0
2458567.5 14.6219807814 0 13.2451764248 0
2458568.5 13.7072406272 0 12.3472588675 0
2458569.5 14.3425310633 0 12.9709245989 0
2458570.5 13.9634970034 0 12.5989762355 0
2458571.5 20.1383988249 0 18.6611191479 0
2458572.5 20.5432715884 0 19.0583049066 0
2458573.5 21.450030956 0 19.9483324887 0
2458574.5 21.0054308813 0 19.5118890071 0
2458575.5 18.2350894047 0 16.7951400611 0
2458576.5 17.3772099274 0 15.953015202 0
2458577.5 16.9572374462 0 15.5407406411 0
2458578.5 17.5478644762 0 16.1202227844 0
2458579.5 21.667605783 0 20.1658716065 0
2458580.5 22.3861801282 0 20.8709878199 0
2458581.5 22.6480816822 0 21.1279842183 0
2458582.5 23.3643135999 0 21.8311631482 0
2458583.5 14.1993891127 0 12.8355379922 0
2458584.5 13.6272363896 0 12.273948344 0
2458585.5 13.7946565658 0 12.4381425841 0
2458586.5 13.6138628114 0 12.2607431624 0
2458587.5 13.230762083 0 11.8848250408 0
2458588.5 22.9765852787 0 21.4472444388 0
2458589.5 23.8603076281 0 22.3147818692 0
2458590.5 24.0446947763 0 22.49588094 0
2458591.5 23.9943959944 0 22.4464385461 0
2458592.5 23.8858532969 0 22.3399628557 0
2458593.5 20.8164806821 0 19.3303266861 0
2458594.5 21.1122006718 0 19.6206777337 0
2458595.5 20.8013777901 0 19.3154563961 0
2458596.5 21.3314714806 0 19.8355858973 0
2458597.5 21.268266963 0 19.7734670615 0
2458598.5 21.6943695605 0 20.1915668719 0
2458599.5 24.4156002544 0 22.865771958 0
2458600.5 24.9315321933 0 23.3721430985 0
2458601.5 25.0386834043 0 23.4775187772 0
2458602.5 24.6819495931 0 23.1272139697 0
2458603.5 24.7969018477 0 23.2400031381 0
2458604.5 18.2819439022 0 16.8437945564 0
2458605.5 17.9920298587 0 16.5592690432 0
2458606.5 18.348014589 0 16.9086669228 0
2458607.5 19.0671818584 0 17.6145609427 0
2458608.5 15.600485651 0 14.2095513255 0
2458609.5 15.7645464961 0 14.3705863778 0
2458610.5 16.6612343948 0 15.2507627503 0
2458611.5 16.0998617187 0 14.6998243689 0
2458612.5 15.2963035449 0 13.9111200538 0
2458613.5 15.296511108 0 13.9113339433 0
2458614.5 23.3739674413 0 21.8410145613 0
2458615.5 22.787351997 0 21.2651506 0
2458616.5 22.4631370297 0 20.9469702065 0
2458617.5 21.5807843269 0 20.080848834 0
2458618.5 21.8202734824 0 20.3147391081 0
2458619.5 21.6892207957 0 20.1860347615 0
2458620.5 20.8442805398 0 19.3566640948 0
2458621.5 20.1577208415 0 18.6828083932 0
2458622.5 19.2324104322 0 17.7745929382 0
2458623.5 16.0851580182 0 14.6861081699 0
2458624.5 16.4624100448 0 15.0561811644 0
2458625.5 17.0888576125 0 15.6711938809 0
2458626.5 16.8710163737 0 15.4573096682 0
2458627.5 16.8211934507 0 15.408257897 0
2458628.5 17.3939894949 0 15.9705810383 0
2458629.5 22.6237001356 0 21.1043475784 0
2458630.5 21.9801086604 0 20.472723692 0
2458631.5 22.4719644118 0 20.9556465849 0
2458632.5 22.6683226796 0 21.1483746661 0
2458633.5 23.3850438445 0 21.85185053 0
2458634.5 15.7127388944 0 14.3211777629 0
2458635.5 15.2000182372 0 13.8178855378 0
2458636.5 14.7894774308 0 13.4148045984 0
2458637.5 14.2274041063 0 12.8629696494 0
2458638.5 16.5727878359 0 15.1677087271 0
2458639.5 16.3805693036 0 14.9789137196 0
2458640.5 17.2224699595 0 15.8052862369 0
2458641.5 16.7225242127 0 15.3145287565 0
2458642.5 17.5791620753 0 16.1551432649 0
2458643.5 17.6204230021 0 16.1955225086 0
2458644.5 23.3420749326 0 21.8140903518 0
2458645.5 23.3088629521 0 21.7813030019 0
2458646.5 22.8277126966 0 21.3089249201 0
2458647.5 23.271472219 0 21.7444233034 0
2458648.5 23.7120867836 0 22.1770502275 0
2458649.5 22.0877050921 0 20.5842640832 0
2458650.5 22.312346745 0 20.8048999311 0
2458651.5 21.5247200182 0 20.0320410465 0
2458652.5 21.6402757628 0 20.145650377 0
2458653.5 21.664667151 0 20.1695198963 0
2458654.5 22.0250726403 0 20.523162519 0
2458655.5 17.3525331186 0 15.9391983121 0
2458656.5 18.2620407567 0 16.8317637818 0
2458657.5 18.534873423 0 17.0994403683 0
2458658.5 18.3432255665 0 16.9114339344 0
2458659.5 17.7730994568 0 16.3520583898 0
2458660.5 19.2110181406 0 17.7640771811 0
2458661.5 19.7092827873 0 18.2531142997 0
2458662.5 20.6489602324 0 19.1755201951 0
2458663.5 19.8494550921 0 18.3910011946 0
2458664.5 19.0154585341 0 17.5725376938 0
2458665.5 25.0617713029 0 23.5045692034 0
2458666.5 25.2125708448 0 23.652766737 0
2458667.5 24.5990628023 0 23.0505624853 0
2458668.5 24.8921810558 0 23.3381974375 0
2458669.5 25.1182107591 0 23.5601723664 0
2458670.5 24.6287941412 0 23.0797069312 0
2458671.5 21.8727752291 0 20.3719544487 0
2458672.5 21.5976364961 0 20.1019928436 0
2458673.5 20.818647084 0 19.337277659 0
2458674.5 20.6934914858 0 19.2146180224 0
2458675.5 20.2650934713 0 18.7941847881 0
2458676.5 22.8122375496 0 21.295338305 0
2458677.5 23.3377668319 0 21.8109869024 0
2458678.5 23.1185548977 0 21.5957153429 0
2458679.5 22.7824539029 0 21.2657436862 0
2458680.5 22.4026700919 0 20.8929151036 0
2458681.5 21.9524350608 0 20.4511217367 0
2458682.5 15.4322887573 0 14.0507678617 0
2458683.5 15.43716884 0 14.0553825982 0
2458684.5 14.5540967286 0 13.1886355356 0
2458685.5 15.1734964861 0 13.7965156257 0
2458686.5 19.3758211458 0 17.9214419359 0
2458687.5 19.2245092572 0 17.7730701358 0
2458688.5 18.4863570395 0 17.0485170175 0
2458689.5 17.7957612149 0 16.3705438862 0
2458690.5 17.3745650782 0 15.9573048335 0
2458691.5 18.1341642697 0 16.700710684 0
2458692.5 17.5615503153 0 16.1389043059 0
2458693.5 16.6501159484 0 15.2442532807 0
2458694.5 15.7302926855 0 14.341421754 0
2458695.5 15.7282672 0 14.3394895381 0
2458696.5 16.3648977497 0 14.9644475863 0
2458697.5 24.2173234123 0 22.6742071523 0
2458698.5 24.5266462512 0 22.9778549626 0
2458699.5 24.6561953855 0 23.1051543636 0
2458700.5 24.5373578021 0 22.9884170748 0
2458701.5 25.0047129721 0 23.4475214812 0
2458702.5 25.1993497051 0 23.6385423493 0
2458703.5 25.0357941263 0 23.4780783034 0
2458704.5 24.3785301026 0 22.8329661237 0
2458705.5 20.2577751886 0 18.7869304744 0
2458706.5 20.0082932857 0 18.5421649454 0
2458707.5 19.2369822942 0 17.7853242181 0
2458708.5 18.3561820032 0 16.9208941092 0
2458709.5 18.4713579764 0 17.0337752948 0
2458710.5 19.3914467512 0 17.9368617809 0
2458711.5 17.0668288601 0 15.6526470745 0
2458712.5 17.1703521008 0 15.7540893439 0
2458713.5 17.6719531513 0 16.2464220031 0
2458714.5 18.1684571931 0 16.7337910677 0
2458715.5 17.3856474238 0 15.9653320465 0
2458716.5 17.8188198596 0 16.3905197175 0
2458717.5 15.1967434539 0 13.8187371038 0
2458718.5 14.892317715 0 13.5198455453 0
2458719.5 15.6502692717 0 14.2639259269 0
2458720.5 16.3107112825 0 14.9120492563 0
2458721.5 21.1414889201 0 19.6550916446 0
2458722.5 21.4870953045 0 19.9941992347 0
2458723.5 22.2840345692 0 20.7763555685 0
2458724.5 21.9615056256 0 20.4597192035 0
2458725.5 21.1803908878 0 19.692936427 0
2458726.5 21.1653821376 0 19.6783282991 0
2458727.5 22.6623462314 0 21.1501626845 0
2458728.5 23.1649410883 0 21.643448907 0
2458729.5 22.8516307368 0 21.3360949117 0
2458730.5 23.2077612839 0 21.6855147774 0
2458731.5 14.9974081865 0 13.6265007197 0
2458732.5 15.1417100915 0 13.768176882 0
2458733.5 14.4667901366 0 13.1059738358 0
2458734.5 15.1563677664 0 13.7827986211 0
2458735.5 14.822202215 0 13.4549401949 0
2458736.5 15.3270850408 0 13.9504843019 0
2458737.5 19.0336442409 0 17.5869171726 0
2458738.5 18.9390766894 0 17.4940847659 0
2458739.5 18.8918386188 0 17.4478636087 0
2458740.5 17.967241494 0 16.5405800355 0
2458741.5 14.5014328381 0 13.1386018281 0
2458742.5 15.2833426441 0 13.9060131806 0
2458743.5 14.9403334403 0 13.5692813333 0
2458744.5 14.4010218825 0 13.0400598133 0
2458745.5 24.9711436679 0 23.4156551562 0
2458746.5 25.7217051763 0 24.1525944703 0
2458747.5 24.89045807 0 23.3366979865 0
2458748.5 25.2875427156 0 23.7265312623 0
2458749.5 15.4575858276 0 14.075733333 0
2458750.5 16.2834198407 0 14.8860530374 0
2458751.5 15.4490577105 0 14.0670921953 0
2458752.5 15.4761586209 0 14.093676952 0
2458753.5 15.2197455044 0 13.8418540102 0
2458754.5 14.8752898096 0 13.5037560999 0
2458755.5 19.3528849991 0 17.8984320347 0
2458756.5 19.0094937836 0 17.5612092116 0
2458757.5 19.5418588533 0 18.0838563397 0
2458758.5 18.7277432116 0 17.2846808243 0
2458759.5 20.5244416028 0 19.0486524742 0
2458760.5 21.453055188 0 19.9602547558 0
2458761.5 22.1219286601 0 20.6165474237 0
2458762.5 22.6477308206 0 21.1326256323 0
2458763.5 22.5943400164 0 21.0803452439 0
2458764.5 23.078636161 0 21.5555099663 0
2458765.5 16.9288553746 0 15.5175273405 0
2458766.5 16.0405186344 0 14.6457211863 0
2458767.5 16.1995801283 0 14.8019437448 0
2458768.5 16.4677042765 0 15.0652408262 0
2458769.5 17.0307928851 0 15.6177837988 0
2458770.5 16.6747969297 0 15.2670025553 0
2458771.5 15.8717998756 0 14.4788442046 0
2458772.5 16.2708899161 0 14.8705843063 0
2458773.5 15.9816546918 0 14.5866309542 0
2458774.5 19.8320075119 0 18.3639880014 0
2458775.5 19.9677562106 0 18.4973645104 0
2458776.5 19.1764991991 0 17.7207513186 0
2458777.5 19.9462876693 0 18.4764601008 0
2458778.5 20.42159417 0 18.9430630556 0
2458779.5 20.7146183695 0 19.2307604745 0
2458780.5 22.5958323072 0 21.0749927793 0
2458781.5 23.5145536122 0 21.9765536529 0
2458782.5 23.1162838458 0 21.5854791348 0
2458783.5 22.2443600695 0 20.7297516195 0
2458784.5 22.2186181945 0 20.7046329978 0
2458785.5 17.557669972 0 16.1309942332 0
2458786.5 16.9694230868 0 15.5535256531 0
2458787.5 17.5096986413 0 16.0835948832 0
2458788.5 17.7981307494 0 16.366511487 0
2458789.5 18.0482136263 0 16.6119379227 0
2458790.5 19.6083084133 0 18.1413073154 0
2458791.5 20.0391871235 0 18.5641418285 0
2458792.5 19.4772987431 0 18.0128184828 0
2458793.5 19.7051745154 0 18.2362781056 0
2458794.5 14.5931305921 0 13.2191282367 0
2458795.5 14.7045292184 0 13.3283692924 0
2458796.5 14.9354209579 0 13.5550788554 0
2458797.5 13.9969666495 0 12.633897341 0
2458798.5 14.9192248693 0 13.5391988001 0
2458799.5 14.5357926732 0 13.1626831495 0
2458800.5 14.4659274025 0 13.0930399707 0
2458801.5 14.7966731441 0 13.4175908156 0
2458802.5 15.6048435015 0 14.2109184015 0
2458803.5 14.7934521048 0 13.414564081 0
2458804.5 15.2942551502 0 13.9061634252 0
2458805.5 14.4592242723 0 13.08646702 0
2458806.5 19.669080977 0 18.1978587252 0
2458807.5 19.5174759839 0 18.0491924953 0
2458808.5 19.8087884788 0 18.3350900112 0
2458809.5 19.7186567368 0 18.2467323225 0
2458810.5 20.2070821695 0 18.7262819803 0
2458811.5 18.1228045059 0 16.6815541263 0
2458812.5 17.8758066652 0 16.4392417979 0
2458813.5 17.005721675 0 15.58523823 0
2458814.5 16.5967161297 0 15.1838515201 0
2458815.5 17.068572208 0 15.6471265202 0
2458816.5 17.0511592991 0 15.6299691628 0
2458817.5 20.3784297058 0 18.896394153 0
2458818.5 20.9444784172 0 19.4518444451 0
2458819.5 21.5720614846 0 20.0679987882 0
2458820.5 22.1387645239 0 20.6242343931 0
2458821.5 18.8622948571 0 17.4068920525 0
2458822.5 18.9311804594 0 17.4744367353 0
2458823.5 19.6710215005 0 18.2007273543 0
2458824.5 19.607813503 0 18.1386968493 0
2458825.5 19.2247612318 0 17.7628315289 0
2458826.5 16.9351194162 0 15.5151161783 0
2458827.5 16.3893659669 0 14.9793344181 0
2458828.5 17.017503831 0 15.5957702053 0
2458829.5 16.1261799398 0 14.7208777396 0
2458830.5 14.4579845514 0 13.0833500808 0
2458831.5 13.9439850685 0 12.5789298136 0
2458832.5 14.5528452821 0 13.1765831543 0
2458833.5 15.2514732925 0 13.8623245562 0
2458834.5 16.0473291276 0 14.6434030758 0
2458835.5 16.103437043 0 14.698418772 0
2458836.5 16.2290474415 0 14.8206713742 0
2458837.5 15.7732187633 0 14.3731110078 0
2458838.5 15.6898285302 0 14.2912268042 0
2458839.5 16.23848715 0 14.8296290756 0
2458840.5 16.1271189555 0 14.7204294827 0
2458841.5 15.3434954776 0 13.9511580643 0
2458842.5 16.2323738333 0 14.823573698 0
2458843.5 15.9995685551 0 14.5951313163 0
2458844.5 16.7376034828 0 15.3195033729 0
2458845.5 24.5853318291 0 23.0250568805 0
2458846.5 24.5217665863 0 22.9627878797 0
2458847.5 25.3685953922 0 23.7940456904 0
2458848.5 26.0703399774 0 24.4831511299 0
2458849.5 26.7724224788 0 25.1728936065 0
2458850.5 18.1085397973 0 16.6678564939 0
2458851.5 18.6545041521 0 17.2038958767 0
2458852.5 18.4302464269 0 16.9839540869 0
2458853.5 18.5418667188 0 17.0933127311 0
2458854.5 20.0136381085 0 18.5397913246 0
2458855.5 19.6310495462 0 18.1642422344 0
2458856.5 19.9817328486 0 18.5084712536 0
2458857.5 19.639378115 0 18.1723085602 0
2458858.5 20.184996727 0 18.7078128084 0
2458859.5 14.0189422421 0 12.6542262956 0
2458860.5 13.4988523559 0 12.143833923 0
2458861.5 12.6501594383 0 11.3108162192 0
2458862.5 13.2590847796 0 11.9083256339 0
2458863.5 14.1148999431 0 12.7482569228 0
2458864.5 18.8264093011 0 17.3736078971 0
2458865.5 18.0791296761 0 16.6402688768 0
2458866.5 18.4070339549 0 16.9620631523 0
2458867.5 18.3604310738 0 16.9164219931 0
2458868.5 17.979189604 0 16.542266663 0
2458869.5 18.2076166868 0 16.7663135128 0
2458870.5 21.9440478287 0 20.431770393 0
2458871.5 21.7580404066 0 20.249066746 0
2458872.5 22.3500516533 0 20.8300816072 0
2458873.5 23.2833501268 0 21.7460979668 0
2458874.5 23.3730263779 0 21.8342119829 0
2458875.5 24.1710081764 0 22.6173169615 0
2458876.5 16.8289611273 0 15.409769294 0
2458877.5 16.4312076411 0 15.0193029878 0
2458878.5 16.8671931411 0 15.4473283589 0
2458879.5 17.7160686498 0 16.2803024626 0
2458880.5 18.2875853683 0 16.8386466391 0
2458881.5 18.8228078021 0 17.3641435263 0
2458882.5 18.1215287229 0 16.6756822848 0
2458883.5 18.2448643914 0 16.7969312356 0
2458884.5 18.9500507704 0 17.4889042086 0
2458885.5 18.4447961556 0 16.9928430444 0
2458886.5 15.2942735164 0 13.9014278508 0
2458887.5 14.860970363 0 13.4761516367 0
2458888.5 14.1561402112 0 12.7842017849 0
2458889.5 14.3842054166 0 13.0081843992 0
2458890.5 15.0435479277 0 13.6552839076 0
2458891.5 14.7613164362 0 13.3784365343 0
2458892.5 22.351108494 0 20.8250000958 0
2458893.5 22.3423556115 0 20.8163560905 0
2458894.5 21.5994322026 0 20.0873069266 0
2458895.5 20.8373821799 0 19.339535039 0
2458896.5 20.8959506418 0 19.3971234896 0
2458897.5 21.5011181008 0 19.9910298892 0
2458898.5 16.2575935883 0 14.8450689592 0
2458899.5 15.7790961837 0 14.3756464092 0
2458900.5 16.6702393693 0 15.2502708564 0
2458901.5 16.8497475593 0 15.4266352164 0
2458902.5 16.6282864144 0 15.2093736354 0
2458903.5 18.0780567012 0 16.6308676694 0
2458904.5 17.1687200154 0 15.7383102469 0
2458905.5 17.0750861719 0 15.6463017881 0
2458906.5 16.5826554303 0 15.1631399733 0
2458907.5 17.50133943 0 16.0646659166 0
2458908.5 18.6425619338 0 17.1870941483 0
2458909.5 17.9052398231 0 16.4635237525 0
2458910.5 18.6114787427 0 17.1564778261 0
2458911.5 18.9887897786 0 17.526747629 0
2458912.5 19.6706366454 0 18.1960280089 0
2458913.5 14.2903911703 0 12.9157575062 0
2458914.5 13.7484758376 0 12.3837445302 0
2458915.5 14.4138940905 0 13.0367430506 0
2458916.5 13.8241855007 0 12.4579868129 0
2458917.5 17.7586484953 0 16.3171971681 0
2458918.5 18.2458827664 0 16.7952989048 0
2458919.5 17.317774952 0 15.8843909856 0
2458920.5 18.0820286757 0 16.6343797372 0
2458921.5 18.3167292172 0 16.8645933195 0
2458922.5 17.6842479596 0 16.2437908587 0
2458923.5 20.460970965 0 18.9677361644 0
2458924.5 19.7024552846 0 18.2231880423 0
2458925.5 19.2270945068 0 17.7566632595 0
2458926.5 19.6381652836 0 18.1600340038 0
2458927.5 20.176871733 0 18.6886598487 0
2458928.5 15.6556656454 0 14.2500447932 0
2458929.5 15.2670976672 0 13.8687456464 0
2458930.5 15.7403247275 0 14.3330565054 0
2458931.5 16.2155624229 0 14.7995245755 0
2458932.5 15.960284194 0 14.5489153865 0
2458933.5 15.1562260822 0 13.7595810465 0
2458934.5 13.4406523923 0 12.0783129535 0
2458935.5 13.9067063025 0 12.5356192008 0
2458936.5 13.9213368787 0 12.5497860396 0
2458937.5 13.6059240628 0 12.2401453687 0
2458938.5 13.7766206748 0 12.4076127675 0
2458939.5 13.7419752011 0 12.3734600444 0
2458940.5 23.0740863085 0 21.5322883873 0
2458941.5 23.4113871471 0 21.8632564797 0
2458942.5 24.2080273299 0 22.6451409406 0
2458943.5 23.5341904118 0 21.9836328328 0
2458944.5 23.3754349132 0 21.8278129752 0
2458945.5 16.1364000429 0 14.7204345183 0
2458946.5 15.9791500638 0 14.5661704559 0
2458947.5 15.5573949445 0 14.1523029952 0
2458948.5 16.1728308383 0 14.7562545739 0
2458949.5 16.3903001214 0 14.9698577444 0
2458950.5 16.9979612736 0 15.5686057079 0
2458951.5 16.3815001799 0 14.9637427555 0
2458952.5 15.6798841529 0 14.2752999511 0
2458953.5 16.1651677804 0 14.7515072052 0
2458954.5 20.9619424363 0 19.4566764671 0
2458955.5 21.1769138325 0 19.6677721622 0
2458956.5 20.908266098 0 19.4042466674 0
2458957.5 20.108316049 0 18.6190757416 0
2458958.5 20.8960938807 0 19.3922907269 0
2458959.5 21.8083492664 0 20.2855212187 0
2458960.5 21.1488328116 0 19.6381691737 0
2458961.5 20.8429553163 0 19.3380935286 0
2458962.5 21.7359864453 0 20.2145430176 0
2458963.5 17.241146612 0 15.8022225898 0
2458964.5 16.5553794142 0 15.1293130465 0
2458965.5 16.36424873 0 14.9417772619 0
2458966.5 15.8786233292 0 14.4651748136 0
2458967.5 14.8509371724 0 13.4544921019 0
2458968.5 14.1258695004 0 12.742682803 0
2458969.5 14.7389316061 0 13.3445610466 0
2458970.5 14.7924194054 0 13.3970576412 0
2458971.5 14.3363769623 0 12.9495319956 0
2458972.5 14.7385543435 0 13.3442313936 0
2458973.5 16.4133003538 0 14.9906326216 0
2458974.5 16.6156180325 0 15.1890791025 0
2458975.5 17.1798172443 0 15.7427939179 0
2458976.5 17.7952962504 0 16.3467741658 0
2458977.5 17.0299573608 0 15.5957252872 0
2458978.5 16.7888532293 0 15.3592035921 0
2458979.5 13.1528776336 0 11.7934050724 0
2458980.5 13.2069375052 0 11.846309907 0
2458981.5 12.6410374357 0 11.2908656116 0
2458982.5 13.059359309 0 11.7012849228 0
2458983.5 13.0190015134 0 11.6615834524 0
2458984.5 20.7244371972 0 19.2228601088 0
2458985.5 21.0197688875 0 19.5126019223 0
2458986.5 20.787372339 0 19.2843613897 0
2458987.5 20.4285874068 0 18.9321058315 0
2458988.5 20.2426218449 0 18.7497527067 0
2458989.5 20.9314593795 0 19.4257691628 0
2458990.5 23.4101035069 0 21.8581869985 0
2458991.5 22.7095878772 0 21.1707602941 0
2458992.5 23.5166092454 0 21.9630472933 0
2458993.5 22.8924489023 0 21.3505047695 0
2458994.5 22.8539893945 0 21.312817404 0
2458995.5 22.5935529816 0 21.0573754688 0
2458996.5 22.0437151475 0 20.5155311951 0
2458997.5 22.8225368795 0 21.279996405 0
2458998.5 23.306345123 0 21.754870402 0
2458999.5 22.3922302118 0 20.8575232405 0
2459000.5 21.9351045741 0 20.408932868 0
2459001.5 21.0056781406 0 19.4967994896 0
2459002.5 13.8058654815 0 12.4302475123 0
2459003.5 13.556003982 0 12.1849898596 0
2459004.5 13.7742064196 0 12.3992538375 0
2459005.5 14.024472418 0 12.6450493568 0
2459006.5 18.1876414193 0 16.7333740668 0
2459007.5 18.9630582458 0 17.4944476518 0
2459008.5 18.721592922 0 17.2576415861 0
2459009.5 18.4239605711 0 16.9653911129 0
2459010.5 17.6524954136 0 16.2080770446 0
2459011.5 18.4701625294 0 17.0106582694 0
2459012.5 18.1206158938 0 16.6663777832 0
2459013.5 18.3393143308 0 16.8808725407 0
2459014.5 18.6095330147 0 17.1461600085 0
2459015.5 19.2406235923 0 17.765589355 0
2459016.5 18.989450502 0 17.5206236346 0
2459017.5 19.3705298281 0 17.8944619982 0
2459018.5 19.5028303474 0 18.0244129159 0
2459019.5 19.6057130252 0 18.1252881536 0
2459020.5 13.6428499505 0 12.2732925832 0
2459021.5 13.3457043826 0 11.9815847122 0
2459022.5 12.6424168351 0 11.2913256058 0
2459023.5 13.045134662 0 11.686500273 0
2459024.5 13.160780038 0 11.8000232014 0
2459025.5 13.0320132112 0 11.6735273018 0
2459026.5 22.730756296 0 21.190642935 0
2459027.5 23.549916604 0 21.9946186956 0
2459028.5 22.9009677429 0 21.3577031914 0
2459029.5 23.3898845788 0 21.8376044052 0
2459030.5 23.6333241448 0 22.0764311528 0
2459031.5 23.530929374 0 21.9758861216 0
2459032.5 15.3853179692 0 13.9793801535 0
2459033.5 14.9364332164 0 13.5389432234 0
2459034.5 14.880827839 0 13.484369131 0
2459035.5 14.069566854 0 12.6880058793 0
2459036.5 14.5066662563 0 13.1168085745 0
2459037.5 18.3513012491 0 16.8932738149 0
2459038.5 19.1619873156 0 17.6887812733 0
2459039.5 19.5803787412 0 18.0993947672 0
2459040.5 19.7347506408 0 18.2507451122 0
2459041.5 14.4854806673 0 13.1009665387 0
2459042.5 14.4798584758 0 13.0956016311 0
2459043.5 13.609985016 0 12.2418688325 0
2459044.5 14.4371282045 0 13.0536903502 0
2459045.5 14.6576693157 0 13.2701887597 0
2459046.5 17.2388658744 0 15.8031827055 0
2459047.5 17.5037320019 0 16.0631845957 0
2459048.5 17.6830572761 0 16.239051909 0
2459049.5 18.5659147923 0 17.1055567289 0
2459050.5 23.7038823007 0 22.1491911533 0
2459051.5 23.6027143204 0 22.0498187066 0
2459052.5 24.0445254376 0 22.4833482941 0
2459053.5 23.6860013945 0 22.131593057 0
2459054.5 24.5374521078 0 22.9675435725 0
2459055.5 24.7158876928 0 23.1425998943 0
2459056.5 19.1697727868 0 17.7009834606 0
2459057.5 19.4856334434 0 18.0111014389 0
2459058.5 19.0730688961 0 17.6060094349 0
2459059.5 18.2987075234 0 16.8461576918 0
2459060.5 17.9864908556 0 16.5399031578 0
2459061.5 18.5942883639 0 17.1365614148 0
2459062.5 23.5132116667 0 21.9648371809 0
2459063.5 23.1615844939 0 21.6195272982 0
2459064.5 22.7303846593 0 21.1961025945 0
2459065.5 23.4136856622 0 21.8667840467 0
2459066.5 23.877580637 0 22.324004777 0
2459067.5 24.2746985728 0 22.7137472937 0
2459068.5 24.0063501628 0 22.4504921562 0
2459069.5 24.2687351491 0 22.7080780249 0
2459070.5 18.1600264264 0 16.7137898236 0
2459071.5 18.8768344646 0 17.4172854013 0
2459072.5 18.5760856765 0 17.1221095623 0
2459073.5 18.5968382735 0 17.1425575172 0
2459074.5 18.8486532812 0 17.3898025999 0
2459075.5 15.3432409038 0 13.9475977684 0
2459076.5 14.9092483613 0 13.5215033436 0
2459077.5 14.1662412565 0 12.7921709664 0
2459078.5 13.4418682433 0 12.0813233994 0
2459079.5 19.3273191111 0 17.8575920271 0
2459080.5 20.1655265833 0 18.6801342695 0
2459081.5 20.3674581618 0 18.8782430871 0
2459082.5 19.8460493488 0 18.3666073462 0
2459083.5 20.6017626333 0 19.108283139 0
2459084.5 19.903107935 0 18.4224778726 0
2459085.5 16.6898713594 0 15.2673776361 0
2459086.5 16.8125813271 0 15.3877789717 0
2459087.5 17.5899779089 0 16.1507669704 0
