2457258.5 15.001107364 0 13.5470084045 0
2457259.5 15.5128082097 0 14.0491118529 0
2457260.5 15.1052152144 0 13.6489388538 0
2457261.5 14.5991746322 0 13.1521591796 0
2457262.5 14.6467276059 0 13.1986549788 0
2457263.5 12.8701056665 0 11.4539853148 0
2457264.5 13.6203352093 0 12.1902378418 0
2457265.5 12.7268366238 0 11.3132991694 0
2457266.5 11.9038070721 0 10.5055530867 0
2457267.5 18.9675255538 0 17.4368572329 0
2457268.5 18.7381583523 0 17.2118326657 0
2457269.5 19.1951613426 0 17.6601735696 0
2457270.5 20.0037992245 0 18.4538131214 0
2457271.5 19.6719746038 0 18.128324659 0
2457272.5 13.3160150911 0 11.887742515 0
2457273.5 13.6180712859 0 12.1841721743 0
2457274.5 12.9117199213 0 11.4910551995 0
2457275.5 12.0299996147 0 10.6256406649 0
2457276.5 11.5433610488 0 10.1481577172 0
2457277.5 11.134235414 0 9.74664637139 0
2457278.5 14.6628574162 0 13.2094340915 0
2457279.5 14.7275267448 0 13.2730875311 0
2457280.5 15.4960935519 0 14.0275001072 0
2457281.5 15.2582992812 0 13.7942538072 0
2457282.5 17.8955100349 0 16.3800180496 0
2457283.5 17.008690467 0 15.5096879477 0
2457284.5 16.8330042265 0 15.3373070167 0
2457285.5 17.660365985 0 16.1492523485 0
2457286.5 11.755250358 0 10.3565449619 0
2457287.5 11.3042859291 0 9.91405361216 0
2457288.5 11.2801478345 0 9.89020584381 0
2457289.5 11.1293013788 0 9.74232003629 0
2457290.5 11.9695642943 0 10.5669235684 0
2457291.5 12.0306265743 0 10.625077088 0
2457292.5 11.8058291538 0 10.4042620762 0
2457293.5 12.7074005704 0 11.2889336265 0
2457294.5 13.4280121563 0 11.9960798074 0
2457295.5 13.0382316218 0 11.6134229611 0
2457296.5 12.7725129097 0 11.352450727 0
2457297.5 12.6042725254 0 11.1875208717 0
2457298.5 12.6235771283 0 11.206611675 0
2457299.5 15.8103926717 0 14.333809836 0
2457300.5 15.9416358707 0 14.4627917413 0
2457301.5 16.5987753887 0 15.1079088477 0
2457302.5 17.0178854085 0 15.5190910011 0
2457303.5 19.5242183879 0 17.9786433009 0
2457304.5 19.1918341607 0 17.6524925398 0
2457305.5 19.2100531562 0 17.6702016742 0
2457306.5 20.0425680612 0 18.4874418599 0
2457307.5 19.4436750736 0 17.899659926 0
2457308.5 12.739409894 0 11.3228485569 0
2457309.5 13.3253272111 0 11.8979375932 0
2457310.5 13.5938157908 0 12.1616387569 0
2457311.5 14.0524282146 0 12.6117015458 0
2457312.5 13.4455564097 0 12.0160650702 0
2457313.5 17.5807144471 0 16.0766059053 0
2457314.5 18.413294055 0 16.8936346278 0
2457315.5 18.2186211164 0 16.7023676477 0
2457316.5 19.1284941487 0 17.5953257981 0
2457317.5 19.2058756922 0 17.6710807456 0
2457318.5 19.6013655183 0 18.0592426335 0
2457319.5 14.0348178881 0 12.594715977 0
2457320.5 13.5160148422 0 12.085410385 0
2457321.5 14.3025013021 0 12.8574545432 0
2457322.5 13.6716412544 0 12.2382121892 0
2457323.5 13.2907943819 0 11.8644234036 0
2457324.5 12.7558636939 0 11.339259865 0
2457325.5 14.7675460901 0 13.312726186 0
2457326.5 14.8957190847 0 13.4384022963 0
2457327.5 15.6968658273 0 14.2246692596 0
2457328.5 15.4401114916 0 13.9728199779 0
2457329.5 14.9866067896 0 13.5276361373 0
2457330.5 16.8770958628 0 15.3817360384 0
2457331.5 16.0903961436 0 14.6095845664 0
2457332.5 15.2483157416 0 13.7830711352 0
2457333.5 15.0330391001 0 13.5718389669 0
2457334.5 15.7086040384 0 14.2348031481 0
2457335.5 14.9426832011 0 13.4832414523 0
2457336.5 10.0726256823 0 8.7012293591 0
2457337.5 9.66799205437 0 8.30410222868 0
2457338.5 9.28984064751 0 7.93290215949 0
2457339.5 9.67999673425 0 8.31591495291 0
2457340.5 18.479765574 0 16.9536973412 0
2457341.5 18.060491276 0 16.54233003 0
2457342.5 18.3133906113 0 16.79051317 0
2457343.5 19.2090245743 0 17.6694434928 0
2457344.5 12.2956121935 0 10.8823185175 0
2457345.5 11.6269334652 0 10.2260088458 0
2457346.5 12.1765616659 0 10.7654255101 0
2457347.5 12.7947971555 0 11.3721222423 0
2457348.5 16.5871915964 0 15.0968846139 0
2457349.5 16.0707212256 0 14.5899689353 0
2457350.5 16.0343424051 0 14.5544035135 0
2457351.5 16.6945841276 0 15.2024863507 0
2457352.5 16.5084229726 0 15.0199323673 0
2457353.5 15.9963501879 0 14.5173151807 0
2457354.5 18.4835215833 0 16.9565375839 0
2457355.5 18.2064331321 0 16.6846229084 0
2457356.5 17.7378987115 0 16.2245711398 0
2457357.5 18.2708707122 0 16.7478257214 0
2457358.5 17.9539707099 0 16.4369052355 0
2457359.5 17.4233843363 0 15.9161061817 0
2457360.5 11.5658960165 0 10.1699339904 0
2457361.5 11.4005471802 0 10.0076500589 0
2457362.5 12.2421813161 0 10.8338349235 0
2457363.5 12.9525739502 0 11.531085889 0
2457364.5 13.8051883007 0 12.3677142426 0
2457365.5 16.6830741307 0 15.1940147881 0
2457366.5 17.4261215628 0 15.9231873332 0
2457367.5 18.3295560672 0 16.8097305241 0
2457368.5 18.3425659911 0 16.8226586451 0
2457369.5 14.5339230049 0 13.0868136717 0
2457370.5 14.9891395928 0 13.53373259 0
2457371.5 14.7778186907 0 13.3265050848 0
2457372.5 15.622287272 0 14.155460661 0
2457373.5 11.4430101467 0 10.056615742 0
2457374.5 11.9799707827 0 10.5835840382 0
2457375.5 12.2702375922 0 10.8685333025 0
2457376.5 13.0733518503 0 11.6567148179 0
2457377.5 12.5288567935 0 11.1223083463 0
2457378.5 13.2877022159 0 11.8668919114 0
2457379.5 18.8520244443 0 17.3260350867 0
2457380.5 19.4190676981 0 17.8826839693 0
2457381.5 19.5007909713 0 17.9627665961 0
2457382.5 19.2590759053 0 17.7253964102 0
2457383.5 18.7345637046 0 17.2105636313 0
2457384.5 17.1698737529 0 15.6774928215 0
2457385.5 17.1543838172 0 15.6624309138 0
2457386.5 17.2376671835 0 15.7440580917 0
2457387.5 16.8600401906 0 15.3736147534 0
2457388.5 17.2096799284 0 15.7168924992 0
2457389.5 16.3407989594 0 14.863877225 0
2457390.5 16.7891736186 0 15.3039855105 0
2457391.5 16.1217379944 0 14.648961677 0
2457392.5 16.8899421217 0 15.4029852227 0
2457393.5 16.1574878004 0 14.6840885728 0
2457394.5 19.4436184885 0 17.9115032409 0
2457395.5 19.2348154899 0 17.7065289023 0
2457396.5 18.6624724 0 17.1446366461 0
2457397.5 18.4957575334 0 16.9808831186 0
2457398.5 17.8995617188 0 16.395567806 0
2457399.5 18.6019072992 0 17.0850184033 0
2457400.5 13.0113406774 0 11.5966150173 0
2457401.5 13.6585679134 0 12.2318834708 0
2457402.5 14.2747781806 0 12.8368655268 0
2457403.5 14.2430372003 0 12.8056251248 0
2457404.5 13.8650263788 0 12.4346181682 0
2457405.5 13.7526898475 0 12.3243242736 0
2457406.5 15.2612702901 0 13.8042061636 0
2457407.5 14.6639292481 0 13.218090462 0
2457408.5 14.1657638002 0 12.7293163754 0
2457409.5 14.5538713761 0 13.1100665981 0
2457410.5 14.8254312344 0 13.3765810609 0
2457411.5 15.8323615796 0 14.3650354673 0
2457412.5 16.2065222785 0 14.7320845032 0
2457413.5 16.634932661 0 15.1524984123 0
2457414.5 16.7678452793 0 15.2831212361 0
2457415.5 16.785752374 0 15.3005532946 0
2457416.5 15.6599390908 0 14.1982102552 0
2457417.5 16.5253043129 0 15.0474674138 0
2457418.5 16.50452217 0 15.0269379372 0
2457419.5 15.94839937 0 14.4810722753 0
2457420.5 15.0247336319 0 13.5744651443 0
2457421.5 15.2944247292 0 13.8393139164 0
2457422.5 11.3124667667 0 9.93351466244 0
2457423.5 12.0855067348 0 10.692362047 0
2457424.5 11.9338682254 0 10.543501544 0
2457425.5 12.528358066 0 11.1268105599 0
2457426.5 13.2013885749 0 11.7875636036 0
2457427.5 13.4598930265 0 12.0410795149 0
2457428.5 11.8099191182 0 10.4232550843 0
2457429.5 12.6091688476 0 11.2078164412 0
2457430.5 13.2216061935 0 11.8089575157 0
2457431.5 13.7322441216 0 12.3100665439 0
2457432.5 21.0192626932 0 19.460927238 0
2457433.5 21.9320353207 0 20.356745668 0
2457434.5 21.372586472 0 19.8074782711 0
2457435.5 22.1115065474 0 20.5328198931 0
2457436.5 16.5974766642 0 15.1227423609 0
2457437.5 16.0676810771 0 14.6026613924 0
2457438.5 15.2717953023 0 13.8213647476 0
2457439.5 15.6931581843 0 14.2349560881 0
2457440.5 12.9231236182 0 11.5182250892 0
2457441.5 13.3537466301 0 11.9409882609 0
2457442.5 14.0447371151 0 12.6191404305 0
2457443.5 13.344429646 0 11.9316480118 0
2457444.5 13.1271218827 0 11.7181749208 0
2457445.5 12.7867298476 0 11.384251371 0
2457446.5 18.8063224739 0 17.2896795763 0
2457447.5 19.4341331769 0 17.9059381672 0
2457448.5 20.3105009229 0 18.7661060357 0
2457449.5 19.4012595469 0 17.8739004508 0
2457450.5 18.6294291885 0 17.1163554144 0
2457451.5 19.5488114812 0 18.0188546013 0
2457452.5 20.4662440129 0 18.9208195886 0
2457453.5 20.8563494777 0 19.3035057897 0
2457454.5 21.2641438269 0 19.7037008223 0
2457455.5 20.9591258224 0 19.4042504308 0
2457456.5 20.7914581201 0 19.2398524126 0
2457457.5 10.5232217612 0 9.16402748931 0
2457458.5 10.6498669909 0 9.28840213705 0
2457459.5 10.0636231369 0 8.71298965877 0
2457460.5 9.95967294115 0 8.61087689758 0
2457461.5 10.1125164235 0 8.76088110765 0
2457462.5 19.6771663537 0 18.1500333384 0
2457463.5 18.9597773684 0 17.4457700939 0
2457464.5 18.6619726874 0 17.1535809601 0
2457465.5 17.9648420469 0 16.4693237712 0
2457466.5 17.9522381322 0 16.4569279525 0
2457467.5 17.5980044843 0 16.1085524146 0
2457468.5 18.1194713735 0 16.6202465241 0
2457469.5 18.4537064892 0 16.9482663309 0
2457470.5 17.5269195727 0 16.0386046205 0
2457471.5 11.2831359116 0 9.91319429257 0
2457472.5 10.5878199613 0 9.23063485088 0
2457473.5 9.99398650518 0 8.64770983905 0
2457474.5 10.1702011662 0 8.82083394551 0
2457475.5 12.5354969155 0 11.141263697 0
2457476.5 12.3375211399 0 10.9470946215 0
2457477.5 13.2045127071 0 11.7981518344 0
2457478.5 13.2047738733 0 11.7982098569 0
2457479.5 10.8820483913 0 9.51733327859 0
2457480.5 9.98615968034 0 8.6382409142 0
2457481.5 10.3044223073 0 8.95048760568 0
2457482.5 10.5810581447 0 9.22217091766 0
2457483.5 20.2333463795 0 18.6941701789 0
2457484.5 20.960956974 0 19.4082305707 0
2457485.5 20.067095012 0 18.5308522102 0
2457486.5 20.1410753921 0 18.6032945596 0
2457487.5 15.1637444033 0 13.7173450695 0
2457488.5 14.3285562403 0 12.8976747619 0
2457489.5 15.0337522057 0 13.5898660078 0
2457490.5 15.0371822988 0 13.5932218716 0
2457491.5 15.2271846957 0 13.779734189 0
2457492.5 15.8632425969 0 14.4041143311 0
2457493.5 19.978428255 0 18.4455387716 0
2457494.5 20.6207999369 0 19.0760568803 0
2457495.5 20.2705886879 0 18.7323042464 0
2457496.5 20.3533190068 0 18.8136114851 0
2457497.5 20.0279387727 0 18.4941754462 0
2457498.5 12.5019417287 0 11.1093649954 0
2457499.5 11.5700111955 0 10.1946847186 0
2457500.5 11.2925275021 0 9.92220627376 0
2457501.5 11.3416290957 0 9.97029607636 0
2457502.5 11.0209685355 0 9.65563704968 0
2457503.5 11.1275338644 0 9.7603181942 0
2457504.5 19.5018390012 0 17.9767087276 0
2457505.5 20.4309719142 0 18.8887185447 0
2457506.5 20.3915450431 0 18.8498221362 0
2457507.5 19.621989213 0 18.0943268024 0
2457508.5 20.4969781292 0 18.9531218358 0
2457509.5 14.3887171633 0 12.9604174902 0
2457510.5 13.492463484 0 12.0807446987 0
2457511.5 14.31657072 0 12.8895791553 0
2457512.5 13.8583467916 0 12.4398638923 0
2457513.5 13.3023885368 0 11.8942919758 0
2457514.5 12.9740683343 0 11.5722277817 0
2457515.5 18.2429841712 0 16.7465904006 0
2457516.5 19.0761857698 0 17.5642276017 0
2457517.5 18.3019768984 0 16.8043035279 0
2457518.5 17.6810348234 0 16.1950360764 0
2457519.5 17.8618364751 0 16.372391994 0
2457520.5 17.2585799956 0 15.7801828318 0
2457521.5 20.2890363744 0 18.755149816 0
2457522.5 20.6533688243 0 19.1126449447 0
2457523.5 20.3080819162 0 18.7735715004 0
2457524.5 20.2884117017 0 18.7541084991 0
2457525.5 12.9492854663 0 11.5505613451 0
2457526.5 13.1631691981 0 11.7606299084 0
2457527.5 13.3568360408 0 11.9509031396 0
2457528.5 13.5812416068 0 12.1711506178 0
2457529.5 13.9650168928 0 12.5478606183 0
2457530.5 13.8044165984 0 12.3901214543 0
2457531.5 13.9195192127 0 12.5052619391 0
2457532.5 13.4672747869 0 12.0612153931 0
2457533.5 13.7125915316 0 12.3018342824 0
2457534.5 14.1999018556 0 12.780139801 0
2457535.5 14.5919944067 0 13.1651526353 0
2457536.5 13.891579639 0 12.4778632177 0
2457537.5 18.6744174859 0 17.1749556387 0
2457538.5 18.514798811 0 17.0181020203 0
2457539.5 18.446574459 0 16.951271835 0
2457540.5 19.1017277767 0 17.5940966708 0
2457541.5 18.418574616 0 16.9235054167 0
2457542.5 18.6040272734 0 17.1054638679 0
2457543.5 18.9893041154 0 17.4808332162 0
2457544.5 19.3270678819 0 17.8123120985 0
2457545.5 19.9164215105 0 18.3908374149 0
2457546.5 19.2465095784 0 17.7333265926 0
2457547.5 17.4013159813 0 15.9225756404 0
2457548.5 18.1929187063 0 16.6996306483 0
2457549.5 18.0682606055 0 16.5774806137 0
2457550.5 17.7032865614 0 16.2192608047 0
2457551.5 11.8017385582 0 10.4252673793 0
2457552.5 11.1913394657 0 9.82629966688 0
2457553.5 11.6763756312 0 10.302197339 0
2457554.5 12.0619230159 0 10.6805421447 0
2457555.5 11.3498270294 0 9.98171469922 0
2457556.5 15.4557273676 0 14.0110886641 0
2457557.5 15.1888898003 0 13.7491645155 0
2457558.5 14.3726149938 0 12.9480620248 0
2457559.5 14.842939828 0 13.409667766 0
2457560.5 14.4029340532 0 12.9777701584 0
2457561.5 11.9747236136 0 10.5940777584 0
2457562.5 11.060859233 0 9.69725403273 0
2457563.5 10.747568278 0 9.38982884786 0
2457564.5 9.87826637373 0 8.53666238016 0
2457565.5 17.7427273358 0 16.2555573048 0
2457566.5 18.5554011107 0 17.0532373284 0
2457567.5 18.1454755177 0 16.6510573985 0
2457568.5 17.2272522315 0 15.7497226016 0
2457569.5 16.7413990991 0 15.2730052138 0
2457570.5 14.0233712817 0 12.606380717 0
2457571.5 14.3163665056 0 12.8938415262 0
2457572.5 14.0839117865 0 12.6658341647 0
2457573.5 14.8575150329 0 13.4249305657 0
2457574.5 14.3793959705 0 12.9556513773 0
2457575.5 20.153742216 0 18.6243541889 0
2457576.5 19.4891600239 0 17.9722598008 0
2457577.5 19.2680604857 0 17.7552497095 0
2457578.5 19.052151993 0 17.5431681443 0
2457579.5 21.3583794179 0 19.8051465583 0
2457580.5 21.4949835526 0 19.9393062468 0
2457581.5 21.7657204027 0 20.2049952315 0
2457582.5 21.9488131777 0 20.3845993373 0
2457583.5 22.7389545053 0 21.1603190696 0
2457584.5 20.2541249952 0 18.7241938893 0
2457585.5 19.49466914 0 17.9789445184 0
2457586.5 19.9328643238 0 18.4090568687 0
2457587.5 20.0174021411 0 18.4920345612 0
2457588.5 19.5650039345 0 18.0478940068 0
2457589.5 20.4072482014 0 18.8745897771 0
2457590.5 17.207187326 0 15.7364817691 0
2457591.5 17.6921272088 0 16.2126048002 0
2457592.5 17.1647318238 0 15.694865867 0
2457593.5 16.2418501304 0 14.7890196119 0
2457594.5 16.1931397672 0 14.7410422549 0
2457595.5 15.9875267835 0 14.5422996585 0
2457596.5 15.4639601197 0 14.0283436431 0
2457597.5 15.6750363845 0 14.2355771921 0
2457598.5 15.8614510543 0 14.4186195198 0
2457599.5 16.6070078197 0 15.1501631786 0
2457600.5 17.2116070436 0 15.743720964 0
2457601.5 17.440544135 0 15.9685674654 0
2457602.5 18.0215750835 0 16.5390187842 0
2457603.5 17.5882261612 0 16.1137889114 0
2457604.5 18.9336092124 0 17.4350527259 0
2457605.5 18.6370944907 0 17.1438972743 0
2457606.5 18.1171846041 0 16.6337136669 0
2457607.5 18.5511400429 0 17.0597834336 0
2457608.5 18.0719870192 0 16.5895022439 0
2457609.5 17.1602618551 0 15.6946311586 0
2457610.5 18.4508874121 0 16.9638308758 0
2457611.5 18.6561760129 0 17.1654791429 0
2457612.5 17.7930632918 0 16.3182346393 0
2457613.5 18.3649578652 0 16.8795326852 0
2457614.5 18.6752696895 0 17.184083703 0
2457615.5 18.362089059 0 16.8795332983 0
2457616.5 18.8942996603 0 17.401838577 0
2457617.5 18.1031152916 0 16.6252993415 0
2457618.5 17.8143268572 0 16.3416630914 0
2457619.5 18.3706023544 0 16.8876906242 0
2457620.5 19.8780528674 0 18.3701882285 0
2457621.5 18.9498868993 0 17.4591594035 0
2457622.5 18.5414433324 0 17.0584046859 0
2457623.5 18.1039095554 0 16.6288167752 0
2457624.5 17.9236508614 0 16.4517702244 0
2457625.5 13.6677317242 0 12.2735710568 0
2457626.5 13.3580349774 0 11.9696102573 0
2457627.5 12.4870090236 0 11.1147694044 0
2457628.5 11.563001786 0 10.207745621 0
2457629.5 11.3289714105 0 9.97806961904 0
2457630.5 11.8663581463 0 10.505647354 0
2457631.5 21.0625222567 0 19.5290563355 0
2457632.5 20.171138452 0 18.6542736983 0
2457633.5 20.7247165346 0 19.1975204569 0
2457634.5 20.7658301132 0 19.2379855154 0
2457635.5 20.4614921696 0 18.9391159208 0
2457636.5 12.1048993229 0 10.7366396774 0
2457637.5 12.0903433516 0 10.7222352779 0
2457638.5 12.7523446935 0 11.3720138993 0
2457639.5 11.8330377082 0 10.4697075013 0
2457640.5 12.152036913 0 10.7829451956 0
2457641.5 11.6734426113 0 10.3131266801 0
2457642.5 11.9542902797 0 10.588715515 0
2457643.5 12.0711387274 0 10.7032285675 0
2457644.5 12.0839298961 0 10.7159788325 0
2457645.5 12.8513416854 0 11.4691964587 0
2457646.5 12.288877477 0 10.9170057634 0
2457647.5 11.8491917471 0 10.4855619676 0
2457648.5 17.8906500263 0 16.4155858127 0
2457649.5 17.3341544323 0 15.8695108644 0
2457650.5 17.5420739448 0 16.0737048192 0
2457651.5 18.3724095588 0 16.888730148 0
2457652.5 19.1769859797 0 17.6784248955 0
2457653.5 15.4551650005 0 14.0228017098 0
2457654.5 15.5481826855 0 14.1141669629 0
2457655.5 15.8833379684 0 14.4431210566 0
2457656.5 15.7777134551 0 14.3394729928 0
2457657.5 16.1651223739 0 14.7197507342 0
2457658.5 16.1611406601 0 14.7159570627 0
2457659.5 20.9688925983 0 19.4321286301 0
2457660.5 20.6096549517 0 19.0794092706 0
2457661.5 20.4687737948 0 18.9411615957 0
2457662.5 20.2930128062 0 18.768582305 0
2457663.5 20.2169635265 0 18.6940977802 0
2457664.5 13.9931535347 0 12.5887789712 0
2457665.5 14.52771182 0 13.1132974002 0
2457666.5 15.1944032688 0 13.7678016253 0
2457667.5 14.8999239512 0 13.478786274 0
2457668.5 15.5895708815 0 14.1554935809 0
2457669.5 15.2992257753 0 13.8705975994 0
2457670.5 21.3092595486 0 19.7665324743 0
2457671.5 21.7857934281 0 20.2344308992 0
2457672.5 21.1613238476 0 19.6216389726 0
2457673.5 21.8014429678 0 20.2498253767 0
2457674.5 22.2446603979 0 20.685009303 0
2457675.5 22.735919719 0 21.1670224972 0
2457676.5 19.9233823128 0 18.4079245448 0
2457677.5 19.0930721139 0 17.5928295503 0
2457678.5 18.5330280848 0 17.0432944419 0
2457679.5 18.4190903925 0 16.9313682317 0
2457680.5 17.5385560485 0 16.0672335785 0
2457681.5 17.4566850703 0 15.9868163257 0
2457682.5 16.8185373088 0 15.3615253055 0
2457683.5 16.4491784518 0 14.9991718992 0
2457684.5 16.4336767102 0 14.9840124776 0
2457685.5 16.9487445617 0 15.4894126516 0
2457686.5 12.215998854 0 10.8422227929 0
2457687.5 11.9532930418 0 10.5844943316 0
2457688.5 11.7386320486 0 10.3737084968 0
2457689.5 11.3777752742 0 10.0195677183 0
2457690.5 10.5520289773 0 9.20917444964 0
2457691.5 9.89461990934 0 8.56408946254 0
2457692.5 17.4281673341 0 15.9604701005 0
2457693.5 16.6241177611 0 15.1712344243 0
2457694.5 16.1303150527 0 14.6865636262 0
2457695.5 16.2866264493 0 14.8399872162 0
2457696.5 16.1882922748 0 14.7436113264 0
2457697.5 16.2455315948 0 14.7996906815 0
2457698.5 18.7486321923 0 17.2537670816 0
2457699.5 18.4710297147 0 16.9813564089 0
2457700.5 17.8465638423 0 16.3685633437 0
2457701.5 17.290610289 0 15.8227403782 0
2457702.5 16.8947644185 0 15.4340935668 0
2457703.5 16.113818592 0 14.6675339292 0
2457704.5 18.903111872 0 17.4051236937 0
2457705.5 19.7115404483 0 18.1987731757 0
2457706.5 20.1174670865 0 18.5970529749 0
2457707.5 20.5675784211 0 19.0387997071 0
2457708.5 21.4607941517 0 19.9155894463 0
2457709.5 12.2330630535 0 10.8612023892 0
2457710.5 12.4964532704 0 11.1197518844 0
2457711.5 12.9231114343 0 11.5386406911 0
2457712.5 12.1616506823 0 10.7914261614 0
2457713.5 11.9285885005 0 10.5637444466 0
2457714.5 11.4366132636 0 10.0808416991 0
2457715.5 11.4314015841 0 10.0758408738 0
2457716.5 10.6974999306 0 9.35568239903 0
2457717.5 11.196959899 0 9.84605500201 0
2457718.5 10.4240077939 0 9.08738271337 0
2457719.5 15.7131251666 0 14.2770759604 0
2457720.5 14.8683324648 0 13.4478827412 0
2457721.5 14.2019890918 0 12.7938473293 0
2457722.5 14.365272644 0 12.9542361226 0
2457723.5 13.6848836325 0 12.2864729444 0
2457724.5 13.2874579942 0 11.8970524559 0
2457725.5 13.9651119042 0 12.5621209758 0
2457726.5 13.2503673277 0 11.8605226596 0
2457727.5 13.4367942593 0 12.043379996 0
2457728.5 13.440750261 0 12.0473800339 0
2457729.5 13.787348648 0 12.3874401098 0
2457730.5 17.6060101531 0 16.1356519594 0
2457731.5 18.2420605495 0 16.7599322538 0
2457732.5 18.4541856322 0 16.9680652358 0
2457733.5 19.022063477 0 17.5253411619 0
2457734.5 18.4886276174 0 17.0018122391 0
2457735.5 13.1612304998 0 11.77081879 0
2457736.5 14.0804188713 0 12.6728312236 0
2457737.5 13.8909918822 0 12.4867880446 0
2457738.5 14.1985060172 0 12.7885381654 0
2457739.5 14.1658353046 0 12.7564824259 0
2457740.5 13.8454781127 0 12.4420273491 0
2457741.5 14.9098657172 0 13.486075099 0
2457742.5 14.9226540903 0 13.4986349733 0
2457743.5 15.0760353274 0 13.6493656294 0
2457744.5 14.402774316 0 12.9887721074 0
2457745.5 13.6912077344 0 12.2905144961 0
2457746.5 12.8925594049 0 11.5065488731 0
2457747.5 19.0925711636 0 17.5937745438 0
2457748.5 19.7402299812 0 18.229479912 0
2457749.5 19.5172567128 0 18.0107056635 0
2457750.5 19.0013431202 0 17.504340971 0
2457751.5 19.1888642834 0 17.6884340597 0
2457752.5 18.5056597724 0 17.0180581372 0
2457753.5 21.5177627746 0 19.975517894 0
2457754.5 21.6852696967 0 20.1399702538 0
2457755.5 21.8622223442 0 20.3137063102 0
2457756.5 21.9854252405 0 20.4348094281 0
2457757.5 17.9800819667 0 16.5015430804 0
2457758.5 17.7229206525 0 16.2492777364 0
2457759.5 17.1449912538 0 15.681877637 0
2457760.5 17.2333390401 0 15.7686286584 0
2457761.5 16.4980055059 0 15.0469369382 0
2457762.5 14.2300470187 0 12.8242401898 0
2457763.5 14.6529774321 0 13.2393166982 0
2457764.5 15.3178850233 0 13.8917482427 0
2457765.5 15.895502213 0 14.4587724015 0
2457766.5 16.1247460151 0 14.6864229023 0
2457767.5 15.4854483743 0 14.0590873751 0
2457768.5 16.4163479023 0 14.9726756607 0
2457769.5 16.7415778086 0 15.291698162 0
2457770.5 21.3224274979 0 19.7877312445 0
2457771.5 20.9757867164 0 19.4473137637 0
2457772.5 21.0816275851 0 19.5510372281 0
2457773.5 20.5891443282 0 19.0677862429 0
2457774.5 20.4489485295 0 18.9303693783 0
2457775.5 16.4205596298 0 14.9750933657 0
2457776.5 16.6770266818 0 15.226647981 0
2457777.5 16.8362008008 0 15.382986586 0
2457778.5 16.0134651226 0 14.5753849942 0
2457779.5 15.0753752582 0 13.6531240467 0
2457780.5 15.2451772808 0 13.8199415514 0
2457781.5 16.031188965 0 14.5914711022 0
2457782.5 15.4483627514 0 14.0196145357 0
2457783.5 15.308661167 0 13.8825478372 0
2457784.5 16.0054739146 0 14.5663277374 0
2457785.5 21.1045061148 0 19.5720775731 0
2457786.5 20.7937566625 0 19.267207656 0
2457787.5 20.4502719194 0 18.9299867584 0
2457788.5 21.0019814345 0 19.471676604 0
2457789.5 11.7292363325 0 10.3701094833 0
2457790.5 12.1977889836 0 10.8299386556 0
2457791.5 12.9508120223 0 11.5688679832 0
2457792.5 13.4170626121 0 12.0266006173 0
2457793.5 13.5451787349 0 12.1521976817 0
2457794.5 13.4582402708 0 12.0666787904 0
2457795.5 20.9570051709 0 19.4280440499 0
2457796.5 20.3416486775 0 18.8241020543 0
2457797.5 20.061506307 0 18.5492611658 0
2457798.5 19.6143829736 0 18.1102951463 0
2457799.5 20.186500583 0 18.6718393214 0
2457800.5 20.7906529119 0 19.2646647615 0
2457801.5 22.5104707898 0 20.950352924 0
2457802.5 23.3373101022 0 21.7617932965 0
2457803.5 23.8977914181 0 22.3120590608 0
2457804.5 23.8304220292 0 22.2457869405 0
2457805.5 24.6862472265 0 23.0858666052 0
2457806.5 24.7688782825 0 23.1669199417 0
2457807.5 16.4791405589 0 15.0284555863 0
2457808.5 16.8988109709 0 15.4401982903 0
2457809.5 16.2045942944 0 14.7587947273 0
2457810.5 16.3426939283 0 14.8942741211 0
2457811.5 16.2306196471 0 14.7842374839 0
2457812.5 15.3793079264 0 13.9485978449 0
2457813.5 21.2279901378 0 19.6879580217 0
2457814.5 20.7710047688 0 19.2392805835 0
2457815.5 21.227627169 0 19.6874124232 0
2457816.5 21.3930690298 0 19.8498965726 0
2457817.5 20.8655367298 0 19.3322103665 0
2457818.5 21.2870263878 0 19.7458032633 0
2457819.5 21.0442696002 0 19.5084950565 0
2457820.5 21.5574437027 0 20.0122963868 0
2457821.5 21.5389067761 0 19.9940739676 0
2457822.5 21.9038208655 0 20.352239407 0
2457823.5 21.8278492203 0 20.2777506898 0
2457824.5 15.1425155014 0 13.7161410045 0
2457825.5 15.5794058612 0 14.1447860575 0
2457826.5 15.0308324388 0 13.6062680868 0
2457827.5 15.5078796405 0 14.0744933435 0
2457828.5 12.518729203 0 11.1387481043 0
2457829.5 11.8963641684 0 10.5279147866 0
2457830.5 11.3333824801 0 9.97541280777 0
2457831.5 10.5238618532 0 9.18081713073 0
2457832.5 10.8944876145 0 9.54447140114 0
2457833.5 18.3189293549 0 16.828624101 0
2457834.5 18.8601179968 0 17.3599611436 0
2457835.5 18.491808795 0 16.9986438887 0
2457836.5 19.1725474258 0 17.6669235414 0
2457837.5 14.2999770474 0 12.8840636524 0
2457838.5 13.4713465547 0 12.070661932 0
2457839.5 12.5799202782 0 11.1959696307 0
2457840.5 12.6472164284 0 11.2619796261 0
2457841.5 12.1543885556 0 10.7782485032 0
2457842.5 12.762330267 0 11.3747184042 0
2457843.5 21.828387192 0 20.2740600848 0
2457844.5 21.9534971417 0 20.396942117 0
2457845.5 21.1030699238 0 19.5620571972 0
2457846.5 20.4183152168 0 18.8899633895 0
2457847.5 21.2722729856 0 19.7279356873 0
2457848.5 17.2497761462 0 15.7796112097 0
2457849.5 17.6131007815 0 16.1361134228 0
2457850.5 17.0674592337 0 15.6005949507 0
2457851.5 17.4276085524 0 15.9538993757 0
2457852.5 17.0431839446 0 15.5766120809 0
2457853.5 17.3101330846 0 15.8384770819 0
2457854.5 16.4723247659 0 15.0174119604 0
2457855.5 17.1099840037 0 15.6432429325 0
2457856.5 17.7633901727 0 16.2843454267 0
2457857.5 18.1932953169 0 16.7062561286 0
2457858.5 18.6369438088 0 17.1415252971 0
2457859.5 18.7912649752 0 17.2931523324 0
2457860.5 13.1799371594 0 11.7833211432 0
2457861.5 12.7705198745 0 11.3815676152 0
2457862.5 13.6377927888 0 12.2327591247 0
2457863.5 13.5891522596 0 12.1850824665 0
2457864.5 17.151470472 0 15.6806732219 0
2457865.5 16.3674005442 0 14.9110064512 0
2457866.5 15.9290688059 0 14.4809820684 0
2457867.5 15.2176536099 0 13.7827734966 0
2457868.5 15.5288645604 0 14.0880837637 0
2457869.5 14.9984918746 0 13.5661559281 0
2457870.5 14.3115551661 0 12.8920898857 0
2457871.5 14.1768699871 0 12.759837216 0
2457872.5 14.6078944591 0 13.1829385798 0
2457873.5 13.6701932688 0 12.2625746918 0
2457874.5 16.5491344652 0 15.0868889435 0
2457875.5 15.6482727698 0 14.2029208788 0
2457876.5 15.1990545232 0 13.7621736999 0
2457877.5 15.7505994448 0 14.3033331666 0
2457878.5 17.7828962101 0 16.2965962618 0
2457879.5 18.3517724689 0 16.8550510066 0
2457880.5 17.4414840231 0 15.9617586471 0
2457881.5 17.5787000531 0 16.0963949896 0
2457882.5 16.9140668648 0 15.4442219274 0
2457883.5 17.0468663475 0 15.5744679145 0
2457884.5 10.8775858778 0 9.51780044713 0
2457885.5 11.8071687767 0 10.4300867303 0
2457886.5 12.4442590705 0 11.055490946 0
2457887.5 13.2295171137 0 11.8261610192 0
2457888.5 13.0649069371 0 11.6645222889 0
2457889.5 13.2816345049 0 11.8773307941 0
2457890.5 11.8671173712 0 10.4914804728 0
2457891.5 11.0068389834 0 9.64710250833 0
2457892.5 11.2799064045 0 9.91527105907 0
2457893.5 11.0417255716 0 9.68166449795 0
2457894.5 11.5127383704 0 10.143923185 0
2457895.5 11.4508738021 0 10.0835510937 0
2457896.5 12.3622731363 0 10.977977546 0
2457897.5 12.8138511211 0 11.4212395916 0
2457898.5 13.4712349994 0 12.0663612355 0
2457899.5 13.4061308377 0 12.0024004698 0
2457900.5 13.7235996084 0 12.3138631411 0
2457901.5 20.069677657 0 18.5398207472 0
2457902.5 19.4213018118 0 17.9034720733 0
2457903.5 20.3079641134 0 18.7736350107 0
2457904.5 20.5240173611 0 18.9855173435 0
2457905.5 20.7744714675 0 19.2313128562 0
2457906.5 17.8340485764 0 16.3430769104 0
2457907.5 17.7931969835 0 16.3029490975 0
2457908.5 17.6383547954 0 16.1508691277 0
2457909.5 18.2661308611 0 16.7670174922 0
2457910.5 18.7642711444 0 17.255768931 0
2457911.5 19.3650530117 0 17.8453788528 0
2457912.5 18.8363142216 0 17.3280339851 0
2457913.5 19.6472390112 0 18.1240154304 0
2457914.5 19.880373603 0 18.3530125087 0
2457915.5 20.6308172928 0 19.0894318391 0
2457916.5 16.6740574015 0 15.2064533951 0
2457917.5 16.8409725486 0 15.3702169719 0
2457918.5 17.0524533773 0 15.5776429642 0
2457919.5 17.611493741 0 16.1261496131 0
2457920.5 17.8248114341 0 16.3355873236 0
2457921.5 17.8397912056 0 16.3502163017 0
2457922.5 13.5226447589 0 12.1143578555 0
2457923.5 12.8166149246 0 11.4214394013 0
2457924.5 13.6014957785 0 12.1916279769 0
2457925.5 13.4542190991 0 12.0472304817 0
2457926.5 12.9525064159 0 11.5547446177 0
2457927.5 12.961608599 0 11.5637624367 0
2457928.5 11.3325130565 0 9.96225791137 0
2457929.5 11.6156276487 0 10.240238474 0
2457930.5 12.4226672344 0 11.032346233 0
2457931.5 12.3589042357 0 10.9699561209 0
2457932.5 12.4408011352 0 11.0503738751 0
2457933.5 13.0612485796 0 11.6593376047 0
2457934.5 15.3611282167 0 13.9188607838 0
2457935.5 14.5969192464 0 13.1686919385 0
2457936.5 14.6083530722 0 13.1798327736 0
2457937.5 13.8841670632 0 12.4688855959 0
2457938.5 13.8456374569 0 12.431144897 0
2457939.5 13.5059731711 0 12.0978176901 0
2457940.5 21.5429899851 0 19.9874854613 0
2457941.5 21.7825128758 0 20.222686436 0
2457942.5 21.2768399071 0 19.7265692057 0
2457943.5 21.5724952964 0 20.0168391737 0
2457944.5 21.0568548871 0 19.510822241 0
2457945.5 21.7201631397 0 20.1620101413 0
2457946.5 20.2908356258 0 18.7566635744 0
2457947.5 19.98671511 0 18.4581476355 0
2457948.5 20.6849440102 0 19.1433828079 0
2457949.5 21.2594054444 0 19.707329938 0
2457950.5 20.6619809526 0 19.1210387065 0
2457951.5 19.6923196234 0 18.1703130258 0
2457952.5 19.7307102516 0 18.2081128558 0
2457953.5 20.6095681489 0 19.0706605193 0
2457954.5 20.0362438556 0 18.5079400776 0
2457955.5 19.140106087 0 17.6283456662 0
2457956.5 19.1483063484 0 17.6387785142 0
2457957.5 19.2646267048 0 17.7530421538 0
2457958.5 19.178347275 0 17.6683564038 0
2457959.5 19.3541965434 0 17.840758329 0
2457960.5 19.6236591973 0 18.1053035711 0
2457961.5 19.0983858448 0 17.5896902554 0
2457962.5 14.8164813679 0 13.3892007288 0
2457963.5 14.9190938511 0 13.489757395 0
2457964.5 14.387989648 0 12.9685676579 0
2457965.5 14.9878117916 0 13.5572834649 0
2457966.5 14.7761538637 0 13.3494692184 0
2457967.5 14.4073055555 0 12.9874868783 0
2457968.5 15.5478941866 0 14.1053886248 0
2457969.5 16.2296356146 0 14.7745498061 0
2457970.5 15.9760374526 0 14.5258307476 0
2457971.5 16.1434697876 0 14.689984836 0
2457972.5 16.8561497339 0 15.3892843303 0
2457973.5 17.0185102874 0 15.5487001609 0
2457974.5 16.7045666095 0 15.2383033539 0
2457975.5 16.7286663309 0 15.2620922314 0
2457976.5 17.4543818796 0 15.9742917707 0
2457977.5 17.5842636736 0 16.1015706433 0
2457978.5 17.4505595854 0 15.9702017992 0
2457979.5 17.2373372425 0 15.760882826 0
2457980.5 21.2758472054 0 19.7242161016 0
2457981.5 20.365323759 0 18.8306509206 0
2457982.5 19.9195857548 0 18.39326927 0
2457983.5 20.2712847284 0 18.7384484228 0
2457984.5 18.094643304 0 16.5999003124 0
2457985.5 18.924378476 0 17.4140726713 0
2457986.5 19.3103010066 0 17.7930293026 0
2457987.5 19.8275864825 0 18.3007433729 0
2457988.5 19.9873953084 0 18.4574131309 0
2457989.5 19.3711696807 0 17.8527121351 0
2457990.5 11.0806057621 0 9.71896009532 0
2457991.5 10.6420360772 0 9.28849403189 0
2457992.5 10.8806359723 0 9.5228413668 0
2457993.5 10.1567494027 0 8.81235585207 0
2457994.5 10.1574586017 0 8.8130320616 0
2457995.5 9.80974483631 0 8.47188616565 0
2457996.5 11.3442056978 0 9.97883918238 0
2457997.5 10.5730760963 0 9.22211628919 0
2457998.5 10.9846506288 0 9.62595780072 0
2457999.5 10.5479792535 0 9.19751060581 0
2458000.5 10.6109681194 0 9.25945568939 0
2458001.5 12.6463600636 0 11.2547948975 0
2458002.5 12.9399986473 0 11.5428186639 0
2458003.5 12.7215218361 0 11.3283829958 0
2458004.5 12.2726601141 0 10.8879206538 0
2458005.5 12.180075978 0 10.7970706383 0
2458006.5 11.8509221413 0 10.4718516063 0
2458007.5 10.9792078534 0 9.61635541442 0
2458008.5 11.4389197779 0 10.0675017453 0
2458009.5 11.3555078866 0 9.98574811661 0
2458010.5 11.4787017928 0 10.1066379712 0
2458011.5 21.4907950141 0 19.9317095804 0
2458012.5 20.6148372227 0 19.0721169142 0
2458013.5 20.6374403487 0 19.0943618055 0
2458014.5 21.0439503475 0 19.4934039644 0
2458015.5 21.4409974232 0 19.8829712433 0
2458016.5 21.497689302 0 19.9381569427 0
2458017.5 21.0964343323 0 19.5444021749 0
2458018.5 21.2154643043 0 19.6614185578 0
2458019.5 20.5740104086 0 19.0318681181 0
2458020.5 20.6375411277 0 19.0943405888 0
2458021.5 13.1060793254 0 11.7027921831 0
2458022.5 13.7616901423 0 12.3463565501 0
2458023.5 13.7220830361 0 12.3074300784 0
2458024.5 14.5110672068 0 13.0816918966 0
2458025.5 14.8260461867 0 13.3907614532 0
2458026.5 15.1807979273 0 13.7378198083 0
2458027.5 15.6550969891 0 14.2032632731 0
2458028.5 16.1129430541 0 14.6526533222 0
2458029.5 16.295951341 0 14.8322288971 0
2458030.5 15.4261549109 0 13.9787382439 0
2458031.5 16.1427693852 0 14.6820451815 0
2458032.5 17.4430179722 0 15.9593425289 0
2458033.5 16.9043507917 0 15.4307946259 0
2458034.5 17.4752132781 0 15.9911328597 0
2458035.5 17.562810306 0 16.0770531853 0
2458036.5 14.3308524038 0 12.9045622579 0
2458037.5 14.3404555119 0 12.9139069105 0
2458038.5 14.1048481599 0 12.682595113 0
2458039.5 14.0329658797 0 12.6121283504 0
2458040.5 14.0601687025 0 12.6386951143 0
2458041.5 21.1562682872 0 19.6018100952 0
2458042.5 21.6146842245 0 20.051732076 0
2458043.5 22.2560559544 0 20.6811777627 0
2458044.5 23.0826427545 0 21.4923476205 0
2458045.5 16.0925338311 0 14.6349195747 0
2458046.5 15.4545032504 0 14.0085292656 0
2458047.5 15.1731659688 0 13.7322285843 0
2458048.5 15.1157053639 0 13.6758778541 0
2458049.5 15.0635135424 0 13.6249311188 0
2458050.5 15.0641392545 0 13.6254388627 0
2458051.5 14.3628706012 0 12.9371444799 0
2458052.5 13.5057118622 0 12.0956937964 0
2458053.5 12.6246214909 0 11.2318125364 0
2458054.5 12.8937564828 0 11.495818122 0
2458055.5 13.4971645622 0 12.0881820024 0
2458056.5 13.6896645798 0 12.2771924233 0
2458057.5 14.4292147318 0 13.0031828383 0
2458058.5 15.1951128127 0 13.7563751589 0
2458059.5 14.3068315658 0 12.8843811952 0
2458060.5 13.5686475136 0 12.1598736509 0
2458061.5 13.3753758261 0 11.9701699629 0
2458062.5 12.6881451873 0 11.2955319899 0
2458063.5 12.2001422794 0 10.8167379711 0
2458064.5 10.7875553174 0 9.42932641349 0
2458065.5 10.298920172 0 8.94961906257 0
2458066.5 9.40944498377 0 8.07680783652 0
2458067.5 9.77552060905 0 8.43595166716 0
2458068.5 9.29064987123 0 7.96013347716 0
2458069.5 10.7017266923 0 9.34227925192 0
2458070.5 10.56199129 0 9.2052535897 0
2458071.5 11.2197248242 0 9.85088038669 0
2458072.5 10.7387393862 0 9.37900492695 0
2458073.5 11.3598881275 0 9.98857969865 0
2458074.5 10.5966973613 0 9.2396869231 0
2458075.5 12.8472777596 0 11.4485788814 0
2458076.5 12.411508714 0 11.0208275769 0
2458077.5 11.7574353604 0 10.378719597 0
2458078.5 11.5383321322 0 10.1638302549 0
2458079.5 10.7047198481 0 9.34572732393 0
2458080.5 18.9946131732 0 17.4829965805 0
2458081.5 19.6884297375 0 18.1640730952 0
2458082.5 20.490353028 0 18.9511324446 0
2458083.5 20.3259174452 0 18.7898771057 0
2458084.5 20.461408966 0 18.9230287347 0
2458085.5 21.203652311 0 19.6514728349 0
2458086.5 17.4753947637 0 15.9935273153 0
2458087.5 18.3219799267 0 16.8245692728 0
2458088.5 17.5450915926 0 16.0620699485 0
2458089.5 18.3377003652 0 16.8401148992 0
2458090.5 18.8016106693 0 17.2952857481 0
2458091.5 12.5626390251 0 11.1735953911 0
2458092.5 12.3642517897 0 10.9787036358 0
2458093.5 12.858885772 0 11.4641964571 0
2458094.5 12.0900842983 0 10.709655741 0
2458095.5 11.2507860729 0 9.88595626278 0
2458096.5 11.8859389127 0 10.5093749561 0
2458097.5 16.1201642915 0 14.6657967298 0
2458098.5 15.4671344758 0 14.0249433488 0
2458099.5 15.4440208894 0 14.0023601835 0
2458100.5 16.2929235485 0 14.8353479661 0
2458101.5 12.977908917 0 11.5791437666 0
2458102.5 13.7501365412 0 12.3372257737 0
2458103.5 13.3854563142 0 11.9794651568 0
2458104.5 13.4574894438 0 12.0502405133 0
2458105.5 11.7739845902 0 10.3961288029 0
2458106.5 12.457219358 0 11.0666209614 0
2458107.5 13.3063620079 0 11.9000355058 0
2458108.5 13.0371320517 0 11.6357998013 0
2458109.5 13.0893421698 0 11.6871456133 0
2458110.5 21.4473284368 0 19.8934381823 0
2458111.5 20.5976979833 0 19.0594936599 0
2458112.5 21.1775222767 0 19.6286113507 0
2458113.5 20.5232140261 0 18.9865704857 0
2458114.5 20.7020164134 0 19.161908538 0
2458115.5 20.5619892859 0 19.0243610164 0
2458116.5 16.4895112882 0 15.0305742166 0
2458117.5 16.4132732177 0 14.9558028191 0
2458118.5 15.8576248988 0 14.4106109135 0
2458119.5 16.7509882662 0 15.287586014 0
2458120.5 15.8911279929 0 14.4437498746 0
2458121.5 15.3367544791 0 13.8996435784 0
2458122.5 12.5868741236 0 11.1986971733 0
2458123.5 12.6393105247 0 11.2501633254 0
2458124.5 11.7663875363 0 10.3935879762 0
2458125.5 11.7930675792 0 10.4196810298 0
2458126.5 12.6252744234 0 11.2364660088 0
2458127.5 19.5889973951 0 18.0712447918 0
2458128.5 18.958333839 0 17.452280966 0
2458129.5 19.4908067009 0 17.9749403534 0
2458130.5 18.9694536201 0 17.4632524799 0
2458131.5 21.5425071175 0 19.991368058 0
2458132.5 21.275743485 0 19.7294265891 0
2458133.5 21.7585136079 0 20.2032925842 0
2458134.5 22.6282261636 0 21.0568928228 0
2458135.5 22.6291763164 0 21.0580168373 0
2458136.5 21.7922084642 0 20.2345539238 0
2458137.5 22.1185598859 0 20.5547371492 0
2458138.5 22.5465376083 0 20.9747110753 0
2458139.5 22.4346958646 0 20.8649814666 0
2458140.5 22.5953938406 0 21.0226929357 0
2458141.5 23.4902986682 0 21.9011138149 0
2458142.5 15.6709585941 0 14.2287879915 0
2458143.5 15.2620457915 0 13.8273590141 0
2458144.5 16.190698524 0 14.7388394122 0
2458145.5 16.7664400187 0 15.3038779188 0
2458146.5 16.453732205 0 14.9968245269 0
2458147.5 16.6582374227 0 15.1973605083 0
2458148.5 15.2949743699 0 13.8619545181 0
2458149.5 16.2171008853 0 14.7669239665 0
2458150.5 15.7939098161 0 14.3517411611 0
2458151.5 15.4436658134 0 14.0079391226 0
2458152.5 18.0274538885 0 16.5453926763 0
2458153.5 18.1242064175 0 16.6403077336 0
2458154.5 18.6615054836 0 17.1676690281 0
2458155.5 18.7882975079 0 17.2921154352 0
2458156.5 19.2553963621 0 17.7506615363 0
2458157.5 18.9626313586 0 17.4608305988 0
2458158.5 19.0195014311 0 17.5165720208 0
2458159.5 19.4437609326 0 17.932826456 0
2458160.5 18.5828196041 0 17.0876731569 0
2458161.5 15.8434625923 0 14.3982407004 0
2458162.5 15.2794383433 0 13.8445049334 0
2458163.5 15.1517606048 0 13.7191790376 0
2458164.5 15.7255964936 0 14.2823200126 0
2458165.5 17.7859411824 0 16.3049574908 0
2458166.5 17.9931383566 0 16.5081681732 0
2458167.5 18.0436520086 0 16.5579241419 0
2458168.5 18.2833474461 0 16.7929979418 0
2458169.5 17.5945956176 0 16.1171005668 0
2458170.5 16.4087215642 0 14.9525064634 0
2458171.5 15.7692752308 0 14.3247674577 0
2458172.5 15.75124621 0 14.3069605882 0
2458173.5 15.4642524618 0 14.0251627441 0
2458174.5 16.1026138971 0 14.6515697157 0
2458175.5 15.676649566 0 14.2332851131 0
2458176.5 16.2954951119 0 14.8405682844 0
2458177.5 15.3629737446 0 13.9253396278 0
2458178.5 14.7338308949 0 13.307789271 0
2458179.5 14.3435893092 0 12.9247624707 0
2458180.5 16.21011382 0 14.7590373296 0
2458181.5 15.7690961889 0 14.3262188069 0
2458182.5 16.0648679795 0 14.6166452209 0
2458183.5 16.1800145136 0 14.7295526866 0
2458184.5 15.8763413184 0 14.4314447621 0
2458185.5 16.1412404008 0 14.6912520892 0
2458186.5 19.0984762369 0 17.593454169 0
2458187.5 18.4311293939 0 16.9386239667 0
2458188.5 18.9146168714 0 17.4131411714 0
2458189.5 18.2000721222 0 16.7116540612 0
2458190.5 18.3450113796 0 16.8539048857 0
2458191.5 17.4375550698 0 15.9626581413 0
2458192.5 16.5028068839 0 15.0450799353 0
2458193.5 17.3702200753 0 15.8963196815 0
2458194.5 16.9907442092 0 15.5237723231 0
2458195.5 12.8945119635 0 11.5024641516 0
2458196.5 13.6887458393 0 12.2818955932 0
2458197.5 14.0428312535 0 12.6293981751 0
2458198.5 14.62359241 0 13.1995275003 0
2458199.5 15.2538544579 0 13.81793817 0
2458200.5 14.3172003819 0 12.8984488028 0
2458201.5 15.5560389603 0 14.1142524358 0
2458202.5 15.8159939117 0 14.3694778107 0
2458203.5 15.0412068215 0 13.6090878355 0
2458204.5 15.7794763089 0 14.3338545116 0
2458205.5 16.1713828632 0 14.7185578702 0
2458206.5 18.9494994034 0 17.4461409462 0
2458207.5 18.7628777253 0 17.2630799738 0
2458208.5 19.2526894592 0 17.7439063546 0
2458209.5 18.8056135672 0 17.305233669 0
2458210.5 15.3245793573 0 13.8910493534 0
2458211.5 14.7085470479 0 13.2863138667 0
2458212.5 14.1014130989 0 12.6903202693 0
2458213.5 13.4308187 0 12.0321743892 0
2458214.5 12.6091822942 0 11.2257594131 0
2458215.5 12.6443358137 0 11.2602421467 0
2458216.5 13.0031144977 0 11.6134138442 0
2458217.5 12.8024444761 0 11.4166128587 0
2458218.5 13.6168794347 0 12.2157965992 0
2458219.5 13.0634045342 0 11.6726224187 0
2458220.5 15.3743598688 0 13.9414334971 0
2458221.5 14.9380789983 0 13.513055702 0
2458222.5 14.9559216623 0 13.5306302898 0
2458223.5 15.1580731887 0 13.7289376575 0
2458224.5 14.3090649568 0 12.8956913452 0
2458225.5 17.1636528277 0 15.6949261993 0
2458226.5 17.0566104527 0 15.5897252517 0
2458227.5 17.8734524067 0 16.3914806796 0
2458228.5 18.3185808545 0 16.8284655709 0
2458229.5 18.8894081271 0 17.3886123833 0
2458230.5 14.160072681 0 12.744677845 0
2458231.5 13.4187312465 0 12.0172601929 0
2458232.5 14.1559989775 0 12.7409749635 0
2458233.5 14.0825588835 0 12.6687349221 0
2458234.5 14.3439933153 0 12.9252848883 0
2458235.5 11.233191644 0 9.87124659487 0
2458236.5 11.2047194271 0 9.84340028425 0
2458237.5 11.2896481031 0 9.92681354621 0
2458238.5 11.0325061178 0 9.6742918532 0
2458239.5 11.1907612682 0 9.82952606588 0
2458240.5 18.5988578469 0 17.0977719632 0
2458241.5 18.0841787289 0 16.5924309013 0
2458242.5 18.2993323637 0 16.8035658141 0
2458243.5 18.819946678 0 17.3146299143 0
2458244.5 19.2251999347 0 17.7125662229 0
2458245.5 20.692383823 0 19.1534798205 0
2458246.5 20.3613723288 0 18.8286542766 0
2458247.5 19.5475668241 0 18.0300898773 0
2458248.5 19.8560657927 0 18.3330456174 0
2458249.5 19.1882225476 0 17.677734483 0
2458250.5 14.6503188062 0 13.2215728496 0
2458251.5 15.1146949997 0 13.6774785986 0
2458252.5 14.5287298983 0 13.1024483016 0
2458253.5 14.2053914557 0 12.7852466986 0
2458254.5 14.8242854858 0 13.3927628945 0
2458255.5 15.6878942617 0 14.2405167809 0
2458256.5 19.7557446545 0 18.2329116459 0
2458257.5 19.9119561437 0 18.386372356 0
2458258.5 19.5172031199 0 17.9988159682 0
2458259.5 18.7966098809 0 17.2915615138 0
2458260.5 20.1777054536 0 18.6453164594 0
2458261.5 19.8135604239 0 18.2879936045 0
2458262.5 20.2043550825 0 18.6715192376 0
2458263.5 20.8016153945 0 19.2577789459 0
2458264.5 20.1070242063 0 18.5759751088 0
2458265.5 19.3807755542 0 17.8630059002 0
2458266.5 16.0491110645 0 14.5934807142 0
2458267.5 15.5568140155 0 14.1103587332 0
2458268.5 15.6396895941 0 14.1916227147 0
2458269.5 16.481197704 0 15.0176253573 0
2458270.5 16.5520898642 0 15.087081504 0
2458271.5 18.9025996342 0 17.3914616665 0
2458272.5 18.1117145554 0 16.6150960007 0
2458273.5 17.6046710715 0 16.1174107743 0
2458274.5 16.8247388935 0 15.3517319079 0
2458275.5 17.7460091861 0 16.2539954626 0
2458276.5 17.0967956655 0 15.6168252459 0
2458277.5 16.8245867583 0 15.3497678112 0
2458278.5 16.2315468491 0 14.7676828299 0
2458279.5 19.3811254828 0 17.8594333632 0
2458280.5 19.8863326569 0 18.3553373796 0
2458281.5 19.6149105875 0 18.0887905825 0
2458282.5 18.7615874184 0 17.251463161 0
2458283.5 20.2609568204 0 18.7226189019 0
2458284.5 19.7283625373 0 18.1996941881 0
2458285.5 19.2734117404 0 17.7531933521 0
2458286.5 20.1902463984 0 18.6529227708 0
2458287.5 19.2425242175 0 17.7229163863 0
2458288.5 18.7046371014 0 17.1949020635 0
2458289.5 18.9281217968 0 17.4144087689 0
2458290.5 18.3760546705 0 16.8727155189 0
2458291.5 10.848523286 0 9.4832125115 0
2458292.5 10.9855647226 0 9.61760671189 0
2458293.5 11.2121325395 0 9.83986354509 0
2458294.5 10.8145498519 0 9.44949369065 0
2458295.5 18.8526341178 0 17.3405467231 0
2458296.5 19.1278477245 0 17.6105096448 0
2458297.5 19.3003246752 0 17.779929021 0
2458298.5 19.0576515327 0 17.5418588481 0
2458299.5 13.3168199847 0 11.9086178008 0
2458300.5 13.1119413524 0 11.7076734864 0
2458301.5 13.2395380969 0 11.8328162782 0
2458302.5 12.8053791326 0 11.4067078891 0
2458303.5 18.1356476158 0 16.6355069232 0
2458304.5 18.8018299648 0 17.2892726403 0
2458305.5 18.8948146659 0 17.3805992383 0
2458306.5 19.0716980294 0 17.5542362752 0
2458307.5 19.6427145444 0 18.1147834757 0
2458308.5 19.8240454014 0 18.2928046171 0
2458309.5 16.9738498737 0 15.4971622709 0
2458310.5 16.4411358014 0 14.9743815922 0
2458311.5 15.5611759385 0 14.1106764933 0
2458312.5 16.4425271135 0 14.9755210785 0
2458313.5 16.8588749578 0 15.3842843603 0
2458314.5 16.9076893097 0 15.4322764701 0
2458315.5 13.9624968946 0 12.5436635502 0
2458316.5 13.8473335783 0 12.4307068073 0
2458317.5 13.1735961988 0 11.7695404234 0
2458318.5 12.4705876916 0 11.0795819653 0
2458319.5 12.4234318901 0 11.0334631085 0
2458320.5 14.5391936258 0 13.1089337093 0
2458321.5 15.1738171649 0 13.7316444065 0
2458322.5 15.122366779 0 13.6811076153 0
2458323.5 14.9902580958 0 13.5514954471 0
2458324.5 14.3703510773 0 12.9429137233 0
2458325.5 20.0410801843 0 18.5076502799 0
2458326.5 20.0973077699 0 18.5626467757 0
2458327.5 19.3752738132 0 17.8540725827 0
2458328.5 19.8866045239 0 18.3557824146 0
2458329.5 14.8358210805 0 13.395934287 0
2458330.5 14.1617188929 0 12.7342197821 0
2458331.5 13.7990181321 0 12.3781227375 0
2458332.5 14.4541963597 0 13.0210180903 0
2458333.5 15.1467971106 0 13.70074627 0
2458334.5 16.2469754983 0 14.7827103253 0
2458335.5 15.8911065299 0 14.4334106755 0
2458336.5 15.1530629418 0 13.7092308584 0
2458337.5 15.4920963093 0 14.0420226674 0
2458338.5 11.7661422839 0 10.3830888676 0
2458339.5 11.2774457532 0 9.90354794165 0
2458340.5 11.9844152121 0 10.5974718829 0
2458341.5 12.89522422 0 11.4912657082 0
2458342.5 12.624837305 0 11.2257772085 0
2458343.5 12.1790664573 0 10.7883225482 0
2458344.5 12.5247156378 0 11.1267799091 0
2458345.5 12.2378155617 0 10.8452239639 0
2458346.5 11.6281774549 0 10.2468343697 0
2458347.5 10.7576066402 0 9.39241108251 0
2458348.5 10.7654466046 0 9.40009236378 0
2458349.5 10.3626971248 0 9.0038123071 0
2458350.5 11.0335081112 0 9.66212223869 0
2458351.5 10.9734368805 0 9.60312834628 0
2458352.5 10.5811345388 0 9.21801640092 0
2458353.5 9.93995121077 0 8.58864965976 0
2458354.5 13.4103528313 0 11.994731858 0
2458355.5 13.8193927783 0 12.3963534651 0
2458356.5 13.3192969017 0 11.9057084568 0
2458357.5 13.7495735389 0 12.3278505145 0
2458358.5 14.2242605296 0 12.7935591714 0
2458359.5 12.0424955502 0 10.6494358307 0
2458360.5 11.4998177968 0 10.1166794339 0
2458361.5 10.7478642253 0 9.37868079851 0
2458362.5 11.5234379721 0 10.1398432899 0
2458363.5 12.2667803154 0 10.8695974467 0
2458364.5 21.0479660123 0 19.4881905627 0
2458365.5 21.2582939572 0 19.6948118939 0
2458366.5 22.0962064157 0 20.5171377821 0
2458367.5 21.1872525169 0 19.624988889 0
2458368.5 14.9298413356 0 13.4844288121 0
2458369.5 14.5838196254 0 13.1446978471 0
2458370.5 13.9136955008 0 12.4868373855 0
2458371.5 14.7380262253 0 13.2959895651 0
2458372.5 20.5401694456 0 18.9883496622 0
2458373.5 21.0009237581 0 19.4404660919 0
2458374.5 20.1365635593 0 18.5922909227 0
2458375.5 20.956196259 0 19.3968026287 0
2458376.5 20.337777584 0 18.7900327695 0
2458377.5 20.8294549055 0 19.2727513916 0
2458378.5 15.0941659388 0 13.6411015653 0
2458379.5 15.8409957149 0 14.3739304756 0
2458380.5 15.8148124326 0 14.3483418809 0
2458381.5 14.9489424392 0 13.4983607193 0
2458382.5 14.8541959645 0 13.4054461805 0
2458383.5 14.805155632 0 13.3574378549 0
2458384.5 15.9069738739 0 14.4397827867 0
2458385.5 15.9529358079 0 14.48496774 0
2458386.5 15.2689838528 0 13.8137662202 0
2458387.5 15.1251926635 0 13.6726418625 0
2458388.5 14.5196048661 0 13.0783646105 0
2458389.5 13.362599829 0 11.9412225077 0
2458390.5 13.6813096729 0 12.2538969036 0
2458391.5 13.0871537216 0 11.6709434138 0
2458392.5 13.7392684439 0 12.310886281 0
2458393.5 13.7378367839 0 12.312414339 0
2458394.5 13.2704516438 0 11.853564817 0
2458395.5 13.7633239254 0 12.3373257779 0
2458396.5 13.2502048102 0 11.8338986012 0
2458397.5 14.0783318483 0 12.6467953705 0
2458398.5 15.6317119329 0 14.1706808611 0
2458399.5 16.0171912287 0 14.5490866728 0
2458400.5 16.1332581584 0 14.6631328381 0
2458401.5 15.6526462823 0 14.1915696018 0
2458402.5 15.7999568834 0 14.3361619195 0
2458403.5 14.9854524015 0 13.5347911912 0
2458404.5 14.282327861 0 12.8447331481 0
2458405.5 13.4167834504 0 11.9950475483 0
2458406.5 13.778371897 0 12.349803913 0
2458407.5 15.4505196593 0 13.9882709818 0
2458408.5 14.5887951623 0 13.1426536625 0
2458409.5 13.7391110524 0 12.3088594936 0
2458410.5 14.6489098158 0 13.2019283284 0
2458411.5 14.0334775083 0 12.5980445307 0
2458412.5 19.3904746051 0 17.8552265928 0
2458413.5 19.1251649731 0 17.5949164479 0
2458414.5 19.6138092085 0 18.0744129963 0
2458415.5 20.3095447733 0 18.7572150584 0
2458416.5 17.2699792978 0 15.7712696178 0
2458417.5 16.4042162185 0 14.9213828948 0
2458418.5 16.1142987421 0 14.6369864464 0
2458419.5 16.175225461 0 14.6969837814 0
2458420.5 15.4996361934 0 14.033765071 0
2458421.5 15.754948395 0 14.2844254201 0
2458422.5 17.2176567567 0 15.7200565708 0
2458423.5 16.806399309 0 15.3164024656 0
2458424.5 17.0401279861 0 15.5456788632 0
2458425.5 16.2630309556 0 14.7830356782 0
2458426.5 16.1865268652 0 14.7080772992 0
2458427.5 15.9782894699 0 14.5038198498 0
2458428.5 19.7652302681 0 18.2190591752 0
2458429.5 20.6804362784 0 19.1174278583 0
2458430.5 20.1865476403 0 18.6328099269 0
2458431.5 20.4899124022 0 18.9306438614 0
2458432.5 19.9648627157 0 18.4153329656 0
2458433.5 14.7557923409 0 13.3005813085 0
2458434.5 14.7244241428 0 13.2696375943 0
2458435.5 15.3023084935 0 13.8369958517 0
2458436.5 14.4137257728 0 12.964728935 0
2458437.5 14.515913513 0 13.0651557736 0
2458438.5 15.2873735007 0 13.8224054767 0
2458439.5 19.7454467938 0 18.1951154547 0
2458440.5 18.8311358565 0 17.2976197858 0
2458441.5 19.537460617 0 17.9906711605 0
2458442.5 20.4462178166 0 18.8825245622 0
2458443.5 15.6148175216 0 14.1387290061 0
2458444.5 14.9245636785 0 13.4611740463 0
2458445.5 15.3802594408 0 13.9085657999 0
2458446.5 14.4809060042 0 13.0258041326 0
2458447.5 16.5514655986 0 15.0602484016 0
2458448.5 16.9509476646 0 15.4523474799 0
2458449.5 16.44114399 0 14.9518810052 0
2458450.5 16.6299576855 0 15.1373841346 0
2458451.5 15.8384251425 0 14.3604973562 0
2458452.5 15.8973444303 0 14.4181950335 0
2458453.5 14.6251872149 0 13.1683770135 0
2458454.5 14.5465102008 0 13.0913279991 0
2458455.5 14.8859699476 0 13.4243066984 0
2458456.5 14.9927713989 0 13.5292649765 0
2458457.5 15.2526499314 0 13.78436917 0
2458458.5 10.9262048569 0 9.54073237341 0
2458459.5 11.2943886396 0 9.90218182219 0
2458460.5 12.0350403159 0 10.6291943755 0
2458461.5 12.1653443163 0 10.7569737363 0
2458462.5 11.9933671962 0 10.5882571934 0
2458463.5 12.6034037381 0 11.187516982 0
2458464.5 12.1351779126 0 10.7281200586 0
2458465.5 11.2122519118 0 9.82233218711 0
2458466.5 10.6757383793 0 9.2959606256 0
2458467.5 10.6465999351 0 9.26753333354 0
2458468.5 9.95217602697 0 8.58612361079 0
2458469.5 15.5455652635 0 14.0788271996 0
2458470.5 15.3279134292 0 13.8652195418 0
2458471.5 15.8963467014 0 14.4233094305 0
2458472.5 16.757262239 0 15.2683934073 0
2458473.5 19.9234996832 0 18.3778804854 0
2458474.5 20.1348864018 0 18.5851768969 0
2458475.5 19.2231939852 0 17.6903826302 0
2458476.5 19.0606613192 0 17.5307182863 0
2458477.5 19.347214124 0 17.812148966 0
2458478.5 19.1733599556 0 17.6414262118 0
2458479.5 17.7825254487 0 16.2746987463 0
2458480.5 17.5497423919 0 16.0462718976 0
2458481.5 17.899568935 0 16.389503384 0
2458482.5 17.1120623867 0 15.6166646752 0
2458483.5 16.2797087825 0 14.7995345051 0
2458484.5 18.2015068626 0 16.6852317603 0
2458485.5 17.6744729593 0 16.1681172365 0
2458486.5 17.2478214544 0 15.7495562828 0
2458487.5 16.8260676314 0 15.3357962393 0
2458488.5 17.1820905484 0 15.6853980801 0
2458489.5 11.8520579428 0 10.4527004648 0
2458490.5 11.359035187 0 9.96900587976 0
2458491.5 11.4971968458 0 10.1044378313 0
2458492.5 11.8990556425 0 10.4990391044 0
2458493.5 17.9242170349 0 16.4131698671 0
2458494.5 18.1399115454 0 16.62471833 0
2458495.5 18.0136002202 0 16.5008563581 0
2458496.5 17.0876479066 0 15.5921254843 0
2458497.5 17.4404721859 0 15.9384004925 0
2458498.5 17.2235863252 0 15.7256420354 0
2458499.5 15.6525221098 0 14.186365298 0
2458500.5 16.4022025791 0 14.9222982481 0
2458501.5 15.6837178482 0 14.217315492 0
2458502.5 14.8759375425 0 13.4244303239 0
2458503.5 15.6680149727 0 14.2018495749 0
2458504.5 16.5329222152 0 15.0506611822 0
2458505.5 15.2974862585 0 13.8403186442 0
2458506.5 14.8710335002 0 13.4216161195 0
2458507.5 15.3122222062 0 13.8546682091 0
2458508.5 14.9682105652 0 13.5170441106 0
2458509.5 14.593525514 0 13.1492843827 0
2458510.5 18.3605344439 0 16.848762559 0
2458511.5 17.686705845 0 16.1874058081 0
2458512.5 18.0435817892 0 16.5376271199 0
2458513.5 18.2838685161 0 16.7734467701 0
2458514.5 18.4440333252 0 16.930730474 0
2458515.5 18.7697739584 0 17.2506327013 0
2458516.5 14.2859525976 0 12.8496624779 0
2458517.5 15.1037017379 0 13.6523100668 0
2458518.5 14.6041118655 0 13.161957181 0
2458519.5 13.9838696989 0 12.5533116049 0
2458520.5 14.2225189071 0 12.7875686095 0
2458521.5 15.0704505799 0 13.6196861086 0
2458522.5 11.5880462629 0 10.2024732675 0
2458523.5 12.1096967275 0 10.7144435045 0
2458524.5 11.6996618181 0 10.3118585148 0
2458525.5 12.5449195761 0 11.1415178141 0
2458526.5 12.6818747007 0 11.2759322988 0
2458527.5 17.4711024356 0 15.9747840838 0
2458528.5 16.6239481691 0 15.143315934 0
2458529.5 15.9626283658 0 14.4942186312 0
2458530.5 16.7859885968 0 15.3022653212 0
2458531.5 17.9198496397 0 16.4166616946 0
2458532.5 18.1474067605 0 16.6400923174 0
2458533.5 18.7336694358 0 17.2153780014 0
2458534.5 17.9957033801 0 16.4910350512 0
2458535.5 17.8991002957 0 16.3962460398 0
2458536.5 18.2657169146 0 16.756045689 0
2458537.5 14.6674164309 0 13.2256322914 0
2458538.5 14.3115770504 0 12.8765500616 0
2458539.5 15.1928784491 0 13.7416358058 0
2458540.5 15.3213747461 0 13.8678348216 0
2458541.5 16.0055240767 0 14.5391922054 0
2458542.5 16.3782562243 0 14.9048352148 0
2458543.5 15.2710211699 0 13.8193602048 0
2458544.5 15.2591316567 0 13.8077308148 0
2458545.5 14.3627516647 0 12.9279194325 0
2458546.5 15.2664002807 0 13.8147012892 0
2458547.5 14.5663575943 0 13.1275529792 0
2458548.5 15.0610687342 0 13.6120845503 0
2458549.5 14.8995022361 0 13.4536479504 0
2458550.5 15.801893726 0 14.3392065299 0
2458551.5 16.712306122 0 15.2327184917 0
2458552.5 16.6396301528 0 15.1613620812 0
2458553.5 14.0324210909 0 12.6034029022 0
2458554.5 13.3591334302 0 11.9426706384 0
2458555.5 13.4185579169 0 12.0010741414 0
2458556.5 14.347470059 0 12.9126567764 0
2458557.5 14.8257206347 0 13.3820239266 0
2458558.5 17.5391076563 0 16.0470653644 0
2458559.5 18.0190430166 0 16.5182848705 0
2458560.5 17.8604676324 0 16.3626471099 0
2458561.5 17.3144770655 0 15.8269107828 0
2458562.5 18.0053075114 0 16.5049997228 0
2458563.5 17.167521939 0 15.6825755197 0
2458564.5 14.2673801589 0 12.8367715057 0
2458565.5 13.8804190746 0 12.4570961981 0
2458566.5 13.7907098284 0 12.3691945253 0
2458567.5 13.7602029823 0 12.3392622544 0
2458568.5 14.4234166759 0 12.9902200029 0
2458569.5 17.3578016843 0 15.8700728048 0
2458570.5 17.1140876826 0 15.6309782231 0
2458571.5 17.8957823244 0 16.3983234332 0
2458572.5 17.446277336 0 15.9573237127 0
2458573.5 11.5916748325 0 10.2103847747 0
2458574.5 11.8111665037 0 10.4256251651 0
2458575.5 11.0338214942 0 9.66264572316 0
2458576.5 11.4100615828 0 10.032015886 0
2458577.5 12.1613684827 0 10.7693795385 0
2458578.5 18.3023016956 0 16.798265607 0
2458579.5 17.4498377918 0 15.9614774941 0
2458580.5 17.6938016501 0 16.2010380012 0
2458581.5 17.0762319817 0 15.5948017772 0
2458582.5 16.8485521996 0 15.3712163309 0
2458583.5 17.3771381768 0 15.8901948675 0
2458584.5 11.9995556232 0 10.610407724 0
2458585.5 12.7180673662 0 11.3155700548 0
2458586.5 12.9047687302 0 11.49891408 0
2458587.5 12.4634655704 0 11.065880597 0
2458588.5 20.0498573119 0 18.5141915821 0
2458589.5 20.5868030469 0 19.0412330907 0
2458590.5 19.7058276486 0 18.1763802998 0
2458591.5 20.3255273045 0 18.7846417242 0
2458592.5 20.2106816034 0 18.6720818429 0
2458593.5 13.9913956352 0 12.5709740107 0
2458594.5 13.6851297325 0 12.2704897961 0
2458595.5 13.349002794 0 11.9407131989 0
2458596.5 12.5453198961 0 11.1517858391 0
2458597.5 11.0700577653 0 9.70189245335 0
2458598.5 11.46895364 0 10.0935013849 0
2458599.5 11.474256738 0 10.0989066599 0
2458600.5 11.6523039899 0 10.2734515092 0
2458601.5 10.865345427 0 9.50118386397 0
2458602.5 11.1039396338 0 9.73543117613 0
2458603.5 20.2156269174 0 18.6774217555 0
2458604.5 20.5841634811 0 19.0392831691 0
2458605.5 19.9436476214 0 18.4106132645 0
2458606.5 19.9973334519 0 18.4632538243 0
2458607.5 20.7754814145 0 19.2268052364 0
2458608.5 20.1444703735 0 18.6075031406 0
2458609.5 21.1366576637 0 19.5844629062 0
2458610.5 21.6379552264 0 20.0765626233 0
2458611.5 21.8633458733 0 20.2979344477 0
2458612.5 21.99148755 0 20.4237127748 0
2458613.5 22.1586710198 0 20.5878865704 0
2458614.5 22.2560542199 0 20.6833854957 0
2458615.5 17.8363265334 0 16.346611277 0
2458616.5 18.3743939434 0 16.8747127173 0
2458617.5 17.8090412518 0 16.3200052695 0
2458618.5 18.3818756827 0 16.8820769991 0
2458619.5 18.7277670944 0 17.2215941597 0
2458620.5 21.6653278263 0 20.107341899 0
2458621.5 22.0804016099 0 20.5146519594 0
2458622.5 22.3554621171 0 20.7844269552 0
2458623.5 23.050936993 0 21.4671879068 0
2458624.5 22.4615555481 0 20.888592868 0
2458625.5 21.7890252576 0 20.2285667089 0
2458626.5 16.7606194678 0 15.2956511563 0
2458627.5 16.3138805562 0 14.857082818 0
2458628.5 16.6695908588 0 15.2061044229 0
2458629.5 16.3248065877 0 14.8676661841 0
2458630.5 13.1643975854 0 11.7637032724 0
2458631.5 12.3091727422 0 10.9244371924 0
2458632.5 11.9773088063 0 10.5986463857 0
2458633.5 12.3451678056 0 10.9598154933 0
2458634.5 16.5814699462 0 15.117905362 0
2458635.5 16.0754665838 0 14.6210950596 0
2458636.5 15.3917303648 0 13.9501114544 0
2458637.5 14.6014294479 0 13.1746531183 0
2458638.5 14.9501478139 0 13.5169141868 0
2458639.5 20.6276156843 0 19.0882956675 0
2458640.5 21.4036101128 0 19.8500932641 0
2458641.5 21.5635873482 0 20.0071144185 0
2458642.5 21.8013505409 0 20.2404742047 0
2458643.5 21.7498908013 0 20.1898376762 0
2458644.5 20.2945661365 0 18.7637977794 0
2458645.5 19.9653284801 0 18.440770404 0
2458646.5 19.449462957 0 17.9343041129 0
2458647.5 18.9611381567 0 17.4551942127 0
2458648.5 19.242322118 0 17.7311088508 0
2458649.5 18.4065156154 0 16.9120465558 0
2458650.5 18.8826467616 0 17.3792033866 0
2458651.5 18.3398486171 0 16.8466268921 0
2458652.5 18.4071285892 0 16.9128232502 0
2458653.5 14.4730216075 0 13.0518300577 0
2458654.5 14.4186868936 0 12.9983548851 0
2458655.5 13.7017080656 0 12.2947212203 0
2458656.5 13.6510136057 0 12.2451170563 0
2458657.5 21.1875399961 0 19.6437424221 0
2458658.5 21.8537252587 0 20.2974399933 0
2458659.5 21.4980240583 0 19.9482465639 0
2458660.5 22.3498341683 0 20.7841939765 0
2458661.5 23.1653109219 0 21.5846919067 0
2458662.5 15.5716254003 0 14.1334584971 0
2458663.5 16.4570471869 0 15.0024503381 0
2458664.5 17.0388456667 0 15.5736381709 0
2458665.5 17.9816942664 0 16.499194791 0
2458666.5 18.1788779266 0 16.6916082759 0
2458667.5 17.9455601864 0 16.4628005061 0
2458668.5 18.6205454658 0 17.1252417992 0
2458669.5 18.0323638226 0 16.5478716147 0
2458670.5 17.881594383 0 16.3999935758 0
2458671.5 18.5002994126 0 17.0071543708 0
2458672.5 14.8386322867 0 13.4122556579 0
2458673.5 15.699388131 0 14.2569938457 0
2458674.5 16.4913133034 0 15.0341166088 0
2458675.5 16.608976793 0 15.1496392837 0
2458676.5 15.8588397941 0 14.4132241382 0
2458677.5 16.4597707041 0 15.0029047522 0
2458678.5 21.2017901695 0 19.6585980797 0
2458679.5 22.0741432553 0 20.5146957386 0
2458680.5 21.4530667786 0 19.9051923431 0
2458681.5 21.6750051238 0 20.1230130062 0
2458682.5 15.3914712346 0 13.9581470863 0
2458683.5 14.7372264322 0 13.3161085617 0
2458684.5 14.3969128945 0 12.9819535127 0
2458685.5 15.1945311915 0 13.7646016833 0
2458686.5 15.4882761157 0 14.0529749686 0
2458687.5 17.9496420567 0 16.4691435213 0
2458688.5 17.2768148914 0 15.8087877118 0
2458689.5 18.1438663128 0 16.6598503029 0
2458690.5 18.0825892779 0 16.5997633646 0
2458691.5 15.1030143715 0 13.6728116515 0
2458692.5 15.9428525654 0 14.4971882071 0
2458693.5 15.286023273 0 13.8526299667 0
2458694.5 14.4322142243 0 13.0145234228 0
2458695.5 14.8425509415 0 13.4173709102 0
2458696.5 18.9563597961 0 17.4570419286 0
2458697.5 18.5449612577 0 17.0531653827 0
2458698.5 19.0127790439 0 17.5122333576 0
2458699.5 19.5161943972 0 18.0062486085 0
2458700.5 11.982929915 0 10.6148460215 0
2458701.5 11.7055408303 0 10.3427844888 0
2458702.5 12.5313900819 0 11.1534937253 0
2458703.5 12.0908378087 0 10.7211076182 0
2458704.5 12.3328979779 0 10.9588146287 0
2458705.5 11.8498793977 0 10.4847913289 0
2458706.5 19.470751296 0 17.9622085492 0
2458707.5 20.2837306045 0 18.7600802993 0
2458708.5 19.5367815099 0 18.0271470258 0
2458709.5 19.7036793354 0 18.1911541597 0
2458710.5 19.120407812 0 17.6188599677 0
2458711.5 16.7431723784 0 15.2863901425 0
2458712.5 16.7442213914 0 15.2873832624 0
2458713.5 16.9011457117 0 15.4414512124 0
2458714.5 16.4341684322 0 14.9830746104 0
2458715.5 16.0518604079 0 14.6079701245 0
2458716.5 22.2825832331 0 20.7224504746 0
2458717.5 23.0984909303 0 21.5231659365 0
2458718.5 22.5436783571 0 20.9786183298 0
2458719.5 22.5578265 0 20.9927040148 0
2458720.5 21.8291150474 0 20.2775371485 0
2458721.5 14.8179704999 0 13.3941773337 0
2458722.5 15.7097444553 0 14.2695830852 0
2458723.5 15.8728024585 0 14.4296461176 0
2458724.5 16.6849272917 0 15.2267091191 0
2458725.5 16.3401917898 0 14.8882841759 0
2458726.5 21.6088042936 0 20.0589561861 0
2458727.5 22.1125675967 0 20.5532324782 0
2458728.5 21.7263094473 0 20.1740669446 0
2458729.5 21.140072811 0 19.5988001598 0
2458730.5 19.9667006494 0 18.4472263248 0
2458731.5 19.8475456541 0 18.3304387185 0
2458732.5 20.5121556315 0 18.9827162171 0
2458733.5 21.1755306104 0 19.6338961371 0
2458734.5 20.3765889189 0 18.8498688111 0
2458735.5 21.1049695461 0 19.5646577851 0
2458736.5 11.6349302138 0 10.2700600233 0
2458737.5 12.4742585907 0 11.0937028082 0
2458738.5 12.5005943861 0 11.1195487842 0
2458739.5 11.9503356066 0 10.5794008626 0
2458740.5 11.4246163655 0 10.063498923 0
2458741.5 12.3030290154 0 10.9255894249 0
2458742.5 19.3946239075 0 17.8851995317 0
2458743.5 18.5410742084 0 17.0475818546 0
2458744.5 17.6487649436 0 16.1719891735 0
2458745.5 17.9409916886 0 16.4588630768 0
2458746.5 17.1489640344 0 15.6830239155 0
2458747.5 17.8186662304 0 16.340440289 0
2458748.5 17.1558885025 0 15.6899096949 0
2458749.5 17.6411531637 0 16.166377945 0
2458750.5 16.9698740825 0 15.5074245688 0
2458751.5 20.122947588 0 18.6026261872 0
2458752.5 19.5031518368 0 17.9942984833 0
2458753.5 20.0143097566 0 18.496028685 0
2458754.5 20.675008484 0 19.1446043177 0
2458755.5 12.7967121468 0 11.4134348473 0
2458756.5 13.1449178749 0 11.7550141683 0
2458757.5 13.8207848374 0 12.4182949827 0
2458758.5 13.4369540551 0 12.0416011471 0
2458759.5 12.1409448117 0 10.7697114933 0
2458760.5 12.1843142303 0 10.812437492 0
2458761.5 11.3835491354 0 10.0266143218 0
2458762.5 12.107945911 0 10.7375970334 0
2458763.5 11.315549631 0 9.95995125242 0
2458764.5 11.4986109936 0 10.1395285379 0
2458765.5 15.9158002615 0 14.4755317462 0
2458766.5 16.7298616503 0 15.2744961889 0
2458767.5 17.329393374 0 15.8628202117 0
2458768.5 18.1138208783 0 16.6328735927 0
2458769.5 16.6590363071 0 15.2058819427 0
2458770.5 17.397657921 0 15.9307844114 0
2458771.5 18.2590987607 0 16.7763241744 0
2458772.5 17.518896346 0 16.0498015311 0
2458773.5 16.8379194486 0 15.3813820889 0
2458774.5 13.8110068743 0 12.4116548341 0
2458775.5 13.7340097328 0 12.3359760305 0
2458776.5 13.525254953 0 12.1309969878 0
2458777.5 13.4868160562 0 12.0932000103 0
2458778.5 12.6332921102 0 11.2554185827 0
2458779.5 13.0832817056 0 11.6969026039 0
2458780.5 18.5604621123 0 17.0712155315 0
2458781.5 19.3325132801 0 17.8288509177 0
2458782.5 18.6255196829 0 17.1349878382 0
2458783.5 18.6165229238 0 17.1262240183 0
2458784.5 20.5157996967 0 18.9905438892 0
2458785.5 20.7379146973 0 19.2085457408 0
2458786.5 20.5530920643 0 19.0273263369 0
2458787.5 20.7489973092 0 19.2195465558 0
2458788.5 16.9732528434 0 15.5116728474 0
2458789.5 16.3536943161 0 14.9037456551 0
2458790.5 16.6921493433 0 15.2359987879 0
2458791.5 17.4578698324 0 15.9875610245 0
2458792.5 16.9741133934 0 15.512758935 0
2458793.5 17.1195215452 0 15.6553598365 0
2458794.5 12.288187627 0 10.9123489874 0
2458795.5 11.7559236713 0 10.389816068 0
2458796.5 11.8606106233 0 10.492651818 0
2458797.5 12.2919728945 0 10.9159723941 0
2458798.5 12.8786998992 0 11.4919644093 0
2458799.5 13.3207664845 0 11.9259387183 0
2458800.5 18.389617491 0 16.8991811206 0
2458801.5 18.9488373901 0 17.4479608872 0
2458802.5 18.9633745513 0 17.4622757384 0
2458803.5 19.5959092915 0 18.0831676327 0
2458804.5 19.7562727897 0 18.240694308 0
2458805.5 14.5829112427 0 13.1633826004 0
2458806.5 14.9173216213 0 13.4917254303 0
2458807.5 14.6157089672 0 13.1957291654 0
2458808.5 14.5886286458 0 13.1691897343 0
2458809.5 13.9198804951 0 12.5126587113 0
2458810.5 14.0754399988 0 12.6652565096 0
2458811.5 15.3550108094 0 13.919458208 0
2458812.5 15.8272687134 0 14.3828079415 0
2458813.5 14.9239186777 0 13.4961015108 0
2458814.5 14.9103604546 0 13.4828902492 0
2458815.5 16.6560668472 0 15.1945845728 0
2458816.5 17.29304465 0 15.8199235418 0
2458817.5 16.5086081208 0 15.0501923655 0
2458818.5 16.1034478425 0 14.6526391298 0
2458819.5 16.3105105148 0 14.855973556 0
2458820.5 16.1008949509 0 14.6502975634 0
2458821.5 12.9619664358 0 11.5674881482 0
2458822.5 13.8408150109 0 12.430110067 0
2458823.5 14.4446791369 0 13.0226259707 0
2458824.5 14.7005764683 0 13.2737673217 0
2458825.5 15.520461032 0 14.0783439274 0
2458826.5 14.6532503588 0 13.2297816007 0
2458827.5 14.5404848895 0 13.1191769339 0
2458828.5 14.3572471716 0 12.9395387612 0
2458829.5 13.8808144383 0 12.4718797703 0
2458830.5 21.8297783824 0 20.2760827365 0
2458831.5 22.4424463486 0 20.8774187497 0
2458832.5 22.7065788056 0 21.136838313 0
2458833.5 23.3545983656 0 21.772889209 0
2458834.5 16.6428625415 0 15.1867246713 0
2458835.5 16.2066288294 0 14.7587669054 0
2458836.5 15.3512021398 0 13.9191604579 0
2458837.5 14.5220629712 0 13.1053805527 0
2458838.5 14.7672376125 0 13.3459246751 0
2458839.5 13.2969351342 0 11.9009149504 0
2458840.5 12.9763153569 0 11.5864386979 0
2458841.5 13.1269091064 0 11.7343852221 0
2458842.5 12.4514884597 0 11.0714579086 0
2458843.5 12.8121569267 0 11.4252916105 0
2458844.5 12.9954094723 0 11.6051671683 0
2458845.5 18.0160431163 0 16.530079787 0
2458846.5 17.2349624117 0 15.7634477414 0
2458847.5 18.0659530919 0 16.5789787312 0
2458848.5 17.9033151177 0 16.4193598853 0
2458849.5 18.8450613038 0 17.3437988776 0
2458850.5 19.3267997734 0 17.8166631769 0
2458851.5 21.2305215072 0 19.6827023771 0
2458852.5 20.9358544871 0 19.3936296589 0
2458853.5 20.0556523581 0 18.5297186756 0
2458854.5 20.3654353354 0 18.833592343 0
2458855.5 21.2762340471 0 19.7276745885 0
2458856.5 20.9313454476 0 19.3892942064 0
2458857.5 11.3336094008 0 9.96937103354 0
2458858.5 11.665734092 0 10.295268319 0
2458859.5 11.9616583713 0 10.5857654821 0
2458860.5 12.3538628119 0 10.9706150144 0
2458861.5 12.2653868353 0 10.8836410014 0
2458862.5 15.1598748837 0 13.7232555234 0
2458863.5 15.6089280021 0 14.1638228972 0
2458864.5 15.0556258446 0 13.6208520867 0
2458865.5 14.2957216559 0 12.8751243616 0
2458866.5 14.3471641345 0 12.9254503543 0
2458867.5 14.57165598 0 13.1441620231 0
2458868.5 15.1536772965 0 13.7152727489 0
2458869.5 15.1674930897 0 13.7287851234 0
2458870.5 15.8370260639 0 14.3859315119 0
2458871.5 16.0719392063 0 14.6165979314 0
2458872.5 16.8671913226 0 15.396929754 0
2458873.5 17.0120704824 0 15.5417406887 0
2458874.5 16.1058759562 0 14.6524065589 0
2458875.5 16.6537736038 0 15.1902191023 0
2458876.5 17.4888279078 0 16.0096414167 0
2458877.5 18.3081807204 0 16.8138398562 0
2458878.5 19.0765465564 0 17.5680538109 0
2458879.5 12.998813046 0 11.6032954041 0
2458880.5 12.7842518625 0 11.3927698134 0
2458881.5 12.7397342635 0 11.3489781921 0
2458882.5 13.6469142696 0 12.2394687059 0
2458883.5 16.8865582931 0 15.420301899 0
2458884.5 16.7338210893 0 15.2702577549 0
2458885.5 16.6678438813 0 15.2057046475 0
2458886.5 17.5233188984 0 16.0452566393 0
2458887.5 17.5310749689 0 16.0528601016 0
2458888.5 11.9844773406 0 10.6073625276 0
2458889.5 11.4769997025 0 10.1092345214 0
2458890.5 10.8881686258 0 9.53150774735 0
2458891.5 10.8606119179 0 9.50462723692 0
2458892.5 11.7358537702 0 10.3637094656 0
2458893.5 11.76797473 0 10.3953521945 0
2458894.5 12.6736547114 0 11.2843330236 0
2458895.5 12.2427534369 0 10.8615319547 0
2458896.5 12.051152118 0 10.6736285053 0
2458897.5 21.8646888711 0 20.3058989465 0
2458898.5 21.1660699542 0 19.6202406706 0
2458899.5 21.4136072787 0 19.8632462176 0
2458900.5 20.6543776606 0 19.118247868 0
2458901.5 20.3308717444 0 18.8009141867 0
2458902.5 20.7940404311 0 19.2553493324 0
2458903.5 21.070683968 0 19.5270275442 0
2458904.5 20.4581984604 0 18.9258950071 0
2458905.5 19.8254395547 0 18.3048725872 0
2458906.5 19.1361858549 0 17.6285183451 0
2458907.5 18.402323942 0 16.9083143014 0
2458908.5 12.2930186283 0 10.9150381075 0
2458909.5 12.0516972931 0 10.6783334878 0
2458910.5 12.5778000425 0 11.1945126707 0
2458911.5 12.3863140785 0 11.0064273895 0
2458912.5 12.3701555285 0 10.9904046304 0
2458913.5 12.0033778981 0 10.6304289452 0
2458914.5 20.2151860265 0 18.6903175852 0
2458915.5 19.5766700593 0 18.0637083156 0
2458916.5 19.4673264531 0 17.9565151712 0
2458917.5 19.4333481801 0 17.9232552446 0
2458918.5 21.7152571096 0 20.1660702216 0
2458919.5 21.2885760307 0 19.7470944046 0
2458920.5 22.1467519157 0 20.5892907911 0
2458921.5 21.6725124647 0 20.1240066803 0
2458922.5 17.8219446305 0 16.344282465 0
2458923.5 17.0355604697 0 15.5722773943 0
2458924.5 17.2922212323 0 15.8242157923 0
2458925.5 17.5741858188 0 16.1011200352 0
2458926.5 17.0471546402 0 15.5836752934 0
2458927.5 11.6475296765 0 10.285978624 0
2458928.5 12.4119181 0 11.0363044657 0
2458929.5 11.8029302955 0 10.4388020473 0
2458930.5 11.7524903675 0 10.3892476576 0
2458931.5 10.8642235873 0 9.51756788207 0
2458932.5 10.1814633427 0 8.84758522011 0
2458933.5 20.661459295 0 19.1323461297 0
2458934.5 20.0927815358 0 18.5742405535 0
2458935.5 19.9543162946 0 18.4382690825 0
2458936.5 19.5247151601 0 18.0166384497 0
2458937.5 18.6219085498 0 17.1304591828 0
2458938.5 18.310460465 0 16.8247925249 0
2458939.5 13.4496864205 0 12.0531222176 0
2458940.5 13.6263677393 0 12.2265616095 0
2458941.5 12.7284883134 0 11.3452055945 0
2458942.5 13.651260924 0 12.2508614028 0
2458943.5 14.480120095 0 13.0643196024 0
2458944.5 14.1027003893 0 12.6937649199 0
2458945.5 21.9566784418 0 20.3998471088 0
2458946.5 21.702203608 0 20.1501297655 0
2458947.5 21.1195917152 0 19.5782857111 0
2458948.5 21.4429797971 0 19.8955622732 0
2458949.5 21.048900501 0 19.5086248659 0
2458950.5 21.5119103634 0 19.9629072152 0
2458951.5 17.5386077991 0 16.0650622616 0
2458952.5 17.1351693779 0 15.6690644597 0
2458953.5 17.2470384978 0 15.7788959371 0
2458954.5 16.5562790416 0 15.1009752547 0
2458955.5 20.6883501814 0 19.1569850031 0
2458956.5 20.9546594938 0 19.4183907341 0
2458957.5 21.4997979173 0 19.9536013629 0
2458958.5 21.8342784338 0 20.2819464577 0
2458959.5 21.4632750952 0 19.9179969428 0
2458960.5 16.3524922325 0 14.9047775282 0
2458961.5 16.8241904906 0 15.3679041957 0
2458962.5 16.1399738363 0 14.6962161091 0
2458963.5 16.156171919 0 14.7121307918 0
2458964.5 14.4061764694 0 12.9930162741 0
2458965.5 13.6953252977 0 12.2954575019 0
2458966.5 12.8805911341 0 11.4957014417 0
2458967.5 13.0505583389 0 11.662377776 0
2458968.5 15.2104805893 0 13.7854594427 0
2458969.5 16.1354146588 0 14.6934487876 0
2458970.5 17.0353934272 0 15.576603402 0
2458971.5 16.9878551815 0 15.530122076 0
2458972.5 17.44712499 0 15.9808944699 0
2458973.5 17.7446934871 0 16.2728450805 0
2458974.5 15.9890292774 0 14.5474566068 0
2458975.5 15.5249244651 0 14.0919603548 0
2458976.5 15.1552680048 0 13.7291865396 0
2458977.5 15.0476824901 0 13.6234905907 0
2458978.5 13.7021465726 0 12.3009427099 0
2458979.5 13.3334266304 0 11.9390500407 0
2458980.5 13.8757556798 0 12.4712821778 0
2458981.5 13.6954105119 0 12.2942908302 0
2458982.5 14.8539131105 0 13.4290023839 0
2458983.5 14.0758858239 0 12.6653070801 0
2458984.5 13.924899885 0 12.5170405466 0
2458985.5 13.5224047422 0 12.1221693587 0
2458986.5 13.3860142932 0 11.9884752098 0
2458987.5 12.9055186652 0 11.5170411312 0
2458988.5 18.2688830088 0 16.7838161605 0
2458989.5 17.4560874389 0 15.9860304046 0
2458990.5 18.3222665386 0 16.8360918188 0
2458991.5 19.1549570105 0 17.6534357897 0
2458992.5 19.0786031948 0 17.5783653062 0
2458993.5 18.4509859472 0 16.9621769414 0
2458994.5 15.0915249257 0 13.6653332287 0
2458995.5 14.5262370192 0 13.110616719 0
2458996.5 13.8185809273 0 12.4158898404 0
2458997.5 13.294763045 0 11.90160175 0
2458998.5 14.1475242299 0 12.7385481324 0
2458999.5 15.0019615247 0 13.5772013435 0
2459000.5 15.2290577141 0 13.7998956434 0
2459001.5 14.7951212137 0 13.3738567142 0
2459002.5 15.2693142585 0 13.839357905 0
2459003.5 15.2359997325 0 13.80672865 0
2459004.5 11.6087321482 0 10.2453043873 0
2459005.5 12.1604230522 0 10.7866017461 0
2459006.5 11.5146507942 0 10.1528513182 0
2459007.5 10.8904418802 0 9.5403071341 0
2459008.5 10.9944513583 0 9.64221932189 0
2459009.5 16.2836068071 0 14.8304934433 0
2459010.5 15.7013726247 0 14.2591735828 0
2459011.5 16.598459199 0 15.1395981731 0
2459012.5 15.8457001239 0 14.400989364 0
2459013.5 22.1244763308 0 20.5656547144 0
2459014.5 22.5281326326 0 20.9618550141 0
2459015.5 21.8940502392 0 20.3393918928 0
2459016.5 22.8167236406 0 21.2449754175 0
2459017.5 22.8440353595 0 21.2718118835 0
2459018.5 22.9185730118 0 21.3449436367 0
2459019.5 15.7524468798 0 14.3095643815 0
2459020.5 16.0605376607 0 14.6118041746 0
2459021.5 15.3056989333 0 13.8709909373 0
2459022.5 14.7128806327 0 13.2890386705 0
2459023.5 15.1651700396 0 13.7327630614 0
2459024.5 14.2984966021 0 12.8821354888 0
2459025.5 21.1972179092 0 19.6548008739 0
2459026.5 20.3534368736 0 18.8264999247 0
2459027.5 20.1672351918 0 18.6439096759 0
2459028.5 20.4234388429 0 18.8951764533 0
2459029.5 20.5374146767 0 19.0069490128 0
2459030.5 21.3161738242 0 19.7711667301 0
2459031.5 13.319229478 0 11.9199181561 0
2459032.5 13.3690870011 0 11.9690068981 0
2459033.5 13.2086415742 0 11.8116329152 0
2459034.5 13.4481856166 0 12.0469178483 0
2459035.5 12.8168003879 0 11.4273865724 0
2459036.5 21.4102561621 0 19.862723688 0
2459037.5 20.6848211889 0 19.1505374146 0
2459038.5 20.7189808548 0 19.1840440982 0
2459039.5 20.0905486061 0 18.5672341588 0
2459040.5 19.1781445508 0 17.6717546018 0
2459041.5 20.0106479595 0 18.4887158727 0
2459042.5 13.416598056 0 12.0184364257 0
2459043.5 13.8842323331 0 12.4774675474 0
2459044.5 12.9895650069 0 11.5994303078 0
2459045.5 12.3539064671 0 10.9756288357 0
2459046.5 11.7868715126 0 10.4191494809 0
2459047.5 16.1904722848 0 14.7420871335 0
2459048.5 16.9161619622 0 15.4544115054 0
2459049.5 17.3494012192 0 15.8798106914 0
2459050.5 16.5903648388 0 15.1349497156 0
2459051.5 20.4480354507 0 18.9185539744 0
2459052.5 19.7313153523 0 18.2150665632 0
2459053.5 19.1560508775 0 17.6504674354 0
2459054.5 19.6509720278 0 18.1360540239 0
2459055.5 18.7843812191 0 17.2853372649 0
2459056.5 21.098674447 0 19.5598232451 0
2459057.5 21.7967937413 0 20.24509999 0
2459058.5 21.4043602777 0 19.8597540689 0
2459059.5 21.6388616253 0 20.0898382595 0
2459060.5 21.3612851915 0 19.8172132922 0
2459061.5 20.882023682 0 19.3468999422 0
2459062.5 21.5425952226 0 19.9929957566 0
2459063.5 22.2924014697 0 20.7287809713 0
2459064.5 21.7795340493 0 20.2252196407 0
2459065.5 21.1386046295 0 19.5963029798 0
2459066.5 20.0568880134 0 18.5378681423 0
2459067.5 20.7769456874 0 19.2446523267 0
2459068.5 19.9202483625 0 18.4038649681 0
2459069.5 19.063978357 0 17.5635980397 0
2459070.5 19.4055118889 0 17.8988922332 0
2459071.5 19.4866270128 0 17.9785246932 0
2459072.5 20.5808480885 0 19.0511026288 0
2459073.5 20.8009801574 0 19.2670738745 0
2459074.5 21.7241372498 0 20.1731268738 0
2459075.5 20.9024293845 0 19.3665217014 0
2459076.5 21.2103928515 0 19.6689208905 0
2459077.5 16.0127584651 0 14.5658603285 0
2459078.5 15.5894043881 0 14.1501953642 0
2459079.5 14.6646074535 0 13.242513979 0
2459080.5 15.042841011 0 13.6135415041 0
2459081.5 17.4041809501 0 15.9285038377 0
2459082.5 16.8469011321 0 15.3817067182 0
2459083.5 17.3868617846 0 15.9116133859 0
2459084.5 16.8904975202 0 15.4243619548 0
2459085.5 17.5338888565 0 16.0559933571 0
2459086.5 17.4234976595 0 15.9475630589 0
2459087.5 16.4408991772 0 14.9851631929 0
