2457258.5 17.2414948266 0 15.850881819 0
2457259.5 16.6546140635 0 15.2746920734 0
2457260.5 15.8163507939 0 14.4517828455 0
2457261.5 15.6832418677 0 14.3212701499 0
2457262.5 16.0157701987 0 14.6475010821 0
2457263.5 16.8054957947 0 15.4226256341 0
2457264.5 18.194761889 0 16.7885413918 0
2457265.5 17.8774681106 0 16.4770813792 0
2457266.5 17.9778755324 0 16.5757787536 0
2457267.5 18.426486197 0 17.0158738891 0
2457268.5 19.3001639548 0 17.873453785 0
2457269.5 19.0509404419 0 17.6290138037 0
2457270.5 16.7498679492 0 15.3705465273 0
2457271.5 17.5616795927 0 16.167479353 0
2457272.5 18.4244867995 0 17.0144504755 0
2457273.5 18.3704508207 0 16.9613277799 0
2457274.5 18.0835803213 0 16.6795950152 0
2457275.5 24.5227567163 0 23.0016398371 0
2457276.5 24.6144058087 0 23.0916048711 0
2457277.5 24.4879012479 0 22.9674361906 0
2457278.5 24.7328423146 0 23.2076833574 0
2457279.5 25.264230201 0 23.7291592574 0
2457280.5 26.2784110174 0 24.725734792 0
2457281.5 26.1044313476 0 24.5548148565 0
2457282.5 26.9502322126 0 25.3855685109 0
2457283.5 27.4510929423 0 25.8775203391 0
2457284.5 28.0127702523 0 26.4296411384 0
2457285.5 18.6571416597 0 17.2459536169 0
2457286.5 18.0688421929 0 16.6684544989 0
2457287.5 18.9072192914 0 17.4911268058 0
2457288.5 19.2998517008 0 17.8766314639 0
2457289.5 20.8682117503 0 19.4160662104 0
2457290.5 20.0479864602 0 18.6108805222 0
2457291.5 19.7934781369 0 18.3609302671 0
2457292.5 20.0572266175 0 18.6198249732 0
2457293.5 18.5777467164 0 17.1678433224 0
2457294.5 19.4305158294 0 18.0050006203 0
2457295.5 18.6206018459 0 17.2102010847 0
2457296.5 18.6408543767 0 17.2299911798 0
2457297.5 17.8425312724 0 16.4437905067 0
2457298.5 18.7494503352 0 17.3337453894 0
2457299.5 18.4057807034 0 16.9965495269 0
2457300.5 18.7741979937 0 17.3581331897 0
2457301.5 25.5329303932 0 23.9906775867 0
2457302.5 25.3989362883 0 23.8591209824 0
2457303.5 26.2683664796 0 24.7126856242 0
2457304.5 27.070909079 0 25.5006903271 0
2457305.5 20.9274112595 0 19.4675438464 0
2457306.5 20.2031191149 0 18.756711248 0
2457307.5 20.3828782893 0 18.9330478421 0
2457308.5 19.4721699347 0 18.039202599 0
2457309.5 19.7572812092 0 18.3188457969 0
2457310.5 24.1672920976 0 22.6493156995 0
2457311.5 24.4580267314 0 22.9347980847 0
2457312.5 23.9512295547 0 22.437387999 0
2457313.5 23.8682704213 0 22.3558261837 0
2457314.5 21.2635589144 0 19.7975431951 0
2457315.5 21.6655956325 0 20.1922784522 0
2457316.5 22.1486395491 0 20.6663973103 0
2457317.5 21.7796800005 0 20.3043204202 0
2457318.5 21.7322947893 0 20.2576701527 0
2457319.5 21.0201458404 0 19.5588703419 0
2457320.5 24.0819252464 0 22.5646794715 0
2457321.5 23.5639636209 0 22.0563759191 0
2457322.5 24.1700427028 0 22.6511890144 0
2457323.5 24.1329673907 0 22.6149899593 0
2457324.5 23.6998423682 0 22.1899685151 0
2457325.5 23.789197718 0 22.2775585866 0
2457326.5 23.2008706225 0 21.7013957484 0
2457327.5 22.3298898917 0 20.8465495932 0
2457328.5 21.9388615892 0 20.4628632071 0
2457329.5 22.8101684358 0 21.317979839 0
2457330.5 23.4203925649 0 21.9170406096 0
2457331.5 18.6866622402 0 17.2716989031 0
2457332.5 19.0975286779 0 17.6748788708 0
2457333.5 18.2743764177 0 16.8667949539 0
2457334.5 19.0064823424 0 17.5854663253 0
2457335.5 18.1009695603 0 16.6966362891 0
2457336.5 18.5869136626 0 17.1736164156 0
2457337.5 25.2522036117 0 23.7135814791 0
2457338.5 25.2381623271 0 23.699946954 0
2457339.5 24.5654527841 0 23.0398054161 0
2457340.5 23.713578823 0 22.2036958637 0
2457341.5 24.0575075059 0 22.5411391595 0
2457342.5 21.1093574547 0 19.6447712738 0
2457343.5 20.5488545877 0 19.094590972 0
2457344.5 20.2409252161 0 18.7922915143 0
2457345.5 19.4659851624 0 18.0315546449 0
2457346.5 16.3069417452 0 14.9342808669 0
2457347.5 16.4075546704 0 15.0329885097 0
2457348.5 15.7428948513 0 14.3808050176 0
2457349.5 15.0588466032 0 13.7094200276 0
2457350.5 14.4797932489 0 13.1409763286 0
2457351.5 25.7248708358 0 24.1775534029 0
2457352.5 26.6073036061 0 25.0439190257 0
2457353.5 27.3432546086 0 25.7669308426 0
2457354.5 26.767777241 0 25.2017530152 0
2457355.5 26.2482646575 0 24.6913869035 0
2457356.5 23.2304641644 0 21.7267881915 0
2457357.5 24.1269805932 0 22.6066031161 0
2457358.5 24.331618872 0 22.8073744265 0
2457359.5 23.9233911869 0 22.4065333685 0
2457360.5 24.7366435854 0 23.2047697174 0
2457361.5 25.0699570455 0 23.5320082765 0
2457362.5 22.7728527669 0 21.2789602623 0
2457363.5 22.4347009764 0 20.9468868382 0
2457364.5 21.8393849523 0 20.3625535347 0
2457365.5 22.0791695978 0 20.5979565221 0
2457366.5 22.8625765806 0 21.3670513351 0
2457367.5 23.929112589 0 22.4113105826 0
2457368.5 24.1218604818 0 22.6004447845 0
2457369.5 24.7168475646 0 23.1844577028 0
2457370.5 25.3877420395 0 23.8429317802 0
2457371.5 24.7211212526 0 23.1887129258 0
2457372.5 24.4305620965 0 22.9034695543 0
2457373.5 25.3629729862 0 23.8202949778 0
2457374.5 26.0452034703 0 24.4899572576 0
2457375.5 25.8840063701 0 24.3318647021 0
2457376.5 26.663375141 0 25.0970631646 0
2457377.5 27.3756915715 0 25.7968123129 0
2457378.5 18.1210673068 0 16.7102372713 0
2457379.5 18.6458609671 0 17.225394967 0
2457380.5 18.6011583521 0 17.181366524 0
2457381.5 18.9334571544 0 17.5075933122 0
2457382.5 17.3902657054 0 15.9955413128 0
2457383.5 16.5904353041 0 15.210510772 0
2457384.5 16.5904747667 0 15.2103652701 0
2457385.5 15.823548884 0 14.4576860429 0
2457386.5 16.0389050617 0 14.6689537063 0
2457387.5 15.7306114111 0 14.3662981822 0
2457388.5 24.2157710759 0 22.6932884476 0
2457389.5 24.4663809332 0 22.9394774035 0
2457390.5 23.9137777414 0 22.3969911788 0
2457391.5 23.3374265559 0 21.8311179968 0
2457392.5 24.086361003 0 22.5662696537 0
2457393.5 23.7406400408 0 22.2269372601 0
2457394.5 24.3619460171 0 22.8368379859 0
2457395.5 24.2924115796 0 22.7686987413 0
2457396.5 21.7760933891 0 20.2994595047 0
2457397.5 22.0541622552 0 20.5725369402 0
2457398.5 22.0830221607 0 20.6007950788 0
2457399.5 21.4393856752 0 19.9689383503 0
2457400.5 24.1327939684 0 22.6117467941 0
2457401.5 24.9975186731 0 23.460360446 0
2457402.5 25.5139449348 0 23.9672550084 0
2457403.5 24.9229594797 0 23.3871244758 0
2457404.5 25.8344533881 0 24.2819949138 0
2457405.5 25.8969323809 0 24.3433918102 0
2457406.5 18.3964379296 0 16.9819956444 0
2457407.5 18.7131542606 0 17.2929064731 0
2457408.5 18.0634539727 0 16.6552212732 0
2457409.5 17.6683242009 0 16.2673281143 0
2457410.5 17.286047594 0 15.8920747606 0
2457411.5 22.4848654956 0 20.9928541027 0
2457412.5 22.432570421 0 20.9415229334 0
2457413.5 21.5587273239 0 20.0838775908 0
2457414.5 22.4342420329 0 20.9432285812 0
2457415.5 22.3277967765 0 20.8389392406 0
2457416.5 22.2752901854 0 20.7876046551 0
2457417.5 20.221485088 0 18.7738311793 0
2457418.5 20.003999065 0 18.560329771 0
2457419.5 20.5339866527 0 19.0803485876 0
2457420.5 19.7050636294 0 18.266696528 0
2457421.5 20.3792786717 0 18.9282273896 0
2457422.5 21.17041915 0 19.7047848094 0
2457423.5 21.6769722431 0 20.204222459 0
2457424.5 21.2063715417 0 19.7425332889 0
2457425.5 21.2800804123 0 19.8150556248 0
2457426.5 22.002620881 0 20.52426439 0
2457427.5 21.2880446583 0 19.82277384 0
2457428.5 21.8196437768 0 20.3445853525 0
2457429.5 25.9130188812 0 24.3622754457 0
2457430.5 26.1442977224 0 24.5893030464 0
2457431.5 27.0457889682 0 25.4748414849 0
2457432.5 27.0787526082 0 25.5070775878 0
2457433.5 27.2578543949 0 25.683209274 0
2457434.5 26.3518988548 0 24.7931954084 0
2457435.5 24.6283445471 0 23.1020816883 0
2457436.5 23.9231285983 0 22.4097488122 0
2457437.5 24.2299220118 0 22.7109297259 0
2457438.5 23.3384542847 0 21.8359928609 0
2457439.5 22.4896158912 0 21.002887546 0
2457440.5 22.634721803 0 21.1452310345 0
2457441.5 21.1466304796 0 19.6845374987 0
2457442.5 20.6490502425 0 19.1962949422 0
2457443.5 20.1824870849 0 18.7384834131 0
2457444.5 20.7059188006 0 19.2521882542 0
2457445.5 22.7424536508 0 21.2511915832 0
2457446.5 22.5102415865 0 21.0230962566 0
2457447.5 22.3515676933 0 20.8674040624 0
2457448.5 21.7513096588 0 20.2782608069 0
2457449.5 20.9064933456 0 19.4509175445 0
2457450.5 21.7011319708 0 20.2306833818 0
2457451.5 21.0504992941 0 19.5920607696 0
2457452.5 21.5100843362 0 20.043092678 0
2457453.5 21.7343176394 0 20.2647945533 0
2457454.5 22.5130292881 0 21.0292162271 0
2457455.5 22.6842641701 0 21.1973549509 0
2457456.5 22.3386865637 0 20.8579883154 0
2457457.5 22.0162764513 0 20.541366479 0
2457458.5 24.8127615097 0 23.2883553134 0
2457459.5 25.2585461302 0 23.7261032851 0
2457460.5 25.4620345611 0 23.9259995761 0
2457461.5 25.4342906691 0 23.8989037528 0
2457462.5 25.4805730452 0 23.9444970889 0
2457463.5 18.1628208845 0 16.7614990329 0
2457464.5 18.663277871 0 17.2524930533 0
2457465.5 18.3638612056 0 16.9586002783 0
2457466.5 19.2540945022 0 17.8321848837 0
2457467.5 19.1832076737 0 17.763097672 0
2457468.5 19.0880397004 0 17.6697557405 0
2457469.5 18.9445517131 0 17.5290956484 0
2457470.5 18.5021065778 0 17.0946909601 0
2457471.5 17.4857288284 0 16.0977880526 0
2457472.5 17.2545193994 0 15.8707662574 0
2457473.5 17.7123545613 0 16.3199583961 0
2457474.5 18.3081841488 0 16.9048088061 0
2457475.5 19.0724139723 0 17.6549744221 0
2457476.5 18.6720534022 0 17.2620068575 0
2457477.5 18.3189284316 0 16.9150572084 0
2457478.5 18.5758013823 0 17.1672278207 0
2457479.5 18.0522163778 0 16.6532961219 0
2457480.5 18.1108880724 0 16.7107913787 0
2457481.5 18.6265647645 0 17.216957151 0
2457482.5 21.0253632657 0 19.571192124 0
2457483.5 21.8893232831 0 20.4190942161 0
2457484.5 21.1425476282 0 19.6862732507 0
2457485.5 22.0281426993 0 20.5555567334 0
2457486.5 21.2229668039 0 19.7654603159 0
2457487.5 20.2920129631 0 18.8515594965 0
2457488.5 23.9788878758 0 22.4692517646 0
2457489.5 24.2468052324 0 22.732356538 0
2457490.5 24.1485888222 0 22.6358230858 0
2457491.5 23.8833371557 0 22.3753449826 0
2457492.5 23.7093168403 0 22.2046210257 0
2457493.5 23.9558180816 0 22.4466493953 0
2457494.5 21.7837527273 0 20.316546474 0
2457495.5 21.3541677374 0 19.8947292841 0
2457496.5 21.4487425552 0 19.9877151705 0
2457497.5 22.0137835236 0 20.5423372234 0
2457498.5 25.2466655218 0 23.7128274043 0
2457499.5 24.8279663383 0 23.3017521656 0
2457500.5 24.2165865409 0 22.7016042374 0
2457501.5 23.4178001463 0 21.9174811524 0
2457502.5 24.2005182987 0 22.6857313245 0
2457503.5 17.5255497871 0 16.1323584915 0
2457504.5 16.6524929923 0 15.2755029721 0
2457505.5 17.4158747685 0 16.0245944231 0
2457506.5 17.546428705 0 16.1527249853 0
2457507.5 16.717094274 0 15.3409464767 0
2457508.5 15.7877026644 0 14.4287584969 0
2457509.5 15.2325814166 0 13.8837766907 0
2457510.5 15.795522511 0 14.4363365178 0
2457511.5 15.7228148646 0 14.3651056468 0
2457512.5 14.7864916743 0 13.4461137143 0
2457513.5 16.4097095186 0 15.0364297728 0
2457514.5 16.4438615136 0 15.0698732098 0
2457515.5 15.8040254961 0 14.441881395 0
2457516.5 15.5907379863 0 14.2324896762 0
2457517.5 16.1427640973 0 14.7741379185 0
2457518.5 16.3391741338 0 14.9668354344 0
2457519.5 26.1327341096 0 24.5773561969 0
2457520.5 26.1162081132 0 24.5611276974 0
2457521.5 25.7083953212 0 24.1605411261 0
2457522.5 25.9740976241 0 24.4215892067 0
2457523.5 25.8835194841 0 24.3325490952 0
2457524.5 17.7355958126 0 16.3380557754 0
2457525.5 18.2295396478 0 16.8227081008 0
2457526.5 17.4614780015 0 16.0690583935 0
2457527.5 17.0684153306 0 15.6834688289 0
2457528.5 17.2014618616 0 15.814160926 0
2457529.5 22.948699014 0 21.4562028579 0
2457530.5 23.1204559152 0 21.6246766333 0
2457531.5 23.497330503 0 21.9945334906 0
2457532.5 23.8984958432 0 22.3881852433 0
2457533.5 24.1489006199 0 22.6338048584 0
2457534.5 25.0308744392 0 23.4994690547 0
2457535.5 16.7162182926 0 15.3379883386 0
2457536.5 15.9156178105 0 14.5522003324 0
2457537.5 15.3061096478 0 13.9540942821 0
2457538.5 15.6443062725 0 14.2858952264 0
2457539.5 14.724001364 0 13.382536576 0
2457540.5 14.4650540763 0 13.1282452587 0
2457541.5 21.8683691607 0 20.3951689096 0
2457542.5 21.5021496784 0 20.0357358894 0
2457543.5 21.5532977054 0 20.0859418128 0
2457544.5 22.0083203907 0 20.5324044214 0
2457545.5 21.6448640965 0 20.174423745 0
2457546.5 21.4347364876 0 19.9681262158 0
2457547.5 21.8994739591 0 20.4243996724 0
2457548.5 21.0629201318 0 19.6034854755 0
2457549.5 21.11780527 0 19.6573762701 0
2457550.5 20.4816188055 0 19.0331418919 0
2457551.5 21.1202651328 0 19.6615354088 0
2457552.5 20.5040125881 0 19.0566537649 0
2457553.5 20.4420335986 0 18.995662264 0
2457554.5 20.6839167785 0 19.2332272435 0
2457555.5 20.4449032814 0 18.9984927179 0
2457556.5 22.7991765755 0 21.3117251272 0
2457557.5 23.217286138 0 21.7219481781 0
2457558.5 23.5126616115 0 22.0120012134 0
2457559.5 23.8484028953 0 22.3415314805 0
2457560.5 23.0001948859 0 21.5088743539 0
2457561.5 20.3348780108 0 18.8922910037 0
2457562.5 19.6988119583 0 18.267980929 0
2457563.5 18.8188183099 0 17.4044961013 0
2457564.5 19.2184349436 0 17.7966911709 0
2457565.5 18.6971305909 0 17.2849827199 0
2457566.5 22.9914640826 0 21.5029629041 0
2457567.5 22.5445523215 0 21.0644528939 0
2457568.5 23.3513088593 0 21.8561857372 0
2457569.5 23.8542251817 0 22.3496630477 0
2457570.5 22.9721182402 0 21.4837313015 0
2457571.5 25.8730203123 0 24.3327211418 0
2457572.5 25.2304614466 0 23.7018269541 0
2457573.5 25.4696999709 0 23.9365072597 0
2457574.5 24.8153267017 0 23.2942568038 0
2457575.5 19.3048442644 0 17.8878204056 0
2457576.5 19.4427733147 0 18.0233297063 0
2457577.5 18.6327109956 0 17.2284699102 0
2457578.5 19.409829495 0 17.9913635273 0
2457579.5 21.0362477855 0 19.5867096041 0
2457580.5 20.3788333281 0 18.9416235409 0
2457581.5 21.0833463096 0 19.6332755666 0
2457582.5 21.3345127335 0 19.8796755979 0
2457583.5 20.8115998421 0 19.3652145551 0
2457584.5 20.2061469552 0 18.7711549059 0
2457585.5 19.715540074 0 18.2894447579 0
2457586.5 18.8616492936 0 17.451300545 0
2457587.5 19.6559486068 0 18.2310002639 0
2457588.5 19.6085869941 0 18.1820623929 0
2457589.5 19.8775600221 0 18.4460555835 0
2457590.5 19.166578826 0 17.7483823431 0
2457591.5 19.7334188771 0 18.304608982 0
2457592.5 18.9450118161 0 17.5309254897 0
2457593.5 17.8647300434 0 16.4708148162 0
2457594.5 17.8681373396 0 16.4743555165 0
2457595.5 17.6191910791 0 16.2301549944 0
2457596.5 18.2087543981 0 16.8085887347 0
2457597.5 22.7197724895 0 21.2374613452 0
2457598.5 23.0686377862 0 21.579832072 0
2457599.5 22.7825548852 0 21.298978262 0
2457600.5 22.252018594 0 20.7782856351 0
2457601.5 18.9511543453 0 17.5381065976 0
2457602.5 19.1129988682 0 17.6969031515 0
2457603.5 19.3293005999 0 17.9090422126 0
2457604.5 18.6589119834 0 17.2509028332 0
2457605.5 19.5200995314 0 18.0961410855 0
2457606.5 18.7731575464 0 17.3611384983 0
2457607.5 17.9369070792 0 16.5404956831 0
2457608.5 18.2699674215 0 16.8672610354 0
2457609.5 18.3836767731 0 16.9788032235 0
2457610.5 25.1083961878 0 23.5789922597 0
2457611.5 24.3755987587 0 22.8597619295 0
2457612.5 23.6074883863 0 22.1060000044 0
2457613.5 23.3363725885 0 21.8399008882 0
2457614.5 23.3191706012 0 21.8230159406 0
2457615.5 17.3055168271 0 15.9200015718 0
2457616.5 17.1826456368 0 15.7992249118 0
2457617.5 17.9446975384 0 16.5471486457 0
2457618.5 17.0180045048 0 15.63778159 0
2457619.5 17.1496872077 0 15.767107107 0
2457620.5 17.7495937557 0 16.3556936867 0
2457621.5 23.0174883434 0 21.5246620924 0
2457622.5 22.5025471912 0 21.0194387099 0
2457623.5 22.9706636176 0 21.4790171778 0
2457624.5 22.9400715958 0 21.4489664613 0
2457625.5 22.0900188004 0 20.6146945406 0
2457626.5 21.2548469726 0 19.7948030047 0
2457627.5 21.922150834 0 20.4482915407 0
2457628.5 21.4713329142 0 20.0056505176 0
2457629.5 20.9980171145 0 19.5410218874 0
2457630.5 20.8485017001 0 19.3943733953 0
2457631.5 20.6848548511 0 19.2336565165 0
2457632.5 20.1228914142 0 18.6820218473 0
2457633.5 18.868510497 0 17.4535753553 0
2457634.5 19.0833879724 0 17.6646317793 0
2457635.5 19.234736076 0 17.813091043 0
2457636.5 19.3199466864 0 17.896901429 0
2457637.5 19.8942455566 0 18.4607565166 0
2457638.5 20.6935856759 0 19.2453982057 0
2457639.5 16.1986290567 0 14.8359975013 0
2457640.5 16.6069582118 0 15.2368556918 0
2457641.5 17.0428974169 0 15.6645926063 0
2457642.5 16.7466609215 0 15.3740380412 0
2457643.5 16.9573830057 0 15.5809437489 0
2457644.5 17.6566681229 0 16.267178811 0
2457645.5 17.3902941654 0 16.0067857418 0
2457646.5 18.2104544302 0 16.8118569791 0
2457647.5 18.6332048171 0 17.2268275061 0
2457648.5 18.5805461341 0 17.1753235104 0
2457649.5 18.9838458507 0 17.5711198329 0
2457650.5 26.690465133 0 25.1363100724 0
2457651.5 26.8340349964 0 25.2772019889 0
2457652.5 26.2391348466 0 24.6931475623 0
2457653.5 25.599194897 0 24.0648860583 0
2457654.5 25.4666908219 0 23.9348602297 0
2457655.5 26.0469816344 0 24.5043954127 0
2457656.5 25.3550595941 0 23.8232521485 0
2457657.5 25.1142376329 0 23.5869405492 0
2457658.5 24.7546700988 0 23.2340518523 0
2457659.5 24.1757021031 0 22.6657122346 0
2457660.5 23.6117837204 0 22.112244691 0
2457661.5 24.4216663256 0 22.9066112235 0
2457662.5 25.2393935157 0 23.7091693524 0
2457663.5 24.6839295044 0 23.1641093228 0
2457664.5 24.0074654981 0 22.500312194 0
2457665.5 23.2318559323 0 21.7391965322 0
2457666.5 19.9621845089 0 18.5304844249 0
2457667.5 19.4483950143 0 18.0261478087 0
2457668.5 20.2393378852 0 18.802265086 0
2457669.5 20.0683242255 0 18.634560744 0
2457670.5 18.6943616348 0 17.2886388394 0
2457671.5 18.4397691322 0 17.0388655471 0
2457672.5 17.5933424684 0 16.2083221811 0
2457673.5 18.3358918254 0 16.9370215355 0
2457674.5 18.414485937 0 17.0143560641 0
2457675.5 16.5706360704 0 15.2058895548 0
2457676.5 17.0509927115 0 15.6773258605 0
2457677.5 17.5524747758 0 16.169458523 0
2457678.5 17.2978135392 0 15.9195198025 0
2457679.5 18.0846662128 0 16.6918083724 0
2457680.5 17.390906726 0 16.0107946625 0
2457681.5 17.1878700559 0 15.8108425685 0
2457682.5 16.3936394927 0 15.0314727863 0
2457683.5 17.0190469811 0 15.6451471917 0
2457684.5 16.8258102729 0 15.4554483773 0
2457685.5 26.5229955073 0 24.973861052 0
2457686.5 27.0598283121 0 25.5009799843 0
2457687.5 26.303130083 0 24.7578300718 0
2457688.5 26.6953067292 0 25.1430028987 0
2457689.5 27.1767301384 0 25.6159025756 0
2457690.5 27.379812636 0 25.8152722168 0
2457691.5 17.8285514093 0 16.441243896 0
2457692.5 17.1269090978 0 15.7526264543 0
2457693.5 16.5966339161 0 15.2320330204 0
2457694.5 15.6744330439 0 14.3270427622 0
2457695.5 26.2031891892 0 24.6642296464 0
2457696.5 26.226574943 0 24.6873106627 0
2457697.5 26.1939862565 0 24.6551769943 0
2457698.5 25.881002042 0 24.3479356582 0
2457699.5 26.0122632508 0 24.4769170804 0
2457700.5 18.2911534251 0 16.8991455358 0
2457701.5 17.8600760733 0 16.4762031486 0
2457702.5 17.8467598725 0 16.4633173003 0
2457703.5 17.7260290345 0 16.3448552074 0
2457704.5 17.0903716427 0 15.7208334255 0
2457705.5 16.3053559305 0 14.9503365663 0
2457706.5 21.3223647385 0 19.8740544766 0
2457707.5 22.136975566 0 20.6736737359 0
2457708.5 21.5833898394 0 20.1303679631 0
2457709.5 21.2565996673 0 19.8095571416 0
2457710.5 22.7020974525 0 21.2307771616 0
2457711.5 22.8719521547 0 21.3974673 0
2457712.5 22.8921838356 0 21.4174525813 0
2457713.5 23.7594189513 0 22.268516789 0
2457714.5 24.4337567201 0 22.9303299064 0
2457715.5 20.9963235509 0 19.556883297 0
2457716.5 21.2512823283 0 19.8069691726 0
2457717.5 21.2662788911 0 19.8218474057 0
2457718.5 20.4998656922 0 19.0696272258 0
2457719.5 21.2266817999 0 19.7829307723 0
2457720.5 20.7820070416 0 19.3466286765 0
2457721.5 22.8269638375 0 21.3516092624 0
2457722.5 23.4001547999 0 21.9141250953 0
2457723.5 23.2740310737 0 21.7901393068 0
2457724.5 23.3901620846 0 21.9040898727 0
2457725.5 24.8984269113 0 23.381860517 0
2457726.5 25.5198991769 0 23.9920364925 0
2457727.5 25.2519208183 0 23.7289140857 0
2457728.5 25.234013016 0 23.7114573381 0
2457729.5 26.0611647427 0 24.5232948138 0
2457730.5 25.2643682837 0 23.7410972846 0
2457731.5 16.6830700377 0 15.3194399856 0
2457732.5 16.8026058215 0 15.4367504102 0
2457733.5 17.6638472997 0 16.2820341772 0
2457734.5 17.3711019559 0 15.9947984504 0
2457735.5 17.187769067 0 15.8147082665 0
2457736.5 25.8352006034 0 24.3045581269 0
2457737.5 26.6567767398 0 25.1111014628 0
2457738.5 26.2156139804 0 24.6777286122 0
2457739.5 26.8443458311 0 25.2950048583 0
2457740.5 18.1193747547 0 16.7340001644 0
2457741.5 17.5411791924 0 16.1663334414 0
2457742.5 16.643373436 0 15.2853007781 0
2457743.5 16.3306546188 0 14.9785038284 0
2457744.5 16.2701701844 0 14.9192037037 0
2457745.5 15.8964557795 0 14.5525662602 0
2457746.5 21.1393969218 0 19.6958131957 0
2457747.5 21.2942602445 0 19.8480042927 0
2457748.5 21.8202223959 0 20.3640804738 0
2457749.5 22.3719343756 0 20.9054261824 0
2457750.5 23.0168932431 0 21.53855425 0
2457751.5 20.642439979 0 19.2100767589 0
2457752.5 21.0183636209 0 19.5791423339 0
2457753.5 20.3641245053 0 18.9371568999 0
2457754.5 20.6792415788 0 19.2466327126 0
2457755.5 20.3132249056 0 18.8872187427 0
2457756.5 24.0389977258 0 22.5471571255 0
2457757.5 23.1396792218 0 21.6644825558 0
2457758.5 22.620173983 0 21.1547110677 0
2457759.5 22.9547321515 0 21.4830957518 0
2457760.5 22.070612948 0 20.6151775551 0
2457761.5 22.877289203 0 21.406952253 0
2457762.5 19.5165205643 0 18.1116737408 0
2457763.5 19.4752558289 0 18.0713653371 0
2457764.5 19.5926895543 0 18.1864786116 0
2457765.5 18.8018468909 0 17.4104234374 0
2457766.5 19.663254651 0 18.2558847928 0
2457767.5 19.4971267136 0 18.0929376149 0
2457768.5 22.6980296405 0 21.2336778912 0
2457769.5 21.8514119257 0 20.4026766665 0
2457770.5 22.7066851862 0 21.242188911 0
2457771.5 23.4594872867 0 21.9810776611 0
2457772.5 26.5706909659 0 25.0344038039 0
2457773.5 26.475981588 0 24.9414089255 0
2457774.5 25.7994044577 0 24.2769878161 0
2457775.5 26.4456953468 0 24.9114586774 0
2457776.5 27.1482523364 0 25.6015487223 0
2457777.5 16.9447448922 0 15.5855939853 0
2457778.5 17.4604201485 0 16.0917355259 0
2457779.5 17.8340496102 0 16.4585568197 0
2457780.5 18.0582552103 0 16.6788017594 0
2457781.5 18.3950693205 0 17.0112596199 0
2457782.5 18.0389731953 0 16.6617128729 0
2457783.5 18.4336645869 0 17.0491554816 0
2457784.5 17.9738107957 0 16.5977476358 0
2457785.5 17.7671246055 0 16.3949362946 0
2457786.5 17.9772918047 0 16.6010961403 0
2457787.5 17.4273140378 0 16.0598541675 0
2457788.5 18.0541362966 0 16.6751991358 0
2457789.5 17.6356054463 0 16.2642516632 0
2457790.5 17.7715793039 0 16.3977339824 0
2457791.5 17.9349369687 0 16.5582542823 0
2457792.5 17.6844279615 0 16.3124442192 0
2457793.5 25.0493689577 0 23.5426634956 0
2457794.5 24.7434218639 0 23.2425376452 0
2457795.5 25.3575973095 0 23.8454934837 0
2457796.5 25.548463164 0 24.0328634046 0
2457797.5 17.8607411115 0 16.4886841173 0
2457798.5 18.6186333259 0 17.2324400062 0
2457799.5 18.0931432736 0 16.7168176831 0
2457800.5 18.8321993307 0 17.4420994014 0
2457801.5 19.5813891133 0 18.1795511444 0
2457802.5 20.3552505379 0 18.9390301039 0
2457803.5 20.2925133381 0 18.8775454978 0
2457804.5 19.4671715786 0 18.0675276958 0
2457805.5 19.1213818429 0 17.7280070756 0
2457806.5 21.4213601967 0 19.9849661467 0
2457807.5 21.796835215 0 20.3533215624 0
2457808.5 22.2317808483 0 20.7803240579 0
2457809.5 22.6095810857 0 21.151323311 0
2457810.5 22.1306785998 0 20.6811393346 0
2457811.5 21.3648214192 0 19.9294129279 0
2457812.5 20.5261541545 0 19.1053024181 0
2457813.5 20.1116783207 0 18.698352377 0
2457814.5 20.4535976912 0 19.034112031 0
2457815.5 20.3575017778 0 18.9399249763 0
2457816.5 21.2359761391 0 19.8020939345 0
2457817.5 21.3491414364 0 19.9132784899 0
2457818.5 21.9629718131 0 20.5144208835 0
2457819.5 22.6478986477 0 21.1866295284 0
2457820.5 23.5373401743 0 22.0596784831 0
2457821.5 24.4162298179 0 22.9222302305 0
2457822.5 20.2181118298 0 18.801496898 0
2457823.5 19.8507488445 0 18.4409597143 0
2457824.5 19.8726177647 0 18.4623074739 0
2457825.5 19.3069003758 0 17.90727032 0
2457826.5 18.9982341964 0 17.6043439995 0
2457827.5 21.5235214513 0 20.0840733719 0
2457828.5 20.9337505381 0 19.5052300739 0
2457829.5 21.7261949847 0 20.2829043818 0
2457830.5 21.6242772019 0 20.1829959771 0
2457831.5 20.7687688303 0 19.3434356958 0
2457832.5 21.3820998807 0 19.9455325671 0
2457833.5 21.4893914313 0 20.0518842197 0
2457834.5 22.08000627 0 20.6315064131 0
2457835.5 22.5636596325 0 21.1060416321 0
2457836.5 21.9756978662 0 20.5291648385 0
2457837.5 22.0497634822 0 20.6019569282 0
2457838.5 22.3322223851 0 20.8790963128 0
2457839.5 20.8593126208 0 19.4317850339 0
2457840.5 21.1320193451 0 19.6994275231 0
2457841.5 20.3332345327 0 18.9155066341 0
2457842.5 20.9726693575 0 19.5432138847 0
2457843.5 24.6399398393 0 23.1435101919 0
2457844.5 25.5049807402 0 23.9927794852 0
2457845.5 24.8325201152 0 23.332497371 0
2457846.5 24.8284751826 0 23.3284526551 0
2457847.5 24.4776906068 0 22.9841122963 0
2457848.5 22.4582312594 0 21.0013996259 0
2457849.5 23.3327701737 0 21.8599414343 0
2457850.5 23.7632863875 0 22.2823202083 0
2457851.5 23.8715806356 0 22.3884801087 0
2457852.5 23.0393592493 0 21.5717686789 0
2457853.5 22.5401207922 0 21.0817404943 0
2457854.5 26.0352891835 0 24.5139465802 0
2457855.5 25.328225101 0 23.8197474905 0
2457856.5 25.8325864276 0 24.3150721127 0
2457857.5 25.2643584498 0 23.7573515905 0
2457858.5 24.5446512673 0 23.0508646779 0
2457859.5 24.2471210473 0 22.7615305249 0
2457860.5 25.1434337637 0 23.6412481661 0
2457861.5 24.7681887412 0 23.2730388487 0
2457862.5 25.4732594687 0 23.9652512973 0
2457863.5 24.7972080618 0 23.299975257 0
2457864.5 24.7321498256 0 23.2360319206 0
2457865.5 24.5520831753 0 23.0594025657 0
2457866.5 24.3236202355 0 22.8353493006 0
2457867.5 25.2098880448 0 23.7054148346 0
2457868.5 27.7804927383 0 26.2300400421 0
2457869.5 27.4753300198 0 25.9301945101 0
2457870.5 28.3910791467 0 26.8306923758 0
2457871.5 28.9245974131 0 27.3562740674 0
2457872.5 27.8360061657 0 26.2825813667 0
2457873.5 27.1821326766 0 25.6399183964 0
2457874.5 27.0434042375 0 25.5035156289 0
2457875.5 26.1542626956 0 24.6304244201 0
2457876.5 25.6751386926 0 24.1601999177 0
2457877.5 27.9517241481 0 26.3936308708 0
2457878.5 28.0357365677 0 26.4763951479 0
2457879.5 28.3604042136 0 26.7959396214 0
2457880.5 28.1636038471 0 26.6021683838 0
2457881.5 28.2393499481 0 26.6769117023 0
2457882.5 24.3947687709 0 22.8985472227 0
2457883.5 24.9521479757 0 23.4456043972 0
2457884.5 25.4913428711 0 23.974737207 0
2457885.5 25.1394442161 0 23.6294482384 0
2457886.5 17.9960837788 0 16.6175140699 0
2457887.5 17.493743591 0 16.1244025095 0
2457888.5 16.7662533035 0 15.4104881473 0
2457889.5 17.3651202039 0 15.9983119764 0
2457890.5 17.6935881647 0 16.3207474582 0
2457891.5 17.0523958619 0 15.6894406222 0
2457892.5 16.5583719532 0 15.2046231309 0
2457893.5 15.9132431942 0 14.5716171958 0
2457894.5 15.2827334933 0 13.9526922158 0
2457895.5 14.9200345088 0 13.5966829395 0
2457896.5 21.4312611951 0 19.984669574 0
2457897.5 21.1518764864 0 19.710660109 0
2457898.5 21.4760179479 0 20.028727798 0
2457899.5 21.609630724 0 20.1599550201 0
2457900.5 20.828454518 0 19.3931949612 0
2457901.5 25.5549490919 0 24.034144592 0
2457902.5 26.0796077905 0 24.5493275227 0
2457903.5 26.7607887287 0 25.218288375 0
2457904.5 27.6132041701 0 26.0558802225 0
2457905.5 16.9981814692 0 15.633499925 0
2457906.5 17.7733406164 0 16.394355346 0
2457907.5 18.2997305272 0 16.91112081 0
2457908.5 18.9221130751 0 17.5217690825 0
2457909.5 22.74247184 0 21.2724103731 0
2457910.5 23.2345038709 0 21.7554160495 0
2457911.5 22.2953432961 0 20.8334855836 0
2457912.5 22.8674127766 0 21.3949001969 0
2457913.5 18.8283693412 0 17.4299726392 0
2457914.5 18.9926841683 0 17.5910446259 0
2457915.5 18.4060800612 0 17.0151616017 0
2457916.5 19.3105972926 0 17.9029976549 0
2457917.5 19.1562515144 0 17.7514372958 0
2457918.5 26.6106338966 0 25.0684827597 0
2457919.5 26.8298521764 0 25.2837631758 0
2457920.5 27.539591078 0 25.9808467727 0
2457921.5 27.6654706917 0 26.104495605 0
2457922.5 28.2479113594 0 26.6772276708 0
2457923.5 27.1603198198 0 25.6063019118 0
2457924.5 27.7134562338 0 26.1499322109 0
2457925.5 28.0791785402 0 26.5095997454 0
2457926.5 27.5976171675 0 26.0360881947 0
2457927.5 27.1259239511 0 25.5727141145 0
2457928.5 23.3721777661 0 21.888191103 0
2457929.5 23.8468668807 0 22.3541940659 0
2457930.5 24.2120491391 0 22.7127941716 0
2457931.5 24.0643704239 0 22.5678721079 0
2457932.5 24.0561192657 0 22.5598435729 0
2457933.5 24.1027455267 0 22.6057421568 0
2457934.5 17.1133954336 0 15.7469610714 0
2457935.5 17.5834218824 0 16.2081550066 0
2457936.5 17.9104684985 0 16.5290581897 0
2457937.5 18.7062782075 0 17.310302645 0
2457938.5 19.1205710558 0 17.716860244 0
2457939.5 21.6838833154 0 20.2350092227 0
2457940.5 21.1008713078 0 19.6626258293 0
2457941.5 20.2712805466 0 18.8484607872 0
2457942.5 19.4247057264 0 18.0177251456 0
2457943.5 19.3568340014 0 17.9510937716 0
2457944.5 17.4532341938 0 16.0860137874 0
2457945.5 17.4306579152 0 16.0637550742 0
2457946.5 16.5575544492 0 15.2068787992 0
2457947.5 15.70809368 0 14.3730372616 0
2457948.5 14.8807130462 0 13.5610150062 0
2457949.5 27.5933844731 0 26.037839055 0
2457950.5 27.0243143614 0 25.4785009057 0
2457951.5 26.1715176406 0 24.6411983458 0
2457952.5 26.1422991774 0 24.6126147109 0
2457953.5 26.4957914265 0 24.959597621 0
2457954.5 24.777397601 0 23.2736172043 0
2457955.5 24.510941257 0 23.0118902912 0
2457956.5 23.9131136071 0 22.4249324224 0
2457957.5 23.440656782 0 21.9611982156 0
2457958.5 23.2173658078 0 21.7422345893 0
2457959.5 20.7632380796 0 19.3353651595 0
2457960.5 20.7346091625 0 19.3072037655 0
2457961.5 20.4459769504 0 19.0238921055 0
2457962.5 20.2500478887 0 18.8315632679 0
2457963.5 19.7916600876 0 18.381626209 0
2457964.5 23.4539819771 0 21.9771203041 0
2457965.5 24.3219897595 0 22.8292497536 0
2457966.5 24.4322406119 0 22.9374961297 0
2457967.5 24.6339682114 0 23.1353041207 0
2457968.5 24.0732515317 0 22.584844875 0
2457969.5 21.5985434442 0 20.1575669295 0
2457970.5 21.0785198462 0 19.6473033461 0
2457971.5 21.562403263 0 20.1223332382 0
2457972.5 21.5064236422 0 20.067565062 0
2457973.5 21.8859426132 0 20.4380078089 0
2457974.5 21.7488901142 0 20.3035681314 0
2457975.5 22.2806245177 0 20.8252584832 0
2457976.5 22.876882467 0 21.4105817327 0
2457977.5 23.9551045105 0 22.470098541 0
2457978.5 24.7360831887 0 23.2366912487 0
2457979.5 23.9327504051 0 22.4480354043 0
2457980.5 23.2057422113 0 21.7343267575 0
2457981.5 23.7275182012 0 22.2462990794 0
2457982.5 21.982297543 0 20.5307945744 0
2457983.5 21.4400517652 0 19.9986469304 0
2457984.5 20.9683001715 0 19.5355972792 0
2457985.5 21.7414887201 0 20.2946467454 0
2457986.5 17.240730954 0 15.8747139299 0
2457987.5 16.7035176632 0 15.3476617384 0
2457988.5 16.2565385274 0 14.9088589483 0
2457989.5 16.9816574561 0 15.6204987918 0
2457990.5 17.3408589352 0 15.9732074979 0
2457991.5 17.726543907 0 16.3518950836 0
2457992.5 17.9131543381 0 16.533051877 0
2457993.5 18.3989020049 0 17.0099307277 0
2457994.5 17.6813836561 0 16.3055459903 0
2457995.5 18.3032807661 0 16.9159894883 0
2457996.5 21.8138704436 0 20.3613644534 0
2457997.5 20.9426295535 0 19.5063526827 0
2457998.5 20.193356947 0 18.7707866681 0
2457999.5 20.8666116877 0 19.431542523 0
2458000.5 20.2356438326 0 18.8121176967 0
2458001.5 16.8048952048 0 15.4455159985 0
2458002.5 16.3465174582 0 14.9957511528 0
2458003.5 15.8414120494 0 14.4999788954 0
2458004.5 15.5331191383 0 14.1975956392 0
2458005.5 16.154070952 0 14.8072191465 0
2458006.5 16.3223918971 0 14.9724120632 0
2458007.5 26.7956921431 0 25.2517012078 0
2458008.5 26.4796410112 0 24.941212462 0
2458009.5 25.8605306063 0 24.333365531 0
2458010.5 25.2296280844 0 23.7141314342 0
2458011.5 24.3401338193 0 22.8409332489 0
2458012.5 24.104019652 0 22.6090130232 0
2458013.5 16.630818422 0 15.273318132 0
2458014.5 17.1839992969 0 15.8162025008 0
2458015.5 16.5923805431 0 15.2353707134 0
2458016.5 17.1605675942 0 15.7930299846 0
2458017.5 16.8555540521 0 15.493843763 0
2458018.5 17.8550454403 0 16.475300699 0
2458019.5 17.1661399558 0 15.7992342058 0
2458020.5 18.056564908 0 16.6731399094 0
2458021.5 18.9147135668 0 17.5154210271 0
2458022.5 19.3565284287 0 17.9489000993 0
2458023.5 25.4035695326 0 23.8824896506 0
2458024.5 26.0892632892 0 24.5556473843 0
2458025.5 27.0100171497 0 25.4599647966 0
2458026.5 26.7215436513 0 25.1768188321 0
2458027.5 27.5458263646 0 25.9864844349 0
2458028.5 21.6864325268 0 20.2313850651 0
2458029.5 20.7655406561 0 19.3273699483 0
2458030.5 21.6029907272 0 20.1493257906 0
2458031.5 21.0663200007 0 19.6227751741 0
2458032.5 21.9447546581 0 20.4847416126 0
2458033.5 21.0168072675 0 19.5714884129 0
2458034.5 21.1509521767 0 19.70306053 0
2458035.5 20.242380897 0 18.8111419872 0
2458036.5 19.8237407554 0 18.4004434036 0
2458037.5 27.0362466046 0 25.4829812922 0
2458038.5 26.9680812007 0 25.4161261883 0
2458039.5 27.7993746754 0 26.2328617421 0
2458040.5 27.2022571876 0 25.6461740077 0
2458041.5 26.2577239437 0 24.7190824683 0
2458042.5 26.7560347452 0 25.2082945104 0
2458043.5 26.6580909159 0 25.1120089341 0
2458044.5 27.0972009135 0 25.5433362361 0
2458045.5 21.2598730867 0 19.8120453635 0
2458046.5 22.0724487984 0 20.6096026027 0
2458047.5 22.2387301554 0 20.7728381674 0
2458048.5 23.1781467294 0 21.6949699381 0
2458049.5 23.9504178159 0 22.4529212099 0
2458050.5 23.8400026551 0 22.344588035 0
2458051.5 19.0816101974 0 17.6741468608 0
2458052.5 19.1272979101 0 17.7190526292 0
2458053.5 19.1379910555 0 17.729431311 0
2458054.5 19.5979788742 0 18.1809821796 0
2458055.5 19.0354259533 0 17.6290054892 0
2458056.5 26.0727840325 0 24.5352603778 0
2458057.5 25.8054713477 0 24.273017595 0
2458058.5 26.3562792977 0 24.81376436 0
2458059.5 27.2770111562 0 25.7181952257 0
2458060.5 27.6679908182 0 26.102286911 0
2458061.5 28.5062254912 0 26.9268675841 0
2458062.5 25.7209981437 0 24.1896906654 0
2458063.5 25.9711457635 0 24.4352336431 0
2458064.5 25.7973539167 0 24.2646912366 0
2458065.5 25.989339802 0 24.4532687624 0
2458066.5 20.901431457 0 19.4615935675 0
2458067.5 20.6189104131 0 19.1843764922 0
2458068.5 21.0676175106 0 19.6246691842 0
2458069.5 20.3704562638 0 18.9403688023 0
2458070.5 17.7174560763 0 16.3393791544 0
2458071.5 18.0365677341 0 16.6524915 0
2458072.5 17.285132363 0 15.9150128881 0
2458073.5 16.6410856535 0 15.2827832215 0
2458074.5 16.0637727167 0 14.7160891286 0
2458075.5 15.1370987967 0 13.8066331506 0
2458076.5 19.7025914974 0 18.2868977701 0
2458077.5 19.514087453 0 18.1019017358 0
2458078.5 19.0903883267 0 17.6858635121 0
2458079.5 18.5614512903 0 17.166683752 0
2458080.5 18.7424592615 0 17.3445165263 0
2458081.5 18.3815313262 0 16.9904413113 0
2458082.5 18.945326195 0 17.5413538881 0
2458083.5 18.7746769697 0 17.373784767 0
2458084.5 18.8089321699 0 17.4075609159 0
2458085.5 19.4158354263 0 18.0031402112 0
2458086.5 20.2106328293 0 18.7832725565 0
2458087.5 20.4008838673 0 18.9700707197 0
2458088.5 24.8245533348 0 23.3103601508 0
2458089.5 24.079810207 0 22.5792187177 0
2458090.5 23.1479548373 0 21.6644146609 0
2458091.5 23.4750233946 0 21.9855225772 0
2458092.5 26.7504720582 0 25.1999348277 0
2458093.5 25.990685264 0 24.453935003 0
2458094.5 25.614937647 0 24.0850985388 0
2458095.5 25.7646872398 0 24.2319361604 0
2458096.5 24.9353278653 0 23.4178620937 0
2458097.5 24.0242465322 0 22.5236795941 0
2458098.5 22.16977122 0 20.7010542903 0
2458099.5 22.7136367822 0 21.234700803 0
2458100.5 22.0167730807 0 20.5505686149 0
2458101.5 21.6071332805 0 20.1484290474 0
2458102.5 21.5131394857 0 20.0561155355 0
2458103.5 21.7546883983 0 20.290577637 0
2458104.5 21.5752421704 0 20.1143471614 0
2458105.5 20.8751769474 0 19.427184643 0
2458106.5 21.7243816975 0 20.2607426911 0
2458107.5 17.4302027134 0 16.0449535828 0
2458108.5 17.6452346421 0 16.2561679616 0
2458109.5 16.8072840719 0 15.4338649276 0
2458110.5 17.4815246823 0 16.0956000957 0
2458111.5 18.1587065732 0 16.7603139857 0
2458112.5 17.6883357802 0 16.298773188 0
2458113.5 25.7229946754 0 24.1853271165 0
2458114.5 25.2994543547 0 23.7694236653 0
2458115.5 24.8823524256 0 23.3601241396 0
2458116.5 23.9797831308 0 22.4743412971 0
2458117.5 24.2644529844 0 22.7539021949 0
2458118.5 20.4991061573 0 19.0573074498 0
2458119.5 21.0667468214 0 19.6143114266 0
2458120.5 21.2255140008 0 19.7701233728 0
2458121.5 20.5729632746 0 19.1296727108 0
2458122.5 21.0376665242 0 19.5859374491 0
2458123.5 24.6274020065 0 23.1082374704 0
2458124.5 24.9081254341 0 23.3837421945 0
2458125.5 25.2444462315 0 23.7139088947 0
2458126.5 25.5383191436 0 24.0022817807 0
2458127.5 25.4317716857 0 23.897798106 0
2458128.5 25.6772336781 0 24.1388409946 0
2458129.5 17.3991954572 0 16.012914663 0
2458130.5 17.5574792376 0 16.1682904592 0
2458131.5 17.305408819 0 15.9207246268 0
2458132.5 16.5477853389 0 15.1770558839 0
2458133.5 16.9424061942 0 15.5644766322 0
2458134.5 24.0973045637 0 22.5848802125 0
2458135.5 25.0296384527 0 23.500171477 0
2458136.5 24.2062148385 0 22.691790972 0
2458137.5 24.7655259279 0 23.2409217881 0
2458138.5 24.5595315693 0 23.0388833023 0
2458139.5 25.608938275 0 24.0702011563 0
2458140.5 25.897705257 0 24.3538258461 0
2458141.5 26.2631904632 0 24.7127389564 0
2458142.5 26.7001138808 0 25.1418489041 0
2458143.5 26.2237561077 0 24.674236355 0
2458144.5 26.1379956146 0 24.590167665 0
2458145.5 18.7224910198 0 17.3135622528 0
2458146.5 19.2620854389 0 17.8432258606 0
2458147.5 18.8263580984 0 17.4155934644 0
2458148.5 18.2906344704 0 16.8899185994 0
2458149.5 24.4018220181 0 22.8875722915 0
2458150.5 23.4985772299 0 22.0008629567 0
2458151.5 24.3172802733 0 22.8046292724 0
2458152.5 24.0143774471 0 22.5073567357 0
2458153.5 23.9475359892 0 22.4417577101 0
2458154.5 23.0680491631 0 21.5785465038 0
2458155.5 16.6829774374 0 15.3100400054 0
2458156.5 15.991117441 0 14.6311129289 0
2458157.5 15.6212970283 0 14.2680599324 0
2458158.5 14.8741047525 0 13.5347982313 0
2458159.5 18.3009740271 0 16.8960192544 0
2458160.5 17.6190714893 0 16.2269234429 0
2458161.5 17.3410952635 0 15.9540486379 0
2458162.5 17.3329826893 0 15.9460958076 0
2458163.5 24.3344389913 0 22.8152799714 0
2458164.5 24.0166359386 0 22.5034334179 0
2458165.5 24.9452599916 0 23.4150655973 0
2458166.5 24.4189468942 0 22.8984763846 0
2458167.5 23.6773389048 0 22.1704963676 0
2458168.5 20.8828195545 0 19.4305453887 0
2458169.5 21.1194434428 0 19.6627436062 0
2458170.5 22.047140331 0 20.5734249423 0
2458171.5 22.7426302621 0 21.2560115538 0
2458172.5 22.9339228925 0 21.4440417197 0
2458173.5 23.6929319127 0 22.1888527451 0
2458174.5 24.273585788 0 22.7586041313 0
2458175.5 24.7132565811 0 23.1902561478 0
2458176.5 24.3305980114 0 22.8147092212 0
2458177.5 24.4976420008 0 22.9785609659 0
2458178.5 22.3746714838 0 20.8932695172 0
2458179.5 22.1643348453 0 20.6866805008 0
2458180.5 21.7595089356 0 20.2895431757 0
2458181.5 22.4249101322 0 20.9424971134 0
2458182.5 25.038566736 0 23.5081505384 0
2458183.5 25.2667490567 0 23.7322008878 0
2458184.5 25.859715668 0 24.3144760202 0
2458185.5 25.9615417211 0 24.4144796093 0
2458186.5 26.5141444555 0 24.9569542684 0
2458187.5 27.2765523763 0 25.7055668985 0
2458188.5 17.3805953476 0 15.9913644379 0
2458189.5 16.581536109 0 15.2071891249 0
2458190.5 16.6801724784 0 15.3038323858 0
2458191.5 17.139277643 0 15.7545282473 0
2458192.5 18.0445538 0 16.6429005051 0
2458193.5 23.6837392405 0 22.1797735891 0
2458194.5 23.9816991056 0 22.4723273869 0
2458195.5 24.1732980948 0 22.6602234005 0
2458196.5 24.9016154266 0 23.3749081058 0
2458197.5 25.4903983967 0 23.952890449 0
2458198.5 26.1160584812 0 24.5669053599 0
2458199.5 26.7057832161 0 25.145766846 0
2458200.5 27.0096245038 0 25.4440723712 0
2458201.5 21.2610198358 0 19.8005992973 0
2458202.5 20.3623431117 0 18.9187212049 0
2458203.5 20.927028696 0 19.4730343042 0
2458204.5 21.0208253529 0 19.5652010563 0
2458205.5 21.5379412974 0 20.0728792407 0
2458206.5 15.9341970809 0 14.5743816588 0
2458207.5 15.4153652321 0 14.0653046179 0
2458208.5 16.1690527763 0 14.8051656131 0
2458209.5 15.3983340952 0 14.0488572716 0
2458210.5 14.5312087733 0 13.1980125601 0
2458211.5 14.3205126921 0 12.9914022801 0
2458212.5 21.7851361869 0 20.3165030224 0
2458213.5 21.4550974601 0 19.9925071908 0
2458214.5 21.0562363204 0 19.6009519469 0
2458215.5 20.8803235179 0 19.4281568936 0
2458216.5 19.9911138831 0 18.5552616367 0
2458217.5 19.305635541 0 17.882443975 0
2458218.5 18.844157019 0 17.4301762422 0
2458219.5 18.8953499343 0 17.4802733234 0
2458220.5 18.4090250162 0 17.0031607684 0
2458221.5 18.9125360129 0 17.4973367011 0
2458222.5 19.2161460293 0 17.7952636163 0
2458223.5 24.453407228 0 22.9352995769 0
2458224.5 25.2042318941 0 23.6722844651 0
2458225.5 24.351808096 0 22.8354463041 0
2458226.5 24.41069609 0 22.893135946 0
2458227.5 24.8749172237 0 23.3489766896 0
2458228.5 21.3383257598 0 19.8803376225 0
2458229.5 21.0704034124 0 19.6175387691 0
2458230.5 20.5837052179 0 19.1398990693 0
2458231.5 21.3027861642 0 19.8456979643 0
2458232.5 20.3765668023 0 18.936541506 0
2458233.5 19.6691698352 0 18.2397932333 0
2458234.5 19.3278217441 0 17.9047107248 0
2458235.5 20.1753594529 0 18.7366610012 0
2458236.5 20.7279767582 0 19.2789565882 0
2458237.5 18.9956196438 0 17.5809501323 0
2458238.5 18.299918776 0 16.898269394 0
2458239.5 18.0327893879 0 16.6360202466 0
2458240.5 17.1700884626 0 15.789451048 0
2458241.5 17.994395031 0 16.5986489965 0
2458242.5 21.6490731633 0 20.1877128615 0
2458243.5 22.1898314289 0 20.7185493514 0
2458244.5 21.9137643697 0 20.4477354708 0
2458245.5 21.5900910069 0 20.1300410141 0
2458246.5 22.1006324769 0 20.6310632599 0
2458247.5 20.2407122904 0 18.8033150655 0
2458248.5 20.0642400423 0 18.6300586249 0
2458249.5 20.9952453016 0 19.5438321183 0
2458250.5 20.4416871627 0 19.0004381334 0
2458251.5 21.1622326486 0 19.7075123761 0
2458252.5 22.2804595291 0 20.8078096055 0
2458253.5 22.8114877127 0 21.3291937178 0
2458254.5 23.5590950748 0 22.0630942164 0
2458255.5 23.4200243737 0 21.9266549823 0
2458256.5 23.2244407943 0 21.7344930413 0
2458257.5 18.3093852038 0 16.9085460111 0
2458258.5 18.261705226 0 16.8617656581 0
2458259.5 17.3431662729 0 15.9601193502 0
2458260.5 17.9456412022 0 16.5515589663 0
2458261.5 22.6905799573 0 21.2092087026 0
2458262.5 23.2515748355 0 21.7598432939 0
2458263.5 23.8410722405 0 22.3382449397 0
2458264.5 23.2062756026 0 21.7151870182 0
2458265.5 22.3602159856 0 20.8849030371 0
2458266.5 19.9955878592 0 18.561794208 0
2458267.5 20.2922057813 0 18.8531161381 0
2458268.5 20.8203614575 0 19.3716108634 0
2458269.5 21.6535405624 0 20.1893211732 0
2458270.5 20.90110101 0 19.4509031396 0
2458271.5 20.1275770712 0 18.6918597163 0
2458272.5 21.1165250491 0 19.6652087088 0
2458273.5 21.1935624404 0 19.7409994885 0
2458274.5 20.6332403708 0 19.1911824202 0
2458275.5 20.4736021889 0 19.0345438789 0
2458276.5 20.707849635 0 19.2642649565 0
2458277.5 21.3397617147 0 19.8844266109 0
2458278.5 22.2324697074 0 20.760869916 0
2458279.5 22.2689572656 0 20.796803492 0
2458280.5 22.6522794034 0 21.173128598 0
2458281.5 22.2328448614 0 20.761270198 0
2458282.5 22.4886323443 0 21.012428481 0
2458283.5 22.1529892628 0 20.6831117022 0
2458284.5 21.4214422158 0 19.9678826939 0
2458285.5 21.6398105702 0 20.1820932138 0
2458286.5 21.1955087941 0 19.7459450247 0
2458287.5 21.4857344598 0 20.0307630746 0
2458288.5 16.2236847251 0 14.8640074937 0
2458289.5 17.114453764 0 15.738451917 0
2458290.5 17.7487966468 0 16.3612113968 0
2458291.5 18.4519057783 0 17.0513575142 0
2458292.5 18.0804914754 0 16.6867138038 0
2458293.5 18.3171430311 0 16.919033363 0
2458294.5 23.3337345324 0 21.8408311377 0
2458295.5 22.742920423 0 21.2609945166 0
2458296.5 21.9664832196 0 20.4988431271 0
2458297.5 22.8386479893 0 21.3546863574 0
2458298.5 22.0893878408 0 20.619325008 0
2458299.5 23.9241515215 0 22.4176788553 0
2458300.5 23.7556470349 0 22.2524290886 0
2458301.5 23.8282844656 0 22.3237186027 0
2458302.5 23.1012619362 0 21.610280743 0
2458303.5 23.4874901173 0 21.9892543044 0
2458304.5 17.4055665087 0 16.0231547617 0
2458305.5 17.2014725831 0 15.8227616896 0
2458306.5 16.7868591277 0 15.4157258197 0
2458307.5 16.3927698134 0 15.0291026744 0
2458308.5 16.6305653941 0 15.262436446 0
2458309.5 16.6602530209 0 15.2914651032 0
2458310.5 20.9877249645 0 19.5376265595 0
2458311.5 20.4230457079 0 18.9835128825 0
2458312.5 20.2243155333 0 18.7885415228 0
2458313.5 20.2485881784 0 18.8123023989 0
2458314.5 19.4466065712 0 18.0250482519 0
2458315.5 20.2931695327 0 18.8559650651 0
2458316.5 18.6481114372 0 17.2404274361 0
2458317.5 19.2749407545 0 17.8556558777 0
2458318.5 19.7283591557 0 18.3005967422 0
2458319.5 20.4224952055 0 18.9817994137 0
2458320.5 20.6509492992 0 19.2060648486 0
2458321.5 20.1571729591 0 18.7213805522 0
2458322.5 23.1729353391 0 21.6830700377 0
2458323.5 22.9454973419 0 21.4598281849 0
2458324.5 22.6819125714 0 21.201321932 0
2458325.5 21.8312892302 0 20.3665631433 0
2458326.5 21.1989739409 0 19.7474256036 0
2458327.5 21.4465504685 0 19.99032266 0
2458328.5 21.7520007027 0 20.2902405559 0
2458329.5 21.2920462984 0 19.8386425804 0
2458330.5 21.8813047881 0 20.4170101017 0
2458331.5 22.634603563 0 21.1565127103 0
2458332.5 17.5645385445 0 16.1797521912 0
2458333.5 18.0440762878 0 16.6503025846 0
2458334.5 17.7856370351 0 16.3966558559 0
2458335.5 17.160763789 0 15.7833814019 0
2458336.5 22.9419676955 0 21.456290043 0
2458337.5 23.7894095359 0 22.2878803738 0
2458338.5 24.6876672731 0 23.1695781173 0
2458339.5 23.980059787 0 22.4749267838 0
2458340.5 23.7397169477 0 22.23921592 0
2458341.5 18.2574657207 0 16.8604214498 0
2458342.5 17.7344128442 0 16.3472291828 0
2458343.5 17.9106569203 0 16.5203762088 0
2458344.5 17.3784517701 0 15.9979438879 0
2458345.5 17.8038935756 0 16.4155506215 0
2458346.5 17.2506024991 0 15.8726719612 0
2458347.5 20.1219461357 0 18.6912896987 0
2458348.5 19.410055853 0 17.9924298197 0
2458349.5 19.8270549076 0 18.4015507613 0
2458350.5 19.0615072401 0 17.6500780269 0
2458351.5 19.2114145626 0 17.7971498811 0
2458352.5 19.142022751 0 17.729076887 0
2458353.5 26.7852564734 0 25.2332090905 0
2458354.5 26.7840890216 0 25.2320006202 0
2458355.5 26.8651092769 0 25.3117133907 0
2458356.5 26.5502367043 0 25.0026176056 0
2458357.5 20.6659932209 0 19.2282763618 0
2458358.5 20.6739009272 0 19.2360584296 0
2458359.5 20.3029894379 0 18.8721883291 0
2458360.5 20.6047214556 0 19.1685059882 0
2458361.5 26.83713437 0 25.2892724554 0
2458362.5 27.367499918 0 25.8102053461 0
2458363.5 28.0118276629 0 26.4433912304 0
2458364.5 28.8064429003 0 27.2251926404 0
2458365.5 28.8493916164 0 27.2675925447 0
2458366.5 29.6685095765 0 28.0756694396 0
2458367.5 18.284118191 0 16.8967029631 0
2458368.5 17.459991017 0 16.0877743655 0
2458369.5 17.4456203427 0 16.0736820527 0
2458370.5 17.5660544409 0 16.1917936544 0
2458371.5 18.1293131946 0 16.7447005198 0
2458372.5 24.9126531801 0 23.4028460196 0
2458373.5 25.3885094948 0 23.870016104 0
2458374.5 24.5912617019 0 23.0876151218 0
2458375.5 24.3996225939 0 22.8995305015 0
2458376.5 19.0900994604 0 17.6894121736 0
2458377.5 19.7841182224 0 18.3706638454 0
2458378.5 19.473062371 0 18.0654128914 0
2458379.5 18.8079317934 0 17.4124448235 0
2458380.5 18.4511859122 0 17.0622951378 0
2458381.5 18.039518956 0 16.6581059157 0
2458382.5 27.3821653879 0 25.8277365966 0
2458383.5 26.9431191063 0 25.3965065216 0
2458384.5 27.3983616545 0 25.8437117141 0
2458385.5 27.2071549921 0 25.6560661073 0
2458386.5 27.775266788 0 26.2143217915 0
2458387.5 26.8586283489 0 25.3140021857 0
2458388.5 25.3028896943 0 23.7896527325 0
2458389.5 26.0717594231 0 24.5445170786 0
2458390.5 25.2460375129 0 23.7339840207 0
2458391.5 24.6913550368 0 23.1893680969 0
2458392.5 20.6396070101 0 19.2136003691 0
2458393.5 20.0682358911 0 18.6528800712 0
2458394.5 20.5482138062 0 19.1238536935 0
2458395.5 20.6284840581 0 19.2027046579 0
2458396.5 20.7106127761 0 19.2832841102 0
2458397.5 20.1772344417 0 18.7597674166 0
2458398.5 19.6710150851 0 18.2656206502 0
2458399.5 19.891325115 0 18.4818614591 0
2458400.5 19.6324045772 0 18.227691063 0
2458401.5 18.7785692758 0 17.3895318924 0
2458402.5 18.5047302537 0 17.1207267324 0
2458403.5 19.106773633 0 17.7116101785 0
2458404.5 21.7628169649 0 20.3201291386 0
2458405.5 21.0150070109 0 19.5861220933 0
2458406.5 21.3410580521 0 19.9061369614 0
2458407.5 21.9970057863 0 20.5498839405 0
2458408.5 21.7836634781 0 20.3403472223 0
2458409.5 24.1826454714 0 22.6925128108 0
2458410.5 24.5153359821 0 23.0190918768 0
2458411.5 24.8156134208 0 23.313695869 0
2458412.5 24.3278813741 0 22.8351556154 0
2458413.5 24.5807756927 0 23.0833580705 0
2458414.5 18.074120023 0 16.6993205575 0
2458415.5 17.9323068649 0 16.5602906935 0
2458416.5 17.937086018 0 16.5650700761 0
2458417.5 17.9178275691 0 16.5459864021 0
2458418.5 18.8362822516 0 17.4475438927 0
2458419.5 18.400185647 0 17.0197088038 0
2458420.5 20.2986818411 0 18.88196805 0
2458421.5 19.772868841 0 18.3657283073 0
2458422.5 19.7717103411 0 18.3644950919 0
2458423.5 19.1937338636 0 17.7971274691 0
2458424.5 19.764848129 0 18.3577583846 0
2458425.5 19.3545469957 0 17.9551058904 0
2458426.5 21.0686353116 0 19.635961836 0
2458427.5 20.9497179263 0 19.5193719143 0
2458428.5 20.182617465 0 18.7666522272 0
2458429.5 20.7420801196 0 19.3155962744 0
2458430.5 22.2999561427 0 20.8418283079 0
2458431.5 22.635854339 0 21.1715224315 0
2458432.5 23.2550334887 0 21.7793294152 0
2458433.5 23.0447946076 0 21.5731354736 0
2458434.5 19.4979291369 0 18.0936980152 0
2458435.5 19.6661487374 0 18.2586298371 0
2458436.5 19.9667353971 0 18.5535288904 0
2458437.5 19.5664988797 0 18.160733745 0
2458438.5 20.182089747 0 18.7647993588 0
2458439.5 23.2422373387 0 21.7714318977 0
2458440.5 23.3301476091 0 21.8575349222 0
2458441.5 24.1775844543 0 22.6892552543 0
2458442.5 24.5527532257 0 23.0575908945 0
2458443.5 23.9790773826 0 22.4932320296 0
2458444.5 23.8502415302 0 22.3669801404 0
2458445.5 22.9782792516 0 21.5111292758 0
2458446.5 22.5758381959 0 21.1161631911 0
2458447.5 22.6425788903 0 21.1817874133 0
2458448.5 19.1395033378 0 17.7462001337 0
2458449.5 18.340024182 0 16.9617443416 0
2458450.5 19.271768283 0 17.8763805187 0
2458451.5 19.3232726375 0 17.9270080941 0
2458452.5 18.4302778852 0 17.0504758781 0
2458453.5 18.6184301307 0 17.2351742239 0
2458454.5 24.4014616026 0 22.9130736456 0
2458455.5 24.5443536478 0 23.0531742864 0
2458456.5 23.9165368072 0 22.4371492246 0
2458457.5 24.5877704506 0 23.096150486 0
2458458.5 24.3737389671 0 22.8860404855 0
2458459.5 18.3180274072 0 16.9418262019 0
2458460.5 17.9589711585 0 16.589584858 0
2458461.5 18.7356677532 0 17.3519948758 0
2458462.5 19.3488966621 0 17.9539388779 0
2458463.5 18.9840157805 0 17.595700796 0
2458464.5 19.2722686129 0 17.8786371148 0
2458465.5 18.1176932753 0 16.7455981688 0
2458466.5 18.8089115081 0 17.4238559195 0
2458467.5 18.5619408759 0 17.1815406021 0
2458468.5 19.321905451 0 17.9273246098 0
2458469.5 24.7066560123 0 23.2138310703 0
2458470.5 24.1142034561 0 22.6321843156 0
2458471.5 24.8419500383 0 23.3463471656 0
2458472.5 24.2555243368 0 22.770637445 0
2458473.5 25.8424456825 0 24.3314962711 0
2458474.5 26.3060010407 0 24.7864158646 0
2458475.5 26.2328813441 0 24.7146339475 0
2458476.5 25.6449180716 0 24.1375896404 0
2458477.5 25.8045964526 0 24.2943813355 0
2458478.5 22.1605119988 0 20.7202922037 0
2458479.5 22.4184077759 0 20.9732133516 0
2458480.5 21.9305518147 0 20.4942895821 0
2458481.5 20.998777166 0 19.5795955935 0
2458482.5 23.8755795197 0 22.400877869 0
2458483.5 24.5376152122 0 23.0507590091 0
2458484.5 24.9142542514 0 23.4202873909 0
2458485.5 23.9708375383 0 22.4941225609 0
2458486.5 24.4329829441 0 22.9479068543 0
2458487.5 20.1261105309 0 18.7233751199 0
2458488.5 19.4720590993 0 18.0813509563 0
2458489.5 19.8344890489 0 18.4372106526 0
2458490.5 20.2397564693 0 18.8351052231 0
2458491.5 19.6658230666 0 18.2718266964 0
2458492.5 19.1923851453 0 17.807179328 0
2458493.5 27.0738521072 0 25.5434814837 0
2458494.5 27.2496037093 0 25.7161976224 0
2458495.5 27.6505408938 0 26.1100158 0
2458496.5 28.1843563482 0 26.6347021603 0
2458497.5 20.8532638316 0 19.4379871101 0
2458498.5 21.3910829774 0 19.9658302151 0
2458499.5 22.3059280824 0 20.8636396493 0
2458500.5 23.1759941306 0 21.7175615772 0
2458501.5 22.7454245669 0 21.2948358164 0
2458502.5 22.0823169149 0 20.6438991219 0
2458503.5 20.5572548982 0 19.1492144908 0
2458504.5 21.0010938234 0 19.5849969188 0
2458505.5 21.0444480136 0 19.6274305096 0
2458506.5 20.5986673032 0 19.1898904087 0
2458507.5 20.6179940268 0 19.208857954 0
2458508.5 23.9766713652 0 22.5073114816 0
2458509.5 24.6973633023 0 23.2148914164 0
2458510.5 24.6243987382 0 23.1432168188 0
2458511.5 24.7232884032 0 23.2402948831 0
2458512.5 17.9476592179 0 16.5890902059 0
2458513.5 17.485592749 0 16.1357465233 0
2458514.5 17.6477171368 0 16.2948415414 0
2458515.5 17.5101348388 0 16.159966969 0
2458516.5 18.0697638759 0 16.7093054765 0
2458517.5 27.5758874463 0 26.0415561059 0
2458518.5 28.3608573288 0 26.8135871105 0
2458519.5 28.5392878702 0 26.9892088588 0
2458520.5 28.2540056287 0 26.7085169337 0
2458521.5 25.5504669407 0 24.0531315589 0
2458522.5 24.820638239 0 23.3368354947 0
2458523.5 24.6849256892 0 23.2037507602 0
2458524.5 25.065287984 0 23.5770660678 0
2458525.5 25.7714735448 0 24.2703662558 0
2458526.5 25.7242139906 0 24.2237983025 0
2458527.5 18.1146306649 0 16.7575016579 0
2458528.5 17.5184531916 0 16.1723755615 0
2458529.5 18.1426966397 0 16.7848484529 0
2458530.5 18.9740338861 0 17.6006616825 0
2458531.5 18.3003772871 0 16.9394723945 0
2458532.5 18.7861137773 0 17.4161581556 0
2458533.5 28.428369535 0 26.885707661 0
2458534.5 27.5089610872 0 25.9815439493 0
2458535.5 28.1126399713 0 26.5750531783 0
2458536.5 28.6861736095 0 27.1393415079 0
2458537.5 28.228072502 0 26.6882040416 0
2458538.5 26.1027823738 0 24.6017581809 0
2458539.5 26.492636513 0 24.9846010633 0
2458540.5 26.8924718858 0 25.3772861292 0
2458541.5 27.8071631915 0 26.2758123964 0
2458542.5 27.9752299488 0 26.4410526905 0
2458543.5 28.5059194235 0 26.963347942 0
2458544.5 20.1887075069 0 18.7955187423 0
2458545.5 19.6616673781 0 18.278222267 0
2458546.5 18.9584282674 0 17.5880106733 0
2458547.5 19.8455435041 0 18.4587156432 0
2458548.5 26.2178532685 0 24.7120633315 0
2458549.5 25.4993539454 0 24.0066610713 0
2458550.5 25.5349243403 0 24.041521817 0
2458551.5 25.3909576732 0 23.9002995217 0
2458552.5 25.0212820143 0 23.5374324796 0
2458553.5 25.6883444505 0 24.1915273196 0
2458554.5 25.4002305187 0 23.9087005029 0
2458555.5 26.2182339904 0 24.7117186 0
2458556.5 25.9899295031 0 24.4877034471 0
2458557.5 26.6920275925 0 25.1771442005 0
2458558.5 26.520423776 0 25.0087441325 0
2458559.5 20.1824309557 0 18.7908659682 0
2458560.5 21.0787922433 0 19.6706238193 0
2458561.5 21.5715447404 0 20.1541950097 0
2458562.5 20.9692509667 0 19.5631936888 0
2458563.5 21.7957466289 0 20.3765070591 0
2458564.5 22.2952713616 0 20.8665866037 0
2458565.5 23.0190281313 0 21.5770721838 0
2458566.5 23.3781949191 0 21.92964997 0
2458567.5 27.4603521042 0 25.9346787317 0
2458568.5 26.7752893684 0 25.2615946263 0
2458569.5 25.9164955217 0 24.4182401431 0
2458570.5 25.230376605 0 23.7448951081 0
2458571.5 25.4841982756 0 23.9940516077 0
2458572.5 26.2263867927 0 24.7227491536 0
2458573.5 23.8135779924 0 22.3545909444 0
2458574.5 23.4927646977 0 22.0397839912 0
2458575.5 23.4442584391 0 21.9923647215 0
2458576.5 22.5608315835 0 21.1253008087 0
2458577.5 26.9600519802 0 25.441175866 0
2458578.5 26.5049932093 0 24.9944919408 0
2458579.5 26.5009260058 0 24.990373238 0
2458580.5 26.1997964716 0 24.694606991 0
2458581.5 18.6471250528 0 17.2799203862 0
2458582.5 18.770805917 0 17.4013883562 0
2458583.5 17.8600379537 0 16.5074694151 0
2458584.5 18.1682805646 0 16.8099202683 0
2458585.5 24.846395192 0 23.3619202166 0
2458586.5 25.1359685313 0 23.6462983927 0
2458587.5 24.8443923382 0 23.3602102163 0
2458588.5 25.4212330689 0 23.9262858802 0
2458589.5 25.295003861 0 23.8022787765 0
2458590.5 25.1811270562 0 23.6904141074 0
2458591.5 25.5549052882 0 24.0602015976 0
2458592.5 25.5990387975 0 24.1035402533 0
2458593.5 26.1202855459 0 24.6153820786 0
2458594.5 26.3708639024 0 24.8612703498 0
2458595.5 27.0274469105 0 25.5049425369 0
2458596.5 27.3880001361 0 25.8591331907 0
2458597.5 26.4678796716 0 24.9553036116 0
2458598.5 26.1578286896 0 24.6510121784 0
2458599.5 25.736661076 0 24.2377132361 0
2458600.5 25.9734581713 0 24.470047336 0
2458601.5 19.8752598045 0 18.4820076414 0
2458602.5 19.4394276897 0 18.0543615095 0
2458603.5 19.6134539914 0 18.2251661646 0
2458604.5 20.1820039802 0 18.7829932671 0
2458605.5 27.9603285622 0 26.41744497 0
2458606.5 28.3671161444 0 26.8172576947 0
2458607.5 27.7348051368 0 26.1955182636 0
2458608.5 27.1292732448 0 25.6007767637 0
2458609.5 26.4041046253 0 24.888526158 0
2458610.5 26.4522863438 0 24.9358630013 0
2458611.5 19.28459731 0 17.9038377089 0
2458612.5 18.3691776596 0 17.0053939162 0
2458613.5 18.6792364219 0 17.3096837864 0
2458614.5 18.436669218 0 17.0714430499 0
2458615.5 27.8421696372 0 26.3015656634 0
2458616.5 28.6930511473 0 27.1387738654 0
2458617.5 28.1229594351 0 26.5777582481 0
2458618.5 28.7708731158 0 27.215414758 0
2458619.5 21.0083349312 0 19.5945893073 0
2458620.5 21.6825452366 0 20.2564846259 0
2458621.5 21.7377293773 0 20.3106250717 0
2458622.5 21.300546509 0 19.8816589892 0
2458623.5 28.3926265175 0 26.8424931397 0
2458624.5 28.8595808246 0 27.3021844202 0
2458625.5 28.5968087553 0 27.0434840958 0
2458626.5 28.213016494 0 26.6661485693 0
2458627.5 28.3460744807 0 26.7971636519 0
2458628.5 28.7273443461 0 27.1725743323 0
2458629.5 18.5309526645 0 17.1634266454 0
2458630.5 18.853745691 0 17.480050513 0
2458631.5 19.1016561 0 17.723237065 0
2458632.5 18.9933683171 0 17.6168623583 0
2458633.5 19.4773389965 0 18.0919368737 0
2458634.5 20.3980489459 0 18.998823836 0
2458635.5 21.1744270935 0 19.7609199912 0
2458636.5 20.9875798979 0 19.5774393276 0
2458637.5 20.5164364749 0 19.1151027288 0
2458638.5 20.3977964477 0 18.9988575147 0
2458639.5 21.4869364229 0 20.0688222235 0
2458640.5 21.3389188439 0 19.9237142206 0
2458641.5 20.4042590827 0 19.0063327719 0
2458642.5 20.0901397549 0 18.6980122722 0
2458643.5 20.7261499033 0 19.3221374605 0
2458644.5 18.5455666063 0 17.1808768259 0
2458645.5 18.6012101419 0 17.235315455 0
2458646.5 19.0195749258 0 17.645760389 0
2458647.5 19.5983493133 0 18.2136083574 0
2458648.5 18.8897068089 0 17.5181416999 0
2458649.5 18.3219889545 0 16.9611440146 0
2458650.5 25.4399172373 0 23.9494672215 0
2458651.5 25.543307762 0 24.0509572031 0
2458652.5 25.9573578009 0 24.4573902513 0
2458653.5 26.1550271775 0 24.6516358832 0
2458654.5 26.143857677 0 24.6407396875 0
2458655.5 27.0722210692 0 25.5525351052 0
2458656.5 26.4536245165 0 24.9427470572 0
2458657.5 26.7631055275 0 25.2466866434 0
2458658.5 27.2169512949 0 25.6923509537 0
2458659.5 27.1581787696 0 25.6344696192 0
2458660.5 19.625711646 0 18.2428135013 0
2458661.5 18.757626435 0 17.3909725183 0
2458662.5 18.5542591569 0 17.1913403294 0
2458663.5 18.3194765647 0 16.9608955183 0
2458664.5 19.2525012757 0 17.8767337629 0
2458665.5 28.0046480187 0 26.466086356 0
2458666.5 27.9538671357 0 26.4163270928 0
2458667.5 27.812779485 0 26.2775587927 0
2458668.5 27.5654857461 0 26.0346503977 0
2458669.5 28.3761108748 0 26.8314857128 0
2458670.5 28.2648892752 0 26.7220319652 0
2458671.5 21.287169208 0 19.8726592838 0
2458672.5 21.2825877351 0 19.8681122489 0
2458673.5 21.9675504952 0 20.5404700092 0
2458674.5 22.8024357256 0 21.3597684628 0
2458675.5 22.3476126448 0 20.913524721 0
2458676.5 23.1959024846 0 21.7459759775 0
2458677.5 24.2263003964 0 22.7603569232 0
2458678.5 25.1156170749 0 23.6332751171 0
2458679.5 25.1144944633 0 23.6319774597 0
2458680.5 25.9644627997 0 24.46639953 0
2458681.5 26.4529496362 0 24.9461347471 0
2458682.5 26.2556739554 0 24.7522631436 0
2458683.5 18.6578636991 0 17.2944866859 0
2458684.5 19.3043241225 0 17.9287868962 0
2458685.5 18.479075691 0 17.118734114 0
2458686.5 17.7535817939 0 16.4067757184 0
2458687.5 18.5048932456 0 17.1440247702 0
2458688.5 18.8020784813 0 17.4358660717 0
2458689.5 20.8184474846 0 19.4166224497 0
2458690.5 20.771672427 0 19.3705894182 0
2458691.5 20.743463611 0 19.3429631299 0
2458692.5 21.0171521615 0 19.6117555768 0
2458693.5 20.4320121685 0 19.0375738709 0
2458694.5 21.2572876429 0 19.847430553 0
2458695.5 29.2016772858 0 27.649702716 0
2458696.5 28.4945221788 0 26.9532064258 0
2458697.5 27.9160892348 0 26.3844153431 0
2458698.5 28.5155676624 0 26.9739114005 0
2458699.5 28.3744595365 0 26.8349231598 0
2458700.5 26.9872206122 0 25.4721356827 0
2458701.5 26.6110905825 0 25.1027062965 0
2458702.5 26.5648599037 0 25.0574466123 0
2458703.5 26.7924353449 0 25.2808927601 0
2458704.5 21.5494519907 0 20.1353792409 0
2458705.5 21.6255632757 0 20.2098806681 0
2458706.5 22.0815892327 0 20.6574782382 0
2458707.5 21.8395734503 0 20.4200483292 0
2458708.5 22.2323144215 0 20.8055855759 0
2458709.5 27.9787146743 0 26.4484354295 0
2458710.5 27.5200643035 0 25.9976423227 0
2458711.5 27.2414229501 0 25.7240379965 0
2458712.5 26.3797212471 0 24.8777064941 0
2458713.5 26.377528894 0 24.8757545115 0
2458714.5 26.4454881459 0 24.9424175179 0
2458715.5 19.9249536999 0 18.5415759417 0
2458716.5 19.4182179057 0 18.0443865393 0
2458717.5 19.6905202986 0 18.3117433802 0
2458718.5 19.2806008959 0 17.9093665134 0
2458719.5 26.0626742238 0 24.5687312975 0
2458720.5 26.1689973286 0 24.6731334138 0
2458721.5 25.4942491856 0 24.0108559405 0
2458722.5 25.4467026585 0 23.9642675565 0
2458723.5 25.1690502646 0 23.6918870534 0
2458724.5 24.9381610452 0 23.4654218626 0
2458725.5 26.47061118 0 24.9671229614 0
2458726.5 26.1801201041 0 24.6820257391 0
2458727.5 25.8368699918 0 24.3451777235 0
2458728.5 25.8843713716 0 24.3919390423 0
2458729.5 20.6863819714 0 19.2887505893 0
2458730.5 19.9848183856 0 18.60016674 0
2458731.5 20.2679748945 0 18.8779208888 0
2458732.5 20.6749403531 0 19.2775011618 0
2458733.5 20.4302858499 0 19.0375340477 0
2458734.5 20.7095096393 0 19.3117584775 0
2458735.5 27.7028973765 0 26.1776003235 0
2458736.5 27.4549306585 0 25.9338634396 0
2458737.5 26.6933655365 0 25.1859506153 0
2458738.5 27.1140656151 0 25.5990080704 0
2458739.5 27.0163870256 0 25.5031117365 0
2458740.5 24.1985828247 0 22.7358966471 0
2458741.5 23.8055076866 0 22.3502653984 0
2458742.5 23.2153623844 0 21.7708759248 0
2458743.5 22.3118600097 0 20.8840691152 0
2458744.5 29.1314710088 0 27.5831424071 0
2458745.5 29.2866480428 0 27.7362892064 0
2458746.5 28.9324408645 0 27.3867835239 0
2458747.5 28.6683930047 0 27.1268143925 0
2458748.5 28.086607531 0 26.5544387201 0
2458749.5 27.9366895346 0 26.4069724869 0
2458750.5 22.9246873326 0 21.4855135049 0
2458751.5 22.7025711341 0 21.2674826718 0
2458752.5 23.5262055708 0 22.0760291735 0
2458753.5 23.0488041896 0 21.6075641558 0
2458754.5 22.2407497664 0 20.8145710031 0
2458755.5 22.8285957866 0 21.3917044267 0
2458756.5 24.0545582508 0 22.5947408562 0
2458757.5 23.5325196065 0 22.082449206 0
2458758.5 22.628760484 0 21.1954493666 0
2458759.5 23.2981575445 0 21.8522767554 0
2458760.5 24.1738559838 0 22.7118549502 0
2458761.5 23.7610049216 0 22.3060888139 0
2458762.5 23.4838219383 0 22.0338509142 0
2458763.5 23.3963548818 0 21.9481317847 0
2458764.5 24.3143414826 0 22.8492575718 0
2458765.5 24.5898052152 0 23.1196536856 0
2458766.5 23.0000919699 0 21.5578106224 0
2458767.5 22.9947383243 0 21.55243139 0
2458768.5 23.6245049686 0 22.1705476671 0
2458769.5 23.6377163131 0 22.1834597393 0
2458770.5 23.4673345943 0 22.0160942717 0
2458771.5 23.8007177407 0 22.3433382522 0
2458772.5 18.957225024 0 17.5925063802 0
2458773.5 18.7396805573 0 17.3789964945 0
2458774.5 19.2703856621 0 17.9000214549 0
2458775.5 19.3636026188 0 17.9914050116 0
2458776.5 25.8778992513 0 24.3857471245 0
2458777.5 25.3097580608 0 23.8280542278 0
2458778.5 25.888315763 0 24.3960883529 0
2458779.5 26.7052457569 0 25.1981853572 0
2458780.5 27.3474164021 0 25.8289944357 0
2458781.5 26.7509016699 0 25.2433058854 0
2458782.5 26.3215517632 0 24.8208619208 0
2458783.5 26.1555680804 0 24.6578879633 0
2458784.5 25.501481815 0 24.0158141652 0
2458785.5 26.1684082919 0 24.6705188109 0
2458786.5 27.0725066536 0 25.5582631991 0
2458787.5 25.245434503 0 23.7667135907 0
2458788.5 24.5351294674 0 23.0695681019 0
2458789.5 23.8495195502 0 22.3967700097 0
2458790.5 23.9792419031 0 22.5242078173 0
2458791.5 23.9008840549 0 22.4474663059 0
2458792.5 26.4208585677 0 24.9206812425 0
2458793.5 26.1854367081 0 24.6894276149 0
2458794.5 25.7227432444 0 24.2350065362 0
2458795.5 25.2254689702 0 23.746686564 0
2458796.5 27.8971333711 0 26.3725057556 0
2458797.5 28.5149569618 0 26.9803360287 0
2458798.5 27.8836766326 0 26.3595694307 0
2458799.5 28.3154376396 0 26.7840098512 0
2458800.5 28.4682951389 0 26.9344323726 0
2458801.5 26.4945869374 0 24.9981059576 0
2458802.5 26.9227408236 0 25.4186328801 0
2458803.5 26.3427436635 0 24.8489807243 0
2458804.5 26.0110591263 0 24.5232241252 0
2458805.5 26.4377844797 0 24.9422033709 0
2458806.5 25.8467923194 0 24.3620654687 0
2458807.5 29.392727545 0 27.8473353178 0
2458808.5 29.6575037748 0 28.1091662053 0
2458809.5 28.7790459526 0 27.2422309793 0
2458810.5 29.0283809122 0 27.4881156675 0
2458811.5 25.2203399965 0 23.7480792231 0
2458812.5 24.4563500211 0 22.99798932 0
2458813.5 24.3058497773 0 22.8501799529 0
2458814.5 24.6464539618 0 23.1846463658 0
2458815.5 24.5181939715 0 23.0588825087 0
2458816.5 24.0240944946 0 22.5740953789 0
2458817.5 20.2936705834 0 18.9137701558 0
2458818.5 20.4002678782 0 19.0185350205 0
2458819.5 20.9786784979 0 19.5864128417 0
2458820.5 21.1698232825 0 19.7740250515 0
2458821.5 22.1028361 0 20.6897110981 0
2458822.5 22.6579213615 0 21.2344367771 0
2458823.5 20.8451873084 0 19.4554146653 0
2458824.5 20.7948404804 0 19.406164531 0
2458825.5 20.2710579611 0 18.8921426664 0
2458826.5 20.1619248117 0 18.7851444808 0
2458827.5 19.5632750161 0 18.1975511208 0
2458828.5 20.2028078562 0 18.8238006713 0
2458829.5 19.4246092182 0 18.060226772 0
2458830.5 19.3607938036 0 17.9977353178 0
2458831.5 19.3476242443 0 17.984859544 0
2458832.5 19.6124840119 0 18.2446272457 0
2458833.5 27.2830303437 0 25.7755361948 0
2458834.5 26.5385932148 0 25.0442681974 0
2458835.5 26.4544767898 0 24.9614895283 0
2458836.5 26.5107895819 0 25.0167435733 0
2458837.5 25.5207014652 0 24.0453102025 0
2458838.5 26.0140012193 0 24.5297151368 0
2458839.5 26.9220016334 0 25.4213097288 0
2458840.5 27.2145905392 0 25.7086165502 0
2458841.5 27.1968950814 0 25.6912134653 0
2458842.5 24.5485499705 0 23.0928766934 0
2458843.5 24.752181909 0 23.2926016011 0
2458844.5 25.5622959518 0 24.0876235312 0
2458845.5 25.8053705815 0 24.32625675 0
2458846.5 26.1028984041 0 24.6181992922 0
2458847.5 25.611008145 0 24.1338505643 0
2458848.5 25.3372400634 0 23.8652035072 0
2458849.5 25.4640516762 0 23.9895433949 0
2458850.5 24.5654644261 0 23.1076600507 0
2458851.5 24.7005822367 0 23.240251943 0
2458852.5 23.9945035032 0 22.5488919533 0
2458853.5 24.6210605954 0 23.1639576154 0
2458854.5 24.9737465878 0 23.5101368126 0
2458855.5 25.7628554853 0 24.2846439384 0
2458856.5 20.0748990236 0 18.7005671353 0
2458857.5 20.9391761354 0 19.5489103702 0
2458858.5 20.3084806949 0 18.930085643 0
2458859.5 20.9755653698 0 19.5847221028 0
2458860.5 21.3563993359 0 19.9585008411 0
2458861.5 22.221867246 0 20.8078415932 0
2458862.5 26.308691865 0 24.8211344515 0
2458863.5 26.5090111996 0 25.0178634095 0
2458864.5 27.3726380413 0 25.8659182313 0
2458865.5 26.7665593564 0 25.2706052651 0
2458866.5 20.2511168003 0 18.8730062943 0
2458867.5 20.140599611 0 18.7646093391 0
2458868.5 19.7082573732 0 18.3404676922 0
2458869.5 20.5120519236 0 19.1293917065 0
2458870.5 20.0201065531 0 18.6464388306 0
2458871.5 20.7984059972 0 19.4102589218 0
2458872.5 29.8077083529 0 28.2641202044 0
2458873.5 30.1772710004 0 28.6302898377 0
2458874.5 30.8568484707 0 29.3084911034 0
2458875.5 30.9594092569 0 29.4117244128 0
2458876.5 30.8834807778 0 29.3358874335 0
2458877.5 25.3792520352 0 23.906157082 0
2458878.5 25.7592267834 0 24.2793389192 0
2458879.5 25.1571973036 0 23.6883211441 0
2458880.5 24.3264692559 0 22.8730494016 0
2458881.5 23.5401549186 0 22.1021118493 0
2458882.5 23.2405261451 0 21.8081064065 0
2458883.5 22.9152628885 0 21.4890075504 0
2458884.5 22.9192205627 0 21.4928657929 0
2458885.5 23.4386765053 0 22.0027568579 0
2458886.5 24.1510216324 0 22.7018841605 0
2458887.5 25.8833347842 0 24.4037838744 0
2458888.5 26.6651667716 0 25.1713624429 0
2458889.5 26.3103896364 0 24.8228679103 0
2458890.5 25.7662834654 0 24.2888684569 0
2458891.5 26.4755584652 0 24.9852317391 0
2458892.5 26.929334758 0 25.4306247922 0
2458893.5 20.1990725214 0 18.8271164395 0
2458894.5 20.6632379943 0 19.28270353 0
2458895.5 20.9214940825 0 19.5361481541 0
2458896.5 21.2545221479 0 19.8629313299 0
2458897.5 21.2985433787 0 19.9063281749 0
2458898.5 27.5768899388 0 26.0676619197 0
2458899.5 27.9338576417 0 26.4183579024 0
2458900.5 27.7574738742 0 26.2451350287 0
2458901.5 27.657586387 0 26.1470585346 0
2458902.5 27.9856404201 0 26.4694754732 0
2458903.5 28.4772532769 0 26.9552049458 0
2458904.5 27.8865308003 0 26.3742024474 0
2458905.5 28.1147880661 0 26.5987531388 0
2458906.5 27.8726113491 0 26.3606733033 0
2458907.5 27.3471060714 0 25.8442966073 0
2458908.5 27.2448655271 0 25.7438586028 0
2458909.5 27.0214947383 0 25.5237545587 0
2458910.5 26.369659536 0 24.8836030936 0
2458911.5 26.3468158302 0 24.8612072884 0
2458912.5 26.547438498 0 25.0581489021 0
2458913.5 26.8265480804 0 25.3322737901 0
2458914.5 29.5482684691 0 28.0095120849 0
2458915.5 30.0154660699 0 28.4721115479 0
2458916.5 30.4201440904 0 28.8742082217 0
2458917.5 31.2920852008 0 29.7497951159 0
2458918.5 31.4821046454 0 29.9432467059 0
2458919.5 26.8735285908 0 25.3809886213 0
2458920.5 27.0229477139 0 25.5276805179 0
2458921.5 26.7484471696 0 25.2581703689 0
2458922.5 26.0120064905 0 24.5352257027 0
2458923.5 25.4117077061 0 23.9461209726 0
2458924.5 29.6005137331 0 28.0678485691 0
2458925.5 29.9870401359 0 28.4507099152 0
2458926.5 29.9983531021 0 28.4620267054 0
2458927.5 30.4039926924 0 28.8653753188 0
2458928.5 21.7501873776 0 20.3558645565 0
2458929.5 21.2396193424 0 19.8547409985 0
2458930.5 21.7194174616 0 20.3257098999 0
2458931.5 22.1649965568 0 20.7631152839 0
2458932.5 27.9424315492 0 26.4342526451 0
2458933.5 28.1622410762 0 26.6505701856 0
2458934.5 27.8311198991 0 26.3248691205 0
2458935.5 26.9481363564 0 25.4572496141 0
2458936.5 27.6327969045 0 26.1299833069 0
2458937.5 29.8496932991 0 28.312646317 0
2458938.5 29.7371207467 0 28.2011420974 0
2458939.5 29.7552367078 0 28.2192775339 0
2458940.5 30.5013639595 0 28.9604119128 0
2458941.5 28.7402809858 0 27.2150230299 0
2458942.5 28.9128028328 0 27.3849811781 0
2458943.5 29.2867431666 0 27.7537393766 0
2458944.5 28.8690919526 0 27.3420016654 0
2458945.5 28.8407101205 0 27.3138649704 0
2458946.5 28.2060939622 0 26.6891487636 0
2458947.5 22.7081867883 0 21.292898903 0
2458948.5 21.8972506141 0 20.4969122371 0
2458949.5 21.0137774682 0 19.6297425237 0
2458950.5 21.2680134985 0 19.8793413366 0
2458951.5 21.955875007 0 20.5544349625 0
2458952.5 21.7492484064 0 20.3516997843 0
2458953.5 29.3308447829 0 27.7964546127 0
2458954.5 29.6870965899 0 28.1483540429 0
2458955.5 29.020923358 0 27.4905443596 0
2458956.5 28.8328391014 0 27.3054106342 0
2458957.5 28.5112732239 0 26.9888853683 0
2458958.5 27.648717379 0 26.1430773697 0
2458959.5 26.7119314413 0 25.2227997387 0
2458960.5 25.8800270258 0 24.4061972049 0
2458961.5 25.788964567 0 24.3166279995 0
2458962.5 26.0817848967 0 24.6040311909 0
2458963.5 26.612795516 0 25.1254630673 0
2458964.5 22.6263004178 0 21.2141915609 0
2458965.5 23.2498846137 0 21.8260582931 0
2458966.5 22.9251812842 0 21.5075464523 0
2458967.5 22.6106138689 0 21.1989369253 0
2458968.5 22.1998515441 0 20.7959552127 0
2458969.5 22.4906735259 0 21.0812712926 0
2458970.5 20.2828545072 0 18.912419574 0
2458971.5 21.177176112 0 19.7901877897 0
2458972.5 20.7680214559 0 19.3887214915 0
2458973.5 21.6558363069 0 20.2602691612 0
2458974.5 20.3981684802 0 19.0242491842 0
2458975.5 21.20875841 0 19.8196768402 0
2458976.5 21.6236536264 0 20.2270346672 0
2458977.5 21.7254946299 0 20.3270187148 0
2458978.5 21.932235463 0 20.5297893434 0
2458979.5 20.0798991255 0 18.7134058577 0
2458980.5 19.7027244244 0 18.3431677344 0
2458981.5 19.5107399062 0 18.1546343814 0
2458982.5 19.6226639548 0 18.2642889889 0
2458983.5 23.0340798701 0 21.611084358 0
2458984.5 22.2481726777 0 20.8397429624 0
2458985.5 21.8442271261 0 20.4431575035 0
2458986.5 21.0869922562 0 19.6998811906 0
2458987.5 20.8706045332 0 19.4873539967 0
2458988.5 28.4429397646 0 26.9207826546 0
2458989.5 28.1968134318 0 26.6786290126 0
2458990.5 28.3678113325 0 26.8468327144 0
2458991.5 29.0476945534 0 27.5165587917 0
2458992.5 29.7000352007 0 28.1609642318 0
2458993.5 29.5014115737 0 27.9643570315 0
2458994.5 21.5569611983 0 20.160380836 0
2458995.5 20.6752139133 0 19.2951814717 0
2458996.5 20.0196407931 0 18.6517312662 0
2458997.5 19.5704901322 0 18.2109564956 0
2458998.5 20.3374659734 0 18.9636278293 0
2458999.5 24.7595183468 0 23.3033228598 0
2459000.5 24.071352698 0 22.6278586959 0
2459001.5 23.2065120095 0 21.7789985039 0
2459002.5 23.2082691929 0 21.7809015029 0
2459003.5 23.3449806423 0 21.915041371 0
2459004.5 24.1414824547 0 22.6968241458 0
2459005.5 26.4262257057 0 24.940269726 0
2459006.5 25.5969492648 0 24.1260942496 0
2459007.5 24.8683593939 0 23.4107745283 0
2459008.5 24.3451296096 0 22.8973362436 0
2459009.5 24.3478403787 0 22.8999290213 0
2459010.5 25.048509388 0 23.587816354 0
2459011.5 19.5876375096 0 18.2253489065 0
2459012.5 20.4480507062 0 19.0697092631 0
2459013.5 20.5498343954 0 19.1694301811 0
2459014.5 21.3206814979 0 19.9259998518 0
2459015.5 20.7164490123 0 19.3328221511 0
2459016.5 20.126794499 0 18.7541553714 0
2459017.5 28.663563827 0 27.1366344431 0
2459018.5 28.4504558401 0 26.9267708835 0
2459019.5 28.1908172669 0 26.671349256 0
2459020.5 28.6613285938 0 27.1343178006 0
2459021.5 29.4455446907 0 27.9077707929 0
2459022.5 29.7772074565 0 28.2358602016 0
2459023.5 20.9963091454 0 19.6084060598 0
2459024.5 20.5079562555 0 19.1290951967 0
2459025.5 20.0266208867 0 18.6565924117 0
2459026.5 20.8844245754 0 19.4985460527 0
2459027.5 20.4819917619 0 19.1037656585 0
2459028.5 19.8161825032 0 18.4504917979 0
2459029.5 25.3630597477 0 23.895823812 0
2459030.5 25.0015305549 0 23.5411019662 0
2459031.5 25.924941764 0 24.4473757628 0
2459032.5 25.2535974277 0 23.7883298741 0
2459033.5 24.5078365819 0 23.0561683394 0
2459034.5 24.7443446263 0 23.2882785636 0
2459035.5 27.6928811724 0 26.1825099032 0
2459036.5 26.9949002602 0 25.4968954215 0
2459037.5 26.2606983604 0 24.7761123419 0
2459038.5 26.82581144 0 25.3310830773 0
2459039.5 27.2223261857 0 25.7187836048 0
2459040.5 27.9786594988 0 26.4618369265 0
2459041.5 28.3049874361 0 26.7826138062 0
2459042.5 28.3261339283 0 26.8033068754 0
2459043.5 28.6844927683 0 27.1561036279 0
2459044.5 28.776293844 0 27.2465629768 0
2459045.5 19.4193137981 0 18.0603608351 0
2459046.5 19.2560960322 0 17.9000658697 0
2459047.5 20.0979990181 0 18.7261973316 0
2459048.5 20.3171363665 0 18.9413262026 0
2459049.5 26.6283418712 0 25.135914756 0
2459050.5 26.2655514114 0 24.7797102994 0
2459051.5 26.7112286725 0 25.2171787409 0
2459052.5 27.47534594 0 25.9676527401 0
2459053.5 27.0839084332 0 25.5832231813 0
2459054.5 27.6899999826 0 26.1788212173 0
2459055.5 22.7244200614 0 21.3024499212 0
2459056.5 22.9704385339 0 21.5437772407 0
2459057.5 22.0698923347 0 20.6598146795 0
2459058.5 21.4593534344 0 20.0605838077 0
2459059.5 21.8865582931 0 20.4796914255 0
2459060.5 26.6765271691 0 25.1845002795 0
2459061.5 26.7956490104 0 25.3013030667 0
2459062.5 26.0580453194 0 24.5770788951 0
2459063.5 26.1129164236 0 24.6307489153 0
2459064.5 25.229986714 0 23.7640725216 0
2459065.5 25.4486162926 0 23.9787640995 0
2459066.5 24.3873799491 0 22.9352452671 0
2459067.5 24.8720540342 0 23.4110144588 0
2459068.5 25.5399412657 0 24.0665902188 0
2459069.5 26.3983293372 0 24.9092603454 0
2459070.5 25.5935051925 0 24.1189797509 0
2459071.5 30.3523166037 0 28.8081574407 0
2459072.5 30.4798165794 0 28.9353981015 0
2459073.5 29.8689394919 0 28.3282209785 0
2459074.5 30.07416873 0 28.53207541 0
2459075.5 25.5118078314 0 24.0423259852 0
2459076.5 24.7389538021 0 23.2836950963 0
2459077.5 24.1140838974 0 22.6702236455 0
2459078.5 24.4783458181 0 23.0278877734 0
2459079.5 22.828227892 0 21.4078774464 0
2459080.5 22.1237451824 0 20.716309344 0
2459081.5 21.4070288264 0 20.0127800989 0
2459082.5 21.1712337334 0 19.7812722963 0
2459083.5 20.8866978584 0 19.5018685088 0
2459084.5 21.0747768445 0 19.6865473566 0
2459085.5 19.9861296652 0 18.6208892773 0
2459086.5 19.7939566992 0 18.4320845534 0
2459087.5 19.5963868254 0 18.2381833811 0
