2457258.5 16.2278952631 0 14.8061632851 0
2457259.5 15.7382926734 0 14.3257997698 0
2457260.5 14.8778568666 0 13.4814718253 0
2457261.5 15.4800858526 0 14.0723987248 0
2457262.5 16.326184985 0 14.9028070851 0
2457263.5 15.6769731788 0 14.2655299472 0
2457264.5 14.5207061353 0 13.132002019 0
2457265.5 14.433407454 0 13.0464682869 0
2457266.5 15.1017365683 0 13.702579998 0
2457267.5 14.7083187878 0 13.3164058333 0
2457268.5 14.8259351921 0 13.4316414393 0
2457269.5 19.2835703074 0 17.8060299104 0
2457270.5 19.7651498066 0 18.2786832711 0
2457271.5 19.7253047584 0 18.2394020773 0
2457272.5 19.8500213919 0 18.3616959346 0
2457273.5 19.4892970386 0 18.0076681974 0
2457274.5 20.1687535661 0 18.6746480915 0
2457275.5 15.2993868344 0 13.8957111148 0
2457276.5 14.3941589829 0 13.00744536 0
2457277.5 13.9636612697 0 12.5849855274 0
2457278.5 13.2978133832 0 11.9315264433 0
2457279.5 14.2287127524 0 12.8453257258 0
2457280.5 13.7023433835 0 12.3287848695 0
2457281.5 16.828392456 0 15.398574807 0
2457282.5 16.8473295849 0 15.4172545119 0
2457283.5 17.7128079082 0 16.2667596156 0
2457284.5 17.0503022199 0 15.6166796199 0
2457285.5 23.4910208759 0 21.9353820914 0
2457286.5 24.3542612338 0 22.7824885485 0
2457287.5 24.191385016 0 22.6224669215 0
2457288.5 23.7939291338 0 22.2324612213 0
2457289.5 23.3279286011 0 21.7750833052 0
2457290.5 14.1369990742 0 12.7520266689 0
2457291.5 13.2307863457 0 11.8624492505 0
2457292.5 13.3757741792 0 12.0047428236 0
2457293.5 12.4514739237 0 11.0975278546 0
2457294.5 15.8732338418 0 14.455962494 0
2457295.5 15.7755579303 0 14.3600239313 0
2457296.5 15.0259959595 0 13.6244266706 0
2457297.5 14.5854200196 0 13.192102206 0
2457298.5 14.4666732056 0 13.0755471242 0
2457299.5 15.2556578488 0 13.8479229626 0
2457300.5 15.3727986707 0 13.9627871404 0
2457301.5 14.861622988 0 13.4611745726 0
2457302.5 15.7233408581 0 14.3071114205 0
2457303.5 14.7827343234 0 13.3838328598 0
2457304.5 14.9038629092 0 13.5028853584 0
2457305.5 22.3211602349 0 20.7850566055 0
2457306.5 22.6944610594 0 21.1513436894 0
2457307.5 22.9385125748 0 21.39078978 0
2457308.5 22.5245851342 0 20.9843672492 0
2457309.5 23.0049190278 0 21.4558927848 0
2457310.5 22.9859406976 0 21.4372189073 0
2457311.5 16.9986315732 0 15.5618592114 0
2457312.5 16.5666600771 0 15.1378092004 0
2457313.5 16.1103722937 0 14.6898559073 0
2457314.5 17.0355477283 0 15.5980587871 0
2457315.5 16.6422917681 0 15.2121582534 0
2457316.5 15.877999667 0 14.4622232543 0
2457317.5 14.6166398816 0 13.2244486232 0
2457318.5 14.57239534 0 13.1810590261 0
2457319.5 13.8734885983 0 12.4951770304 0
2457320.5 14.2247357128 0 12.8399509718 0
2457321.5 14.6709781975 0 13.2780686425 0
2457322.5 15.2433868526 0 13.8400179488 0
2457323.5 13.1332543781 0 11.7686869845 0
2457324.5 12.3043529024 0 10.9551495252 0
2457325.5 12.2689756958 0 10.9205639063 0
2457326.5 11.6257229288 0 10.2891018371 0
2457327.5 10.7282071095 0 9.40806501687 0
2457328.5 11.4436091112 0 10.1102485875 0
2457329.5 18.5816146484 0 17.1147841804 0
2457330.5 17.6834934085 0 16.2331659513 0
2457331.5 17.6752268792 0 16.2248529057 0
2457332.5 18.3787738127 0 16.9152384047 0
2457333.5 17.5201869644 0 16.0726137316 0
2457334.5 17.3442756896 0 15.8999533204 0
2457335.5 21.0652053172 0 19.5500216986 0
2457336.5 21.4331392838 0 19.9112675588 0
2457337.5 21.3621223901 0 19.8415708894 0
2457338.5 22.2623932316 0 20.7251638356 0
2457339.5 23.0606324683 0 21.5087035389 0
2457340.5 22.9151094706 0 21.3660425876 0
2457341.5 21.2724657536 0 19.7525803626 0
2457342.5 21.4750598907 0 19.9513638717 0
2457343.5 21.6860599984 0 20.1585118361 0
2457344.5 20.8707444668 0 19.3581821892 0
2457345.5 23.0127070509 0 21.458363789 0
2457346.5 23.1815179824 0 21.6242272832 0
2457347.5 23.4252584178 0 21.8636122857 0
2457348.5 22.5223738472 0 20.9775764801 0
2457349.5 14.4658271599 0 13.0675590097 0
2457350.5 14.3662061227 0 12.9699036449 0
2457351.5 14.0534956618 0 12.6630616202 0
2457352.5 14.7648498776 0 13.3611068747 0
2457353.5 14.8084170928 0 13.4036767748 0
2457354.5 14.0866905424 0 12.6955084463 0
2457355.5 19.477979227 0 17.9886781019 0
2457356.5 20.2718040882 0 18.767854328 0
2457357.5 20.4620982039 0 18.9547379505 0
2457358.5 21.121035918 0 19.6014647989 0
2457359.5 21.0843306293 0 19.5656296105 0
2457360.5 16.2517540498 0 14.8257862922 0
2457361.5 15.5967963097 0 14.1829482776 0
2457362.5 14.9679870538 0 13.56586321 0
2457363.5 14.8954715499 0 13.4945080686 0
2457364.5 14.6352252424 0 13.239230468 0
2457365.5 21.2264143413 0 19.71133819 0
2457366.5 22.0606726632 0 20.5303386458 0
2457367.5 22.6545831437 0 21.1132908233 0
2457368.5 22.1418663989 0 20.6099515803 0
2457369.5 22.4907833293 0 20.9524224982 0
2457370.5 22.8783741675 0 21.3330003075 0
2457371.5 22.3788061498 0 20.8419579793 0
2457372.5 23.0217170975 0 21.472987769 0
2457373.5 22.7886302255 0 21.2443597502 0
2457374.5 23.6750674709 0 22.1142794604 0
2457375.5 20.4776558602 0 18.9774043371 0
2457376.5 21.0161388454 0 19.5059007447 0
2457377.5 21.0254729853 0 19.5150018355 0
2457378.5 21.9117433598 0 20.3848517252 0
2457379.5 13.0541245398 0 11.6915381478 0
2457380.5 12.2528406031 0 10.9053069514 0
2457381.5 12.8887963431 0 11.5296514875 0
2457382.5 13.5343114418 0 12.1633828479 0
2457383.5 13.4067868931 0 12.0381912376 0
2457384.5 21.1441454148 0 19.632325642 0
2457385.5 20.6026338297 0 19.1007456006 0
2457386.5 19.7802821499 0 18.2937318532 0
2457387.5 20.0601011633 0 18.568262346 0
2457388.5 20.2739925881 0 18.7797317189 0
2457389.5 20.2135788871 0 18.720306965 0
2457390.5 20.3845120752 0 18.8880633204 0
2457391.5 20.3019541295 0 18.8069127994 0
2457392.5 19.8313826679 0 18.3450659996 0
2457393.5 19.6174662506 0 18.1358045836 0
2457394.5 19.5320988864 0 18.0521327838 0
2457395.5 19.8863307013 0 18.3996561441 0
2457396.5 20.1306945207 0 18.6396564954 0
2457397.5 23.4119095785 0 21.8598475038 0
2457398.5 22.7252796295 0 21.1859644949 0
2457399.5 22.8471092884 0 21.3056768113 0
2457400.5 22.9110023132 0 21.3682887985 0
2457401.5 23.3194349947 0 21.769328801 0
2457402.5 23.9579678506 0 22.3960929592 0
2457403.5 12.9973732227 0 11.6365916532 0
2457404.5 13.0555572767 0 11.6937436805 0
2457405.5 12.1865384084 0 10.8408847664 0
2457406.5 11.9146702083 0 10.5738663609 0
2457407.5 12.6446518385 0 11.2904924108 0
2457408.5 13.1552963026 0 11.7898395185 0
2457409.5 13.7526268623 0 12.3760363339 0
2457410.5 13.9258029624 0 12.5458467506 0
2457411.5 13.8001696067 0 12.42242561 0
2457412.5 13.5392590277 0 12.1665280116 0
2457413.5 18.3424447389 0 16.8798730137 0
2457414.5 18.6315254467 0 17.1637324805 0
2457415.5 19.1653560133 0 17.6874928275 0
2457416.5 19.1525690999 0 17.6750297713 0
2457417.5 23.6313669172 0 22.0716193911 0
2457418.5 22.9162088603 0 21.3696760199 0
2457419.5 22.9649961579 0 21.4173732664 0
2457420.5 22.9399125157 0 21.3929429102 0
2457421.5 23.228125791 0 21.6758083149 0
2457422.5 23.9172843445 0 22.3522023709 0
2457423.5 13.7810158729 0 12.4069588206 0
2457424.5 13.343273959 0 11.9772967304 0
2457425.5 13.7334276394 0 12.3600880799 0
2457426.5 13.7155477877 0 12.3426072932 0
2457427.5 13.9492159875 0 12.571850746 0
2457428.5 15.1139425158 0 13.7142589998 0
2457429.5 14.6231457316 0 13.2324208554 0
2457430.5 14.3258254443 0 12.9404997785 0
2457431.5 14.4055112609 0 13.0186205286 0
2457432.5 15.2009138251 0 13.7991517612 0
2457433.5 15.9639107722 0 14.5479340573 0
2457434.5 16.8466227285 0 15.4152258052 0
2457435.5 16.50150196 0 15.076527905 0
2457436.5 15.5879156782 0 14.1797082391 0
2457437.5 15.2368700063 0 13.8353373326 0
2457438.5 15.0248862602 0 13.6273743832 0
2457439.5 15.7320233967 0 14.3198103086 0
2457440.5 15.7396346511 0 14.3273804667 0
2457441.5 15.5710171521 0 14.1617008332 0
2457442.5 15.6382761602 0 14.2277463137 0
2457443.5 18.8640103575 0 17.3919254804 0
2457444.5 18.6311890223 0 17.1635238024 0
2457445.5 18.3710239037 0 16.9080089987 0
2457446.5 18.6863918309 0 17.2174039763 0
2457447.5 20.3504480039 0 18.8481266356 0
2457448.5 19.8662762912 0 18.3729926536 0
2457449.5 20.4317889767 0 18.9281327197 0
2457450.5 21.0885457944 0 19.5726421494 0
2457451.5 20.6971193829 0 19.1886112461 0
2457452.5 15.1221006686 0 13.7147537906 0
2457453.5 15.8338754102 0 14.4131393956 0
2457454.5 16.3863810501 0 14.955459915 0
2457455.5 15.6103324804 0 14.1938749252 0
2457456.5 16.4457742908 0 15.0140185884 0
2457457.5 15.918964083 0 14.4968780417 0
2457458.5 23.488353451 0 21.9291486269 0
2457459.5 22.7838517295 0 21.2376052594 0
2457460.5 22.4162335369 0 20.8769331037 0
2457461.5 23.2941457918 0 21.7384312107 0
2457462.5 23.9252125278 0 22.3579045545 0
2457463.5 24.4304959094 0 22.8538237892 0
2457464.5 17.1794486553 0 15.7371529311 0
2457465.5 16.3493314174 0 14.922243669 0
2457466.5 16.176882697 0 14.7529409118 0
2457467.5 15.4743513108 0 14.0635085217 0
2457468.5 15.2466678384 0 13.8398683783 0
2457469.5 18.0002100315 0 16.5395624116 0
2457470.5 17.8660009941 0 16.4077785786 0
2457471.5 17.1152152433 0 15.6710317129 0
2457472.5 16.4216251729 0 14.9903775426 0
2457473.5 21.4330941716 0 19.9097338253 0
2457474.5 21.0850857513 0 19.568021413 0
2457475.5 20.415133023 0 18.9104993358 0
2457476.5 20.5560712131 0 19.0487202836 0
2457477.5 20.5339617961 0 19.0271428443 0
2457478.5 16.9129345229 0 15.4726151254 0
2457479.5 16.3820789418 0 14.9514988427 0
2457480.5 17.0640246754 0 15.6207960903 0
2457481.5 16.9137219764 0 15.4733241088 0
2457482.5 17.5971237171 0 16.1440376598 0
2457483.5 16.8300027082 0 15.3909881781 0
2457484.5 17.664309128 0 16.208493347 0
2457485.5 18.3636656275 0 16.8947594444 0
2457486.5 17.9029402162 0 16.4425098955 0
2457487.5 17.6777651758 0 16.2215942599 0
2457488.5 19.6288689631 0 18.1361312664 0
2457489.5 20.4264634591 0 18.9188174643 0
2457490.5 19.7240653598 0 18.2293891455 0
2457491.5 19.2553531603 0 17.7694354556 0
2457492.5 18.3816523766 0 16.9120396066 0
2457493.5 18.2975732141 0 16.8296852686 0
2457494.5 17.6552621173 0 16.1973948565 0
2457495.5 16.9627639387 0 15.5175791056 0
2457496.5 16.1791685503 0 14.7486437363 0
2457497.5 16.8722336924 0 15.4289831986 0
2457498.5 20.3434649375 0 18.8335893765 0
2457499.5 19.7096624777 0 18.2113682663 0
2457500.5 19.1730679223 0 17.6845455772 0
2457501.5 18.3515697788 0 16.8781712119 0
2457502.5 22.5023360842 0 20.954451304 0
2457503.5 21.6297063193 0 20.0980735267 0
2457504.5 22.3265698642 0 20.7822228145 0
2457505.5 22.8974798113 0 21.3424336973 0
2457506.5 22.8775214504 0 21.322816981 0
2457507.5 13.6775293424 0 12.2952371944 0
2457508.5 12.9217579536 0 11.5535596875 0
2457509.5 13.100823213 0 11.7293858207 0
2457510.5 13.3459864408 0 11.9701779608 0
2457511.5 13.8069261867 0 12.4224660455 0
2457512.5 13.8050470638 0 12.4207589572 0
2457513.5 18.2706222986 0 16.8049856442 0
2457514.5 18.1626277805 0 16.6988070508 0
2457515.5 17.4142612745 0 15.9644723017 0
2457516.5 16.886130118 0 15.446102371 0
2457517.5 16.9499423695 0 15.508803194 0
2457518.5 17.8595142481 0 16.4015312739 0
2457519.5 19.0301833329 0 17.5478467754 0
2457520.5 18.9527931902 0 17.4717179119 0
2457521.5 19.4262004615 0 17.9364389252 0
2457522.5 19.6748123876 0 18.1804992687 0
2457523.5 16.5471594799 0 15.1106998282 0
2457524.5 15.7228203578 0 14.3014498145 0
2457525.5 16.3784011305 0 14.9448326815 0
2457526.5 15.7865094371 0 14.3638817853 0
2457527.5 13.5373915482 0 12.1552994986 0
2457528.5 12.7175048925 0 11.350423795 0
2457529.5 12.1149075414 0 10.7591210434 0
2457530.5 11.7476324063 0 10.3988157289 0
2457531.5 18.0511195154 0 16.5857836142 0
2457532.5 17.5380590314 0 16.082347288 0
2457533.5 16.6787436645 0 15.2389808896 0
2457534.5 16.968740621 0 15.5237061917 0
2457535.5 18.3611147939 0 16.8879365096 0
2457536.5 17.8156276768 0 16.3524741209 0
2457537.5 17.7082063853 0 16.2471134882 0
2457538.5 17.4999457145 0 16.042771857 0
2457539.5 17.3676873296 0 15.912970047 0
2457540.5 17.4424597345 0 15.9861819962 0
2457541.5 16.9664201197 0 15.5179333083 0
2457542.5 17.5420898587 0 16.082834027 0
2457543.5 17.5547180318 0 16.0950611622 0
2457544.5 16.8165452634 0 15.3703996047 0
2457545.5 16.9820455058 0 15.5330087965 0
2457546.5 16.0871033606 0 14.6546626271 0
2457547.5 22.6395371803 0 21.0885996493 0
2457548.5 23.5449251578 0 21.9770968275 0
2457549.5 23.9901788761 0 22.4140877182 0
2457550.5 23.9804252341 0 22.4044304787 0
2457551.5 24.7009852753 0 23.1116014607 0
2457552.5 12.7909398036 0 11.425018477 0
2457553.5 13.2060785668 0 11.8323054581 0
2457554.5 13.9180949248 0 12.531033631 0
2457555.5 14.2183974162 0 12.8256701835 0
2457556.5 14.2516218821 0 12.8583377016 0
2457557.5 17.8389207738 0 16.3810127552 0
2457558.5 17.9312891031 0 16.4715198437 0
2457559.5 18.3838049243 0 16.9157555509 0
2457560.5 18.5469750843 0 17.0758631341 0
2457561.5 22.5527330171 0 21.0076931267 0
2457562.5 23.0981377054 0 21.5431037645 0
2457563.5 23.6642622312 0 22.0987491395 0
2457564.5 23.5368392656 0 21.9737121197 0
2457565.5 13.6339225224 0 12.2563777536 0
2457566.5 12.969783645 0 11.6046844069 0
2457567.5 13.0926976977 0 11.7254041915 0
2457568.5 12.2468716548 0 10.8951619272 0
2457569.5 12.347975976 0 10.9943810849 0
2457570.5 19.4294676366 0 17.9419159872 0
2457571.5 18.6521045494 0 17.1790963495 0
2457572.5 19.4505378421 0 17.9625782211 0
2457573.5 19.6877487075 0 18.1955608188 0
2457574.5 18.6913736208 0 17.2163783923 0
2457575.5 18.5347182579 0 17.0624525845 0
2457576.5 18.226783535 0 16.760395842 0
2457577.5 17.301609964 0 15.852541941 0
2457578.5 17.2752495794 0 15.8266624637 0
2457579.5 16.7733672598 0 15.3342871179 0
2457580.5 16.4784797217 0 15.0446841161 0
2457581.5 16.6473529226 0 15.2106288748 0
2457582.5 16.8164949306 0 15.3768362252 0
2457583.5 16.1285867207 0 14.7017134318 0
2457584.5 20.1842559362 0 18.6794719144 0
2457585.5 19.8410568097 0 18.3427174574 0
2457586.5 18.9206034207 0 17.4394099492 0
2457587.5 18.9650386568 0 17.4828918367 0
2457588.5 18.5903439779 0 17.114944857 0
2457589.5 19.1482944564 0 17.6623927577 0
2457590.5 14.5236042182 0 13.1257106012 0
2457591.5 14.7839562614 0 13.3811450333 0
2457592.5 14.8981965524 0 13.4931673494 0
2457593.5 15.2877647441 0 13.875527872 0
2457594.5 16.4947262954 0 15.0610602349 0
2457595.5 17.2105528196 0 15.7634999438 0
2457596.5 17.5083614479 0 16.0559775635 0
2457597.5 18.3144349066 0 16.8472807804 0
2457598.5 18.5133298283 0 17.0424820147 0
2457599.5 18.7378951821 0 17.2647012555 0
2457600.5 18.8345015995 0 17.359590918 0
2457601.5 18.8441596401 0 17.3691791253 0
2457602.5 19.2946460921 0 17.8111487053 0
2457603.5 20.2253690177 0 18.7245989777 0
2457604.5 19.4584875228 0 17.9703928195 0
2457605.5 20.1969172091 0 18.695286774 0
2457606.5 20.6691680163 0 19.1586780621 0
2457607.5 20.812692218 0 19.2996056076 0
2457608.5 22.1965518476 0 20.6580781991 0
2457609.5 22.1230344743 0 20.5860673896 0
2457610.5 22.6051665294 0 21.0592197773 0
2457611.5 22.5818930338 0 21.0362771122 0
2457612.5 23.4441830505 0 21.8826333066 0
2457613.5 22.6198121398 0 21.0733718338 0
2457614.5 17.3878512898 0 15.9370590546 0
2457615.5 16.9157149815 0 15.4736376257 0
2457616.5 16.6563588354 0 15.2190090569 0
2457617.5 15.9641506005 0 14.5397598303 0
2457618.5 16.2377186391 0 14.8083333664 0
2457619.5 15.4967398039 0 14.0810153024 0
2457620.5 13.713714293 0 12.3336568925 0
2457621.5 13.7828078218 0 12.4016679868 0
2457622.5 14.1288532775 0 12.741188483 0
2457623.5 14.4907706998 0 13.0965201797 0
2457624.5 14.8232092144 0 13.422995253 0
2457625.5 14.0358650256 0 12.6503841304 0
2457626.5 23.3230902165 0 21.7682890162 0
2457627.5 22.8097709143 0 21.2645442667 0
2457628.5 23.6983052339 0 22.1365155804 0
2457629.5 23.7755750921 0 22.2124081726 0
2457630.5 24.0417454867 0 22.4737879207 0
2457631.5 24.6239578712 0 23.0451565468 0
2457632.5 17.0284007465 0 15.5892087769 0
2457633.5 17.3383010684 0 15.8932729779 0
2457634.5 16.4568768561 0 15.0281379809 0
2457635.5 15.6097726034 0 14.196731098 0
2457636.5 15.2737107687 0 13.8667917005 0
2457637.5 13.9831319252 0 12.597600775 0
2457638.5 13.7453250889 0 12.3640889196 0
2457639.5 12.9062181357 0 11.5403521196 0
2457640.5 13.6182880991 0 12.2391245557 0
2457641.5 13.8564762127 0 12.4727645996 0
2457642.5 13.8407844013 0 12.4572705048 0
2457643.5 18.2692313495 0 16.8043819037 0
2457644.5 18.6642048068 0 17.1919116132 0
2457645.5 19.3024584692 0 17.8183360374 0
2457646.5 19.4328489906 0 17.9462977351 0
2457647.5 18.5596994251 0 17.0891691739 0
2457648.5 16.0293462305 0 14.6052645832 0
2457649.5 16.1736693157 0 14.746924113 0
2457650.5 16.1809220261 0 14.7539644172 0
2457651.5 16.1291622186 0 14.7030250151 0
2457652.5 16.5551929383 0 15.1209733998 0
2457653.5 17.5743881153 0 16.1202109028 0
2457654.5 17.196877835 0 15.7496803698 0
2457655.5 16.5368720336 0 15.1017149863 0
2457656.5 16.7804973541 0 15.3409962685 0
2457657.5 17.5315054228 0 16.0779875644 0
2457658.5 18.3210504634 0 16.852843721 0
2457659.5 20.5542460934 0 19.0436705904 0
2457660.5 19.7475486461 0 18.2520376827 0
2457661.5 19.1578489481 0 17.673238432 0
2457662.5 18.5435869 0 17.0703687922 0
2457663.5 19.2528623986 0 17.7664227611 0
2457664.5 17.4541820139 0 16.0019617627 0
2457665.5 17.4553671723 0 16.0029936501 0
2457666.5 17.0560779542 0 15.611116603 0
2457667.5 17.20998162 0 15.7622376993 0
2457668.5 19.9198761632 0 18.4204549138 0
2457669.5 20.1272192225 0 18.6238350305 0
2457670.5 19.4131944143 0 17.9231260229 0
2457671.5 18.8582386765 0 17.3784051754 0
2457672.5 16.4113813472 0 14.9783345938 0
2457673.5 15.892163902 0 14.468574231 0
2457674.5 16.0604978674 0 14.633830267 0
2457675.5 16.1148658047 0 14.6872805435 0
2457676.5 16.9745375671 0 15.5308207749 0
2457677.5 17.5538150847 0 16.0995337668 0
2457678.5 13.5236262608 0 12.1462767964 0
2457679.5 12.7153211876 0 11.3531150054 0
2457680.5 12.5770254849 0 11.2175413228 0
2457681.5 12.5977195673 0 11.2377787284 0
2457682.5 13.2201315968 0 11.8487726907 0
2457683.5 16.3606649393 0 14.9324969577 0
2457684.5 16.7407217817 0 15.3056331816 0
2457685.5 16.6164241656 0 15.1836316243 0
2457686.5 16.058345146 0 14.6357894796 0
2457687.5 21.9957931598 0 20.4636820016 0
2457688.5 21.8308875779 0 20.301721296 0
2457689.5 21.9161866942 0 20.3853408841 0
2457690.5 22.2258748005 0 20.689201553 0
2457691.5 22.8653056707 0 21.3168641012 0
2457692.5 13.9955576537 0 12.608994417 0
2457693.5 13.6808347199 0 12.3000238727 0
2457694.5 12.7699734226 0 11.4061099056 0
2457695.5 12.0316819518 0 10.6816442955 0
2457696.5 11.6822686161 0 10.3385324584 0
2457697.5 16.4359227934 0 15.0034913636 0
2457698.5 16.8984103776 0 15.4574799223 0
2457699.5 16.6201475419 0 15.1844015834 0
2457700.5 16.2847246736 0 14.855043069 0
2457701.5 16.1253632522 0 14.6987774048 0
2457702.5 15.6164368894 0 14.1991206296 0
2457703.5 20.016204531 0 18.5156061193 0
2457704.5 19.2204813599 0 17.734721168 0
2457705.5 19.8987186375 0 18.4003346706 0
2457706.5 20.4616793596 0 18.9529123851 0
2457707.5 21.3041946143 0 19.7799824449 0
2457708.5 16.9797710592 0 15.5353144678 0
2457709.5 16.6000804084 0 15.1628137285 0
2457710.5 15.8389366542 0 14.4158126041 0
2457711.5 15.7920765492 0 14.3698854908 0
2457712.5 18.9134779526 0 17.4323582073 0
2457713.5 18.175665752 0 16.7083084978 0
2457714.5 18.2908749088 0 16.8215473582 0
2457715.5 18.892480858 0 17.4121273569 0
2457716.5 18.8317168811 0 17.3526516057 0
2457717.5 18.4441229507 0 16.9721338785 0
2457718.5 22.0265978091 0 20.4866514701 0
2457719.5 21.1427700073 0 19.6191881551 0
2457720.5 21.7265469292 0 20.1921110101 0
2457721.5 21.4066214229 0 19.878001438 0
2457722.5 20.5704107133 0 19.0572564163 0
2457723.5 19.7782266664 0 18.2776032329 0
2457724.5 19.6096376141 0 18.1119547061 0
2457725.5 18.7762273641 0 17.2937977536 0
2457726.5 18.5110720757 0 17.0334650983 0
2457727.5 18.6090025002 0 17.1296120623 0
2457728.5 16.5977003409 0 15.1541146716 0
2457729.5 17.1613120515 0 15.7074135751 0
2457730.5 16.8285305011 0 15.3809095132 0
2457731.5 17.6154358093 0 16.1531102293 0
2457732.5 20.5086295559 0 18.9899865653 0
2457733.5 19.8307906996 0 18.3248390121 0
2457734.5 19.0313545776 0 17.5402006716 0
2457735.5 19.6388509352 0 18.1364326819 0
2457736.5 12.0252037459 0 10.663198196 0
2457737.5 11.0963401506 0 9.75160739078 0
2457738.5 10.4178216663 0 9.0857466605 0
2457739.5 11.0157281389 0 9.67275182553 0
2457740.5 11.2797052538 0 9.93197775491 0
2457741.5 22.3933407473 0 20.8395714424 0
2457742.5 22.7216699062 0 21.1620046646 0
2457743.5 22.5896114853 0 21.0323437043 0
2457744.5 22.4590663443 0 20.904225971 0
2457745.5 22.418660596 0 20.8645119428 0
2457746.5 22.633349193 0 21.0753525713 0
2457747.5 21.8745668432 0 20.3304206457 0
2457748.5 21.8788413188 0 20.3345503868 0
2457749.5 21.6376627477 0 20.0976433011 0
2457750.5 21.6352944157 0 20.0952935565 0
2457751.5 18.811281113 0 17.3247805965 0
2457752.5 18.5830194807 0 17.1008903006 0
2457753.5 17.9086219843 0 16.4389271326 0
2457754.5 18.0222163128 0 16.5503639229 0
2457755.5 17.2845072056 0 15.8261764526 0
2457756.5 16.1524845518 0 14.7176927534 0
2457757.5 15.7677300928 0 14.3402485296 0
2457758.5 15.9730920266 0 14.5416153834 0
2457759.5 15.6938571865 0 14.2677103131 0
2457760.5 14.8569124545 0 13.446264246 0
2457761.5 14.5811403077 0 13.175596973 0
2457762.5 15.0228555287 0 13.6093351347 0
2457763.5 14.0814722758 0 12.6852780666 0
2457764.5 14.0262989119 0 12.6312963444 0
2457765.5 13.816414696 0 12.4251695383 0
2457766.5 14.6720757396 0 13.2648150448 0
2457767.5 15.4823350491 0 14.0601993132 0
2457768.5 12.2550209457 0 10.8940274212 0
2457769.5 12.7458226292 0 11.3756932303 0
2457770.5 12.908804232 0 11.5354639129 0
2457771.5 12.3380503828 0 10.9751593295 0
2457772.5 12.9848497017 0 11.6099831879 0
2457773.5 12.7804033335 0 11.4100333339 0
2457774.5 12.2657744143 0 10.9047989289 0
2457775.5 12.8938043872 0 11.5211833726 0
2457776.5 13.0086883573 0 11.6338393185 0
2457777.5 13.510117543 0 12.1258362548 0
2457778.5 13.118886798 0 11.7419299146 0
2457779.5 14.5852184519 0 13.1807161049 0
2457780.5 14.5450889232 0 13.1412136334 0
2457781.5 15.3079191296 0 13.8899704199 0
2457782.5 16.1561473559 0 14.7224876172 0
2457783.5 14.7414760013 0 13.3333915408 0
2457784.5 15.4644223094 0 14.0428510375 0
2457785.5 14.7470376378 0 13.3389521726 0
2457786.5 14.3109857512 0 12.9108032115 0
2457787.5 14.6839238238 0 13.2783808054 0
2457788.5 14.0863708316 0 12.6920578798 0
2457789.5 14.15900378 0 12.7633060395 0
2457790.5 14.499619309 0 13.0975462404 0
2457791.5 20.4161241176 0 18.9041188706 0
2457792.5 20.6341132567 0 19.1181490679 0
2457793.5 20.0320340015 0 18.5273905397 0
2457794.5 19.5486817927 0 18.0529146301 0
2457795.5 19.4389341165 0 17.9450171274 0
2457796.5 20.2208344799 0 18.7123036439 0
2457797.5 16.059315978 0 14.6267620387 0
2457798.5 16.0861439825 0 14.6530570944 0
2457799.5 16.9405607772 0 15.4916315817 0
2457800.5 16.3754927993 0 14.9371420519 0
2457801.5 16.1918359596 0 14.7567091937 0
2457802.5 15.464708113 0 14.0430327072 0
2457803.5 16.5689531873 0 15.126000297 0
2457804.5 16.6326742988 0 15.188599644 0
2457805.5 17.1063535463 0 15.6534873457 0
2457806.5 16.8024361968 0 15.3550788676 0
2457807.5 16.3083429195 0 14.8701670889 0
2457808.5 15.5926772697 0 14.1678358093 0
2457809.5 17.3618686601 0 15.9060960693 0
2457810.5 17.3689722098 0 15.9130505994 0
2457811.5 18.1697929843 0 16.6990391112 0
2457812.5 18.4392583979 0 16.9635347304 0
2457813.5 17.6982137665 0 16.236036132 0
2457814.5 22.4286196498 0 20.8772837992 0
2457815.5 21.5062410398 0 19.9719866313 0
2457816.5 22.1750715411 0 20.6284147176 0
2457817.5 21.7399472975 0 20.20150136 0
2457818.5 22.2806245177 0 20.7322467229 0
2457819.5 20.2278108636 0 18.7198967954 0
2457820.5 20.2843009549 0 18.7751551028 0
2457821.5 19.8253951803 0 18.3248791648 0
2457822.5 20.4401621369 0 18.9281205831 0
2457823.5 23.1944014406 0 21.6343239712 0
2457824.5 22.7105234252 0 21.1595758099 0
2457825.5 22.4705919184 0 20.9241688446 0
2457826.5 22.5445865979 0 20.996659551 0
2457827.5 21.4969291502 0 19.9709776908 0
2457828.5 21.4655828987 0 19.9403056933 0
2457829.5 20.8683516174 0 19.3541839652 0
2457830.5 21.0710679576 0 19.55326323 0
2457831.5 14.6573311323 0 13.2583654334 0
2457832.5 15.1958773057 0 13.7867859098 0
2457833.5 15.2146919913 0 13.8053660469 0
2457834.5 15.9071268367 0 14.4850474678 0
2457835.5 14.9983964666 0 13.5931633296 0
2457836.5 15.4227350845 0 14.0095378241 0
2457837.5 12.4638740231 0 11.1054043241 0
2457838.5 13.3609828144 0 11.9860594374 0
2457839.5 12.4858306312 0 11.126986819 0
2457840.5 12.8549418521 0 11.4892416289 0
2457841.5 13.0806030434 0 11.7106953342 0
2457842.5 15.2311392094 0 13.8194473137 0
2457843.5 15.0681425928 0 13.6596023461 0
2457844.5 15.3715834925 0 13.9574968221 0
2457845.5 16.0870894719 0 14.6598141226 0
2457846.5 16.8856219563 0 15.4434284527 0
2457847.5 16.97549089 0 15.5315785607 0
2457848.5 20.1249396246 0 18.6256360255 0
2457849.5 19.7420391891 0 18.2497650516 0
2457850.5 19.7342379691 0 18.2419801221 0
2457851.5 20.533258767 0 19.0261434873 0
2457852.5 21.3665906123 0 19.8440283231 0
2457853.5 20.9479279722 0 19.4331620039 0
2457854.5 15.2132406989 0 13.8079317934 0
2457855.5 15.0013007308 0 13.5998234475 0
2457856.5 15.5497430581 0 14.1382163645 0
2457857.5 14.9350578394 0 13.53508072 0
2457858.5 17.6085720822 0 16.1582539263 0
2457859.5 18.2125394265 0 16.7508913224 0
2457860.5 18.3095382897 0 16.8459317869 0
2457861.5 18.8653504999 0 17.3914371057 0
2457862.5 19.7404231618 0 18.2501060115 0
2457863.5 19.6601411714 0 18.170240358 0
2457864.5 19.3944467403 0 17.9094344246 0
2457865.5 19.7706822837 0 18.2788937123 0
2457866.5 20.2118577215 0 18.7117171597 0
2457867.5 21.1098932729 0 19.5929260955 0
2457868.5 19.3453702005 0 17.8636023158 0
2457869.5 18.55126069 0 17.0841556532 0
2457870.5 17.9417550058 0 16.4860728042 0
2457871.5 17.2359358983 0 15.7934472633 0
2457872.5 12.765367933 0 11.4055253264 0
2457873.5 11.9102046823 0 10.5662616112 0
2457874.5 12.4659312213 0 11.111680641 0
2457875.5 13.287368303 0 11.9176805346 0
2457876.5 13.0194733774 0 11.654732687 0
2457877.5 13.5234470559 0 12.1495260241 0
2457878.5 13.0412765664 0 11.6758591376 0
2457879.5 13.3408852375 0 11.9700513345 0
2457880.5 12.7973750254 0 11.4367735122 0
2457881.5 12.1780401175 0 10.8289459765 0
2457882.5 12.489538465 0 11.1347793317 0
2457883.5 17.3118855738 0 15.8702857553 0
2457884.5 17.9670109422 0 16.5133324413 0
2457885.5 18.3374869007 0 16.8769135813 0
2457886.5 17.8878862064 0 16.4355602075 0
2457887.5 17.0875045848 0 15.6486764336 0
2457888.5 17.5603943973 0 16.1126767788 0
2457889.5 17.3136454689 0 15.8706047753 0
2457890.5 17.3781867892 0 15.9339393982 0
2457891.5 16.4645335932 0 15.0372749967 0
2457892.5 20.3890083832 0 18.8866629349 0
2457893.5 20.5056750304 0 19.001239692 0
2457894.5 21.3041484185 0 19.7850352708 0
2457895.5 21.7158907727 0 20.1892741248 0
2457896.5 21.5967355027 0 20.0723271538 0
2457897.5 22.2841084329 0 20.7449631456 0
2457898.5 23.2235228702 0 21.667192766 0
2457899.5 23.047408013 0 21.4943581538 0
2457900.5 23.4509875113 0 21.8904250608 0
2457901.5 23.7175020026 0 22.1521795546 0
2457902.5 24.508905252 0 22.9289196946 0
2457903.5 18.7389047443 0 17.2672384887 0
2457904.5 18.5439165531 0 17.0757000581 0
2457905.5 17.97968011 0 16.5220939142 0
2457906.5 18.6534484902 0 17.1833729483 0
2457907.5 18.3879211457 0 16.9227267877 0
2457908.5 12.85251683 0 11.4915727553 0
2457909.5 12.7394017725 0 11.380493025 0
2457910.5 12.9024301678 0 11.5405858686 0
2457911.5 12.5148258452 0 11.1601275178 0
2457912.5 15.1878365131 0 13.7847087213 0
2457913.5 15.0469780924 0 13.6464756595 0
2457914.5 15.8815711857 0 14.4657242716 0
2457915.5 16.5240069943 0 15.0961034435 0
2457916.5 15.0164450277 0 13.6165930628 0
2457917.5 14.213663517 0 12.8286097467 0
2457918.5 14.0335992116 0 12.6518727362 0
2457919.5 14.4475918086 0 13.058311133 0
2457920.5 13.6402943733 0 12.2658855517 0
2457921.5 13.887360564 0 12.5083630891 0
2457922.5 20.8864082179 0 19.3808977095 0
2457923.5 20.8226641701 0 19.3184486314 0
2457924.5 20.286217574 0 18.7919235327 0
2457925.5 20.827249872 0 19.3229164214 0
2457926.5 21.6137046618 0 20.0948878915 0
2457927.5 21.2167172307 0 19.7052018249 0
2457928.5 16.799889873 0 15.3696430086 0
2457929.5 16.8464603593 0 15.4151667611 0
2457930.5 17.3414911348 0 15.9011396026 0
2457931.5 16.6955256218 0 15.2672408367 0
2457932.5 19.953022062 0 18.4667427523 0
2457933.5 19.8956835782 0 18.4105552455 0
2457934.5 20.4423956477 0 18.9473062014 0
2457935.5 20.888311826 0 19.3851491601 0
2457936.5 20.4398368103 0 18.9451157771 0
2457937.5 21.0618383795 0 19.555441175 0
2457938.5 13.1640062475 0 11.8041399295 0
2457939.5 13.3325406128 0 11.9694470642 0
2457940.5 13.3473028133 0 11.9840546671 0
2457941.5 12.7628561485 0 11.4105602373 0
2457942.5 12.8132967695 0 11.4601402174 0
2457943.5 12.4822229977 0 11.135288614 0
2457944.5 18.329680551 0 16.8754228363 0
2457945.5 17.9228709914 0 16.476025981 0
2457946.5 17.8005123399 0 16.3559385677 0
2457947.5 17.2368915127 0 15.802845363 0
2457948.5 17.2525561573 0 15.8181581882 0
2457949.5 15.1136947373 0 13.7180046078 0
2457950.5 14.2817242593 0 12.9014695614 0
2457951.5 15.1188672358 0 13.7228958081 0
2457952.5 16.0290187301 0 14.6163462639 0
2457953.5 21.9363113226 0 20.4148803392 0
2457954.5 22.6646935665 0 21.1297205034 0
2457955.5 22.2650020178 0 20.737611383 0
2457956.5 21.9403227826 0 20.4190785635 0
2457957.5 22.8418088661 0 21.3038683983 0
2457958.5 23.1553814786 0 21.6115627889 0
2457959.5 17.1378813437 0 15.7069341738 0
2457960.5 16.8892137854 0 15.4630045639 0
2457961.5 17.6147305982 0 16.1749540399 0
2457962.5 18.2359164403 0 16.7845484366 0
2457963.5 22.7635325773 0 21.228907351 0
2457964.5 22.1873603206 0 20.6635410293 0
2457965.5 21.9989860416 0 20.4784990499 0
2457966.5 21.9348955148 0 20.415662131 0
2457967.5 18.0687992918 0 16.6189754103 0
2457968.5 17.9512314655 0 16.5034324 0
2457969.5 17.1632825186 0 15.7301410152 0
2457970.5 16.9262843095 0 15.497567733 0
2457971.5 17.1174395344 0 15.6853221505 0
2457972.5 16.93159205 0 15.502973343 0
2457973.5 22.532082199 0 21.0026472093 0
2457974.5 23.3033419731 0 21.7595962212 0
2457975.5 23.2872283996 0 21.7435926193 0
2457976.5 22.7385608461 0 21.2051153364 0
2457977.5 22.8284911649 0 21.2934544558 0
2457978.5 23.2685455776 0 21.7253919562 0
2457979.5 20.2838398843 0 18.7990052011 0
2457980.5 19.7751030574 0 18.2998153485 0
2457981.5 20.5106514446 0 19.0219051291 0
2457982.5 20.312558074 0 18.8275437463 0
2457983.5 20.6180423696 0 19.1271846762 0
2457984.5 20.3702029245 0 18.8837953322 0
2457985.5 19.758320114 0 18.2831457439 0
2457986.5 19.0992593183 0 17.6363868878 0
2457987.5 18.365877014 0 16.9165031863 0
2457988.5 18.7792762569 0 17.3222188063 0
2457989.5 19.1071199228 0 17.6438437273 0
2457990.5 18.2678331511 0 16.8199780266 0
2457991.5 23.0211902118 0 21.4842747723 0
2457992.5 23.0796974868 0 21.5416682301 0
2457993.5 23.5014834636 0 21.955588257 0
2457994.5 22.8315995802 0 21.2979794748 0
2457995.5 23.6971489042 0 22.1473582692 0
2457996.5 24.3116755356 0 22.7504432742 0
2457997.5 21.7822174278 0 20.2671966757 0
2457998.5 22.0270085817 0 20.507643936 0
2457999.5 22.286186684 0 20.7618747305 0
2458000.5 22.0082755206 0 20.4889562252 0
2458001.5 18.6105549628 0 17.1565300501 0
2458002.5 18.1495705128 0 16.7041309468 0
2458003.5 17.6250423194 0 16.189269069 0
2458004.5 17.598986464 0 16.1637226887 0
2458005.5 22.5461905384 0 21.0192352105 0
2458006.5 23.222664024 0 21.6832537269 0
2458007.5 22.5990566394 0 21.0711206612 0
2458008.5 22.710633093 0 21.180583794 0
2458009.5 22.5536383725 0 21.0266009757 0
2458010.5 22.0466482116 0 20.5291680202 0
2458011.5 24.0871761398 0 22.5304024748 0
2458012.5 23.6465964547 0 22.0978626693 0
2458013.5 23.6396053201 0 22.0911789962 0
2458014.5 24.5619186643 0 22.9966471646 0
2458015.5 14.6043916341 0 13.2255964936 0
2458016.5 14.5020050778 0 13.1252628545 0
2458017.5 13.8206972547 0 12.45651503 0
2458018.5 13.5120086965 0 12.1534231426 0
2458019.5 13.8509877291 0 12.4862990472 0
2458020.5 13.9099656986 0 12.5440505173 0
2458021.5 16.6018526288 0 15.1842983931 0
2458022.5 17.0543286096 0 15.628571418 0
2458023.5 17.2886424141 0 15.8586898931 0
2458024.5 16.4792219727 0 15.0644748279 0
2458025.5 24.4072042922 0 22.8477411528 0
2458026.5 24.6968400581 0 23.1321366935 0
2458027.5 25.4368556114 0 23.8583896613 0
2458028.5 26.1846175451 0 24.5923456542 0
2458029.5 27.0097053717 0 25.4025437359 0
2458030.5 27.1547676931 0 25.5449357459 0
2458031.5 18.875023473 0 17.4152138195 0
2458032.5 18.0286484611 0 16.5844297798 0
2458033.5 18.360641182 0 16.9103775012 0
2458034.5 17.8985002057 0 16.4567057214 0
2458035.5 13.9482281172 0 12.5825862496 0
2458036.5 14.5046004061 0 13.1286921063 0
2458037.5 13.991374194 0 12.6251325965 0
2458038.5 13.5397254098 0 12.1820200685 0
2458039.5 17.0993352672 0 15.6771510246 0
2458040.5 16.9867359617 0 15.5665382009 0
2458041.5 17.257947349 0 15.8327589517 0
2458042.5 17.7729467174 0 16.3382680334 0
2458043.5 17.5625442513 0 16.1317545088 0
2458044.5 19.680890583 0 18.213545721 0
2458045.5 19.7485455464 0 18.2800946305 0
2458046.5 20.1175993249 0 18.6424471838 0
2458047.5 20.2528391727 0 18.7752749326 0
2458048.5 17.4598591716 0 16.0318296487 0
2458049.5 17.2266721808 0 15.8029029063 0
2458050.5 17.5892044013 0 16.158856104 0
2458051.5 16.820113845 0 15.4042014196 0
2458052.5 22.8664269533 0 21.3411532674 0
2458053.5 23.7101184534 0 22.1691354118 0
2458054.5 23.6205055444 0 22.0812488301 0
2458055.5 24.1770414367 0 22.6274315245 0
2458056.5 24.0398762529 0 22.4926333556 0
2458057.5 23.1241579923 0 21.5939168136 0
2458058.5 20.9107501614 0 19.4246188047 0
2458059.5 21.7686914133 0 20.2667986134 0
2458060.5 22.4064357473 0 20.8928266418 0
2458061.5 22.1449160955 0 20.6362545538 0
2458062.5 21.6650178174 0 20.1654227689 0
2458063.5 21.4247010506 0 19.9294475199 0
2458064.5 14.8470428842 0 13.4723454846 0
2458065.5 14.9604107267 0 13.5837963756 0
2458066.5 14.1410748247 0 12.7796677107 0
2458067.5 13.7935077038 0 12.4386339615 0
2458068.5 13.5110268913 0 12.1615433583 0
2458069.5 24.1857665811 0 22.6389147315 0
2458070.5 23.5464068058 0 22.0112956146 0
2458071.5 24.0969136567 0 22.5517097573 0
2458072.5 24.8075873948 0 23.2492927803 0
2458073.5 15.36158832 0 13.9768854502 0
2458074.5 16.1205893506 0 14.7217580032 0
2458075.5 16.4681713601 0 15.0629757459 0
2458076.5 15.8870662238 0 14.4927021792 0
2458077.5 15.6283697842 0 14.2388916315 0
2458078.5 22.787925952 0 21.2659436603 0
2458079.5 22.5242038206 0 21.0069064996 0
2458080.5 23.2169065778 0 21.6868082635 0
2458081.5 23.9159685909 0 22.372983767 0
2458082.5 24.4793703781 0 22.926096877 0
2458083.5 18.4263493404 0 16.987795569 0
2458084.5 17.8418051474 0 16.4139626058 0
2458085.5 18.6936830482 0 17.2500521022 0
2458086.5 18.4103736737 0 16.9719636298 0
2458087.5 15.7713016515 0 14.3809419097 0
2458088.5 15.7143326036 0 14.3250770483 0
2458089.5 14.790707881 0 13.418512628 0
2458090.5 15.0402644442 0 13.6633580706 0
2458091.5 15.5183607792 0 14.1325141086 0
2458092.5 16.219484444 0 14.8208195742 0
2458093.5 17.5261670056 0 16.1015125477 0
2458094.5 17.6440653803 0 16.2171202049 0
2458095.5 17.6978420283 0 16.269987266 0
2458096.5 17.2527083136 0 15.8329319709 0
2458097.5 17.381495434 0 15.9594688953 0
2458098.5 23.4483996301 0 21.9166516332 0
2458099.5 23.5927693676 0 22.0581885563 0
2458100.5 23.2847859118 0 21.7558848255 0
2458101.5 23.1632307945 0 21.6366789098 0
2458102.5 22.9414230061 0 21.417888516 0
2458103.5 23.3814887783 0 21.8497988611 0
2458104.5 22.7146671168 0 21.195145423 0
2458105.5 22.4137316637 0 20.8999724718 0
2458106.5 22.7907923395 0 21.2699498467 0
2458107.5 19.772007771 0 18.3071572627 0
2458108.5 20.496083093 0 19.0179890732 0
2458109.5 19.6523009329 0 18.1897793424 0
2458110.5 18.8654383233 0 17.4176899264 0
2458111.5 18.0847246289 0 16.6512933855 0
2458112.5 22.7433876677 0 21.2254092726 0
2458113.5 22.2724954507 0 20.7631023473 0
2458114.5 21.5247558364 0 20.0292530181 0
2458115.5 22.3233559159 0 20.8128824983 0
2458116.5 21.2439093247 0 19.7521793165 0
2458117.5 20.6051227047 0 19.1254002499 0
2458118.5 20.3387899355 0 18.8639771801 0
2458119.5 19.407801316 0 17.9502204716 0
2458120.5 19.9648921486 0 18.4964137931 0
2458121.5 20.8208693836 0 19.3365201514 0
2458122.5 20.7703953534 0 19.2868140928 0
2458123.5 21.6313436797 0 20.1318897974 0
2458124.5 18.5771600563 0 17.1351934303 0
2458125.5 19.3410334971 0 17.8849170368 0
2458126.5 18.9264745026 0 17.4781238857 0
2458127.5 19.0539984334 0 17.603203724 0
2458128.5 19.2865540529 0 17.8315208956 0
2458129.5 19.3828958844 0 17.9270003714 0
2458130.5 18.5790922817 0 17.1381077117 0
2458131.5 18.9377069307 0 17.4899848166 0
2458132.5 19.2253142925 0 17.7720908534 0
2458133.5 19.3923670333 0 17.9390475088 0
2458134.5 19.2625493971 0 17.8114398345 0
2458135.5 19.004988867 0 17.558720757 0
2458136.5 19.6501252762 0 18.1918159393 0
2458137.5 19.2365409554 0 17.7860386745 0
2458138.5 18.6828616459 0 17.2428476773 0
2458139.5 17.8603134429 0 16.4354209089 0
2458140.5 17.4829869607 0 16.0652568682 0
2458141.5 17.6550253926 0 16.2340682638 0
2458142.5 17.4033194735 0 15.9872100387 0
2458143.5 17.759742738 0 16.336960142 0
2458144.5 21.8963753768 0 20.3975087777 0
2458145.5 21.7651149252 0 20.2686144739 0
2458146.5 21.5775938874 0 20.0843880564 0
2458147.5 21.0971230603 0 19.6129863774 0
2458148.5 21.9958593551 0 20.4949166057 0
2458149.5 16.4785826994 0 15.0782537469 0
2458150.5 15.6321683726 0 14.2475895123 0
2458151.5 15.9466601401 0 14.5561241226 0
2458152.5 16.5974993608 0 15.1947939672 0
2458153.5 23.7308790354 0 22.1950594682 0
2458154.5 23.6540219213 0 22.1194542472 0
2458155.5 24.0683808365 0 22.5262892456 0
2458156.5 24.3080777033 0 22.7617113723 0
2458157.5 23.8174550729 0 22.2802324889 0
2458158.5 23.0596446898 0 21.5363766817 0
2458159.5 19.2525552729 0 17.8023529585 0
2458160.5 19.3042657723 0 17.8532662414 0
2458161.5 20.2034138327 0 18.7355678008 0
2458162.5 19.290246031 0 17.8392908261 0
2458163.5 18.6358958028 0 17.1971735253 0
2458164.5 18.831195795 0 17.3889524521 0
2458165.5 18.9636721381 0 17.5218550453 0
2458166.5 18.560910578 0 17.1264079467 0
2458167.5 18.0086687565 0 16.5845690122 0
2458168.5 18.6795121333 0 17.2429719158 0
2458169.5 18.1118644765 0 16.6857942779 0
2458170.5 18.4622545279 0 17.0298742663 0
2458171.5 15.252374145 0 13.8824454309 0
2458172.5 15.1728950069 0 13.8044653326 0
2458173.5 15.5601987609 0 14.1845327371 0
2458174.5 14.7385423961 0 13.3783116971 0
2458175.5 13.8945549753 0 12.5501648479 0
2458176.5 20.798773458 0 19.3293567987 0
2458177.5 21.1796006204 0 19.7030349261 0
2458178.5 20.9836722878 0 19.5106956278 0
2458179.5 20.0740974713 0 18.6178466122 0
2458180.5 21.6123822143 0 20.125467211 0
2458181.5 20.7072900601 0 19.2369683148 0
2458182.5 19.7699836901 0 18.3169414039 0
2458183.5 20.023512046 0 18.5659559439 0
2458184.5 17.2949288389 0 15.888790527 0
2458185.5 16.5089523625 0 15.1172451121 0
2458186.5 16.4969744081 0 15.1055833532 0
2458187.5 16.7843288142 0 15.3877560053 0
2458188.5 16.2794476942 0 14.8923186982 0
2458189.5 19.156035407 0 17.7135899901 0
2458190.5 19.6581581649 0 18.2064988976 0
2458191.5 20.3336591943 0 18.8696327022 0
2458192.5 20.5264699055 0 19.0587350804 0
2458193.5 19.9218738162 0 18.4654033704 0
2458194.5 24.3392171635 0 22.7993256119 0
2458195.5 23.6921087049 0 22.1640543376 0
2458196.5 24.3269031538 0 22.7872116676 0
2458197.5 24.8487237829 0 23.2993212553 0
2458198.5 24.5324630415 0 22.9890659272 0
2458199.5 18.0187954218 0 16.5945541889 0
2458200.5 17.9399572902 0 16.5170174213 0
2458201.5 18.7192804964 0 17.2817428435 0
2458202.5 18.259397868 0 16.8305112737 0
2458203.5 17.3273002888 0 15.9157376745 0
2458204.5 15.1520378327 0 13.7809745388 0
2458205.5 15.437186542 0 14.0609109116 0
2458206.5 16.2185261233 0 14.8278801642 0
2458207.5 16.3538363586 0 14.9605374042 0
2458208.5 25.0578749401 0 23.5019475554 0
2458209.5 25.0257391073 0 23.4703700387 0
2458210.5 25.1552685058 0 23.5975135336 0
2458211.5 24.5437386833 0 22.997391934 0
2458212.5 17.3715899485 0 15.9600396978 0
2458213.5 16.6304776525 0 15.2327293885 0
2458214.5 15.7933424213 0 14.4109907889 0
2458215.5 16.4185563804 0 15.0245198328 0
2458216.5 17.2005913013 0 15.7921188863 0
2458217.5 15.9867144847 0 14.6022721667 0
2458218.5 15.2247190167 0 13.8544901448 0
2458219.5 15.8834298248 0 14.5008348476 0
2458220.5 15.730119532 0 14.3504642136 0
2458221.5 16.3037662955 0 14.9134519168 0
2458222.5 16.0540091831 0 14.6682375867 0
2458223.5 14.6656283493 0 13.3073445199 0
2458224.5 14.3248893011 0 12.9731036768 0
2458225.5 14.9234956357 0 13.5604298184 0
2458226.5 15.8588699684 0 14.4784754303 0
2458227.5 16.7642368378 0 15.3670095708 0
2458228.5 18.9692460374 0 17.5322067845 0
2458229.5 19.3665023158 0 17.9222645102 0
2458230.5 20.017775003 0 18.5612948773 0
2458231.5 19.8472022739 0 18.3937323569 0
2458232.5 25.4220969664 0 23.8671308822 0
2458233.5 24.9829634462 0 23.4361967128 0
2458234.5 24.9882638781 0 23.4414978665 0
2458235.5 25.1978542742 0 23.6472284296 0
2458236.5 25.1095747202 0 23.5606452254 0
2458237.5 24.8225921781 0 23.2790910658 0
2458238.5 24.9666195759 0 23.420099877 0
2458239.5 24.8281007093 0 23.2841374163 0
2458240.5 25.5691053201 0 24.0115083913 0
2458241.5 26.4977967061 0 24.9233367846 0
2458242.5 25.6253175091 0 24.0667883155 0
2458243.5 23.1268238142 0 21.6137929783 0
2458244.5 23.6499137376 0 22.1270954526 0
2458245.5 24.4664227765 0 22.9285712945 0
2458246.5 24.5036184404 0 22.9650209843 0
2458247.5 24.2503376013 0 22.7165023449 0
2458248.5 21.4529214908 0 19.9714809862 0
2458249.5 21.6263651754 0 20.1417546284 0
2458250.5 21.5230873415 0 20.0402298533 0
2458251.5 20.6243885617 0 19.1579854233 0
2458252.5 20.2200094022 0 18.7610552143 0
2458253.5 19.8691993378 0 18.4165745682 0
2458254.5 20.2843578089 0 18.8240913942 0
2458255.5 20.4953553266 0 19.0311334829 0
2458256.5 25.5912563122 0 24.034329718 0
2458257.5 25.0657131883 0 23.5183944102 0
2458258.5 25.0469666416 0 23.4999890108 0
2458259.5 24.2405119261 0 22.7082858291 0
2458260.5 24.21246749 0 22.6807526575 0
2458261.5 16.5018508833 0 15.1154678093 0
2458262.5 16.5194996708 0 15.1326743345 0
2458263.5 17.3781693202 0 15.9755704363 0
2458264.5 17.0455931959 0 15.6491485515 0
2458265.5 16.4993386295 0 15.1128703014 0
2458266.5 15.8021012145 0 14.4287270616 0
2458267.5 18.0648271096 0 16.6494976971 0
2458268.5 17.4494480568 0 16.0455424314 0
2458269.5 17.1258208703 0 15.7277279911 0
2458270.5 17.8701103994 0 16.4583259357 0
2458271.5 15.7114790739 0 14.3419499116 0
2458272.5 14.9164305582 0 13.5617090458 0
2458273.5 15.8262854433 0 14.4546962648 0
2458274.5 16.4587790139 0 15.0756469206 0
2458275.5 20.6385169809 0 19.1772938273 0
2458276.5 19.8844695602 0 18.4370490175 0
2458277.5 19.1716408273 0 17.7376319165 0
2458278.5 19.2780499289 0 17.8421993969 0
2458279.5 19.8147763765 0 18.3691633955 0
2458280.5 21.0121959522 0 19.5426487265 0
2458281.5 20.6853935895 0 19.221840537 0
2458282.5 20.0223495747 0 18.5711442477 0
2458283.5 19.3401113517 0 17.9014593468 0
2458284.5 25.6960063657 0 24.1378163383 0
2458285.5 25.5660419628 0 24.0101541421 0
2458286.5 25.861948075 0 24.3005076519 0
2458287.5 25.5753189496 0 24.0192378592 0
2458288.5 21.0648714537 0 19.5919921699 0
2458289.5 20.4588263496 0 18.9971416632 0
2458290.5 20.2968806829 0 18.8383585349 0
2458291.5 19.992629042 0 18.5397336135 0
2458292.5 19.7895856544 0 18.3405993206 0
2458293.5 18.8681651418 0 17.4362315083 0
2458294.5 22.6846540677 0 21.18277612 0
2458295.5 22.0622030022 0 20.5718928801 0
2458296.5 21.8690891079 0 20.3822847803 0
2458297.5 22.0098166613 0 20.5203468844 0
2458298.5 21.2640919997 0 19.7883430731 0
2458299.5 20.8385485321 0 19.3705055065 0
2458300.5 22.30954712 0 20.8134094434 0
2458301.5 22.1566938597 0 20.6635390288 0
2458302.5 23.0207640812 0 21.5116136761 0
2458303.5 23.1902873134 0 21.6781766378 0
2458304.5 23.3810338162 0 21.8652599368 0
2458305.5 23.9441841817 0 22.418017078 0
2458306.5 16.6786646808 0 15.2884183573 0
2458307.5 17.0488852888 0 15.6518114112 0
2458308.5 17.6026996131 0 16.1954046349 0
2458309.5 18.1244333306 0 16.7072716266 0
2458310.5 21.2837137607 0 19.8057601116 0
2458311.5 21.0788523617 0 19.6048706506 0
2458312.5 20.2723432303 0 18.8131419536 0
2458313.5 19.7867815837 0 18.3365581496 0
2458314.5 19.0184620358 0 17.5826290119 0
2458315.5 25.0745659116 0 23.5263321406 0
2458316.5 24.7971251954 0 23.2540210666 0
2458317.5 24.4441805682 0 22.9074613479 0
2458318.5 24.3478957589 0 22.8127629754 0
2458319.5 24.0627819382 0 22.53285947 0
2458320.5 25.4105230091 0 23.8533910269 0
2458321.5 25.2211928784 0 23.6674901723 0
2458322.5 24.7460850859 0 23.201070443 0
2458323.5 24.4995309717 0 22.9592238748 0
2458324.5 16.4895010142 0 15.0979295051 0
2458325.5 16.9520063244 0 15.5517159932 0
2458326.5 17.2184514731 0 15.8133428436 0
2458327.5 17.390250985 0 15.9819188568 0
2458328.5 18.2356838063 0 16.811821264 0
2458329.5 16.3442746008 0 14.9578541663 0
2458330.5 15.5165678591 0 14.1455227118 0
2458331.5 14.8942997313 0 13.5348576521 0
2458332.5 15.3605862779 0 13.9924896962 0
2458333.5 16.008253036 0 14.627992251 0
2458334.5 18.3349770876 0 16.9110172968 0
2458335.5 18.0330107478 0 16.6146674108 0
2458336.5 18.8679668611 0 17.4340325574 0
2458337.5 19.1769198421 0 17.7371929423 0
2458338.5 19.4976590901 0 18.0521387417 0
2458339.5 15.4642065076 0 14.0921076139 0
2458340.5 15.5264598551 0 14.1530392947 0
2458341.5 15.0520486865 0 13.68728784 0
2458342.5 14.7728441792 0 13.4132613225 0
2458343.5 14.3076856928 0 12.9568374314 0
2458344.5 21.06665373 0 19.59342845 0
2458345.5 20.3538565773 0 18.8939530615 0
2458346.5 20.9354129156 0 19.4645400979 0
2458347.5 20.3144028551 0 18.8549018919 0
2458348.5 25.1157795273 0 23.569686928 0
2458349.5 24.934673373 0 23.3919335322 0
2458350.5 25.8101698541 0 24.2511881721 0
2458351.5 26.708087013 0 25.1327787451 0
2458352.5 20.5609964504 0 19.0978067572 0
2458353.5 20.1231460435 0 18.6681376142 0
2458354.5 19.8108616525 0 18.3614704986 0
2458355.5 19.5182134773 0 18.0741393678 0
2458356.5 18.7915353422 0 17.3610582487 0
2458357.5 25.8955648828 0 24.3354163748 0
2458358.5 25.144752321 0 23.5981904081 0
2458359.5 24.2911832834 0 22.7604619434 0
2458360.5 23.4184913758 0 21.9037481385 0
2458361.5 23.4326429298 0 21.9177326085 0
2458362.5 23.3622358267 0 21.8484586534 0
2458363.5 18.062056151 0 16.6461194173 0
2458364.5 17.1945922395 0 15.794835062 0
2458365.5 17.7354951933 0 16.3256768539 0
2458366.5 16.9559723614 0 15.5605775176 0
2458367.5 17.0513883988 0 15.6542352405 0
2458368.5 16.7079535157 0 15.3170181588 0
2458369.5 24.518850395 0 22.9840059761 0
2458370.5 23.684761735 0 22.1654958977 0
2458371.5 24.5012133538 0 22.9669408348 0
2458372.5 24.0435014114 0 22.5177799694 0
2458373.5 24.5619788623 0 23.0268792315 0
2458374.5 25.0423056785 0 23.498304352 0
2458375.5 16.4393112817 0 15.0552195368 0
2458376.5 17.057799776 0 15.6623749582 0
2458377.5 16.9058880996 0 15.5132266997 0
2458378.5 17.8308452386 0 16.4209903836 0
2458379.5 17.4203472337 0 16.0192957288 0
2458380.5 16.6024044291 0 15.2164999593 0
2458381.5 17.284517889 0 15.8858345696 0
2458382.5 17.5680150866 0 16.1642146417 0
2458383.5 18.8649011847 0 17.4386760312 0
2458384.5 19.4733036417 0 18.0356112008 0
2458385.5 19.9425307857 0 18.4962971863 0
2458386.5 19.4235858643 0 17.9869499871 0
2458387.5 18.5606893502 0 17.1401151942 0
2458388.5 24.0912798348 0 22.5693725306 0
2458389.5 24.0656108377 0 22.5441830425 0
2458390.5 23.3092147524 0 21.8016164319 0
2458391.5 24.0447290075 0 22.5234231783 0
2458392.5 23.1758765665 0 21.6707845593 0
2458393.5 24.0172211677 0 22.4967011214 0
2458394.5 21.0504444394 0 19.5828750119 0
2458395.5 21.3480371951 0 19.8751504379 0
2458396.5 20.7624874889 0 19.3003355048 0
2458397.5 21.4230267214 0 19.9485085003 0
2458398.5 23.5498529269 0 22.0360482961 0
2458399.5 23.7785717433 0 22.2605428493 0
2458400.5 23.3845692443 0 21.8738023929 0
2458401.5 23.7997464667 0 22.2811054342 0
2458402.5 24.5756780227 0 23.0426863527 0
2458403.5 17.0482147558 0 15.6576682397 0
2458404.5 16.7788928794 0 15.393477993 0
2458405.5 17.0959893648 0 15.7044971264 0
2458406.5 17.0107198423 0 15.6208232089 0
2458407.5 22.9737960139 0 21.4706784935 0
2458408.5 22.3784284725 0 20.8864632412 0
2458409.5 22.5147166649 0 21.0200966653 0
2458410.5 23.2713756639 0 21.7627866813 0
2458411.5 23.4305641202 0 21.9192317586 0
2458412.5 24.1954878429 0 22.6701315723 0
2458413.5 23.7482996228 0 22.2329051357 0
2458414.5 24.4454189504 0 22.9170725941 0
2458415.5 23.7652484387 0 22.2493028724 0
2458416.5 23.0846271465 0 21.5811228905 0
2458417.5 23.7987028037 0 22.2820181638 0
2458418.5 23.8487081783 0 22.3285067036 0
2458419.5 24.43019073 0 22.8994257182 0
2458420.5 23.8665921413 0 22.346398962 0
2458421.5 24.5023771267 0 22.9705197529 0
2458422.5 25.2541344625 0 23.7086119894 0
2458423.5 25.0155899747 0 23.474498206 0
2458424.5 15.4719240437 0 14.1088171942 0
2458425.5 16.13795164 0 14.7626322768 0
2458426.5 15.9043678087 0 14.533287782 0
2458427.5 16.6380249225 0 15.2533914633 0
2458428.5 15.9251935014 0 14.5520256795 0
2458429.5 16.4475475211 0 15.0645651613 0
2458430.5 17.0144414505 0 15.6208824491 0
2458431.5 17.1941538832 0 15.7970670186 0
2458432.5 18.0103955056 0 16.5980385445 0
2458433.5 23.5637420595 0 22.0505720479 0
2458434.5 22.855359427 0 21.3553398991 0
2458435.5 22.2908054818 0 20.8013725661 0
2458436.5 23.0410813939 0 21.5378334285 0
2458437.5 23.3962653957 0 21.8863688634 0
2458438.5 23.0585335815 0 21.5550787945 0
2458439.5 20.2937714759 0 18.8412720182 0
2458440.5 20.4800189503 0 19.0239756196 0
2458441.5 21.1119382065 0 19.6439872239 0
2458442.5 20.781392536 0 19.3194204207 0
2458443.5 21.3933436452 0 19.920088977 0
2458444.5 21.7285265447 0 20.246729978 0
2458445.5 21.8991511544 0 20.4140353575 0
2458446.5 22.1027133499 0 20.6139768243 0
2458447.5 22.2937977536 0 20.8014709176 0
2458448.5 22.9741244532 0 21.469021691 0
2458449.5 23.047413945 0 21.540871281 0
2458450.5 18.6008853739 0 17.1775349753 0
2458451.5 17.8096113399 0 16.4010750233 0
2458452.5 17.4769848548 0 16.074589872 0
2458453.5 16.7305541387 0 15.3419809798 0
2458454.5 15.8173456178 0 14.4456802198 0
2458455.5 15.7397850783 0 14.3693702962 0
2458456.5 16.8057701498 0 15.4154601036 0
2458457.5 16.2627999023 0 14.8826330425 0
2458458.5 17.0368020612 0 15.6421078622 0
2458459.5 16.490276972 0 15.1057505344 0
2458460.5 16.1274421598 0 14.7496304352 0
2458461.5 20.6845684491 0 19.2250627213 0
2458462.5 21.1280041634 0 19.6601189417 0
2458463.5 21.3569618365 0 19.8847595125 0
2458464.5 21.8099306189 0 20.3295238636 0
2458465.5 22.6195791398 0 21.1240468832 0
2458466.5 17.0990628023 0 15.7066789405 0
2458467.5 18.0255142956 0 16.6159512834 0
2458468.5 17.9959658221 0 16.5869808445 0
2458469.5 18.4011211776 0 16.9846002574 0
2458470.5 19.0048052032 0 17.576929214 0
2458471.5 19.4267728047 0 17.9903004982 0
2458472.5 19.1499799625 0 17.7187940107 0
2458473.5 18.540811677 0 17.1209939678 0
2458474.5 17.609678254 0 16.207144908 0
2458475.5 17.886327612 0 16.4787221374 0
2458476.5 18.1590386274 0 16.7465372417 0
2458477.5 21.5145237493 0 20.0423791709 0
2458478.5 21.5880054823 0 20.1146557824 0
2458479.5 21.737477065 0 20.261416699 0
2458480.5 20.9690208764 0 19.5073964412 0
2458481.5 21.1669722421 0 19.7018800776 0
2458482.5 23.5954109919 0 22.0867756447 0
2458483.5 24.4278998066 0 22.9039835566 0
2458484.5 24.4095578016 0 22.8860933185 0
2458485.5 23.4808424854 0 21.9744880494 0
2458486.5 24.7676723108 0 23.2376145957 0
2458487.5 25.465405283 0 23.9225826818 0
2458488.5 26.3824706437 0 24.8230736024 0
2458489.5 25.9717192854 0 24.4196242053 0
2458490.5 25.2305798601 0 23.6919062549 0
2458491.5 25.1406722811 0 23.6037730779 0
2458492.5 20.0186385168 0 18.5777291384 0
2458493.5 20.7971491433 0 19.3417438285 0
2458494.5 20.3427873176 0 18.8957782605 0
2458495.5 20.2365378512 0 18.7915464008 0
2458496.5 19.5690283756 0 18.136610449 0
2458497.5 21.2680337456 0 19.802406142 0
2458498.5 20.7546870619 0 19.298625776 0
2458499.5 21.0551494392 0 19.5935822632 0
2458500.5 21.8817279925 0 20.404754859 0
2458501.5 21.5489956334 0 20.0780088466 0
2458502.5 22.0986988718 0 20.6193027284 0
2458503.5 21.5491340129 0 20.0798342674 0
2458504.5 20.738366184 0 19.2842670359 0
2458505.5 20.0354826685 0 18.5943856402 0
2458506.5 21.2140457345 0 19.7488901116 0
2458507.5 20.6211804299 0 19.1669956423 0
2458508.5 20.4523868412 0 19.0012063721 0
2458509.5 19.861864836 0 18.4214354792 0
2458510.5 19.1938966286 0 17.7659593705 0
2458511.5 18.8661358164 0 17.4441848121 0
2458512.5 23.0530575509 0 21.5564406621 0
2458513.5 23.9267661846 0 22.4138941304 0
2458514.5 24.0178458185 0 22.5032276923 0
2458515.5 23.5287011295 0 22.0230918589 0
2458516.5 20.5264677896 0 19.0775140375 0
2458517.5 21.3844468193 0 19.9194647742 0
2458518.5 21.3130065915 0 19.8494125606 0
2458519.5 22.1353610361 0 20.6566434216 0
2458520.5 21.9660674921 0 20.4906221978 0
2458521.5 22.0220182287 0 20.5476920673 0
2458522.5 21.7441358743 0 20.2749159647 0
2458523.5 22.568923447 0 21.0846089107 0
2458524.5 22.5603217413 0 21.0760496968 0
2458525.5 22.675038701 0 21.1888347576 0
2458526.5 23.5324378337 0 22.028437314 0
2458527.5 23.5556956146 0 22.0512275212 0
2458528.5 24.0623918178 0 22.5486388251 0
2458529.5 23.4958762558 0 21.9926633934 0
2458530.5 23.7119554947 0 22.204862574 0
2458531.5 23.9583671168 0 22.4467786124 0
2458532.5 19.2110790384 0 17.7903663816 0
2458533.5 19.0821247626 0 17.6636128616 0
2458534.5 18.6884171646 0 17.2770624385 0
2458535.5 17.9746827761 0 16.5767409115 0
2458536.5 17.6133554148 0 16.2220653011 0
2458537.5 21.8518230374 0 20.3819318866 0
2458538.5 22.0856238485 0 20.6113230653 0
2458539.5 22.3674345718 0 20.887899992 0
2458540.5 22.2991671728 0 20.8208113427 0
2458541.5 21.6127259821 0 20.147030929 0
2458542.5 22.5962341729 0 21.1102005222 0
2458543.5 21.8761963746 0 20.4034662481 0
2458544.5 22.6641912844 0 21.1768759565 0
2458545.5 22.1155588453 0 20.6384776875 0
2458546.5 26.2547328246 0 24.6993015837 0
2458547.5 27.0587539091 0 25.4890013652 0
2458548.5 27.0225601569 0 25.4535838415 0
2458549.5 26.8939676012 0 25.3273599258 0
2458550.5 20.6086156775 0 19.158740096 0
2458551.5 20.7281463855 0 19.2761134554 0
2458552.5 19.8561932255 0 18.4203190687 0
2458553.5 20.0179637448 0 18.5792022873 0
2458554.5 19.8021047924 0 18.3665914275 0
2458555.5 19.2275362858 0 17.8028734779 0
2458556.5 18.503521043 0 17.0923240243 0
2458557.5 18.6056099053 0 17.1926787012 0
2458558.5 18.0206730523 0 16.6184426029 0
2458559.5 15.9508110406 0 14.5855734436 0
2458560.5 15.9391446761 0 14.5741571913 0
2458561.5 16.168695921 0 14.7993106613 0
2458562.5 16.9975695451 0 15.6129664401 0
2458563.5 23.3499242049 0 21.8496747866 0
2458564.5 23.3758782907 0 21.8751022177 0
2458565.5 22.5674274569 0 21.0817681353 0
2458566.5 22.5344853933 0 21.0492911315 0
2458567.5 17.08608798 0 15.7002434461 0
2458568.5 17.8835132381 0 16.4829153286 0
2458569.5 18.0773463464 0 16.6730334514 0
2458570.5 17.7896648092 0 16.3906471192 0
2458571.5 17.5687199684 0 16.1737304434 0
2458572.5 25.3939515463 0 23.8557773261 0
2458573.5 24.697401919 0 23.1721210205 0
2458574.5 25.5481159498 0 24.0071160713 0
2458575.5 26.3351939759 0 24.7799141805 0
2458576.5 25.7871118272 0 24.2419390968 0
2458577.5 22.6256227334 0 21.1378333509 0
2458578.5 22.6420718828 0 21.1538239355 0
2458579.5 23.5163821876 0 22.0120337693 0
2458580.5 23.7597092158 0 22.2509762032 0
2458581.5 22.8888949793 0 21.3961662949 0
2458582.5 22.8155944258 0 21.3243707968 0
2458583.5 15.8404481494 0 14.4778355785 0
2458584.5 15.2023168038 0 13.8515353684 0
2458585.5 15.5830793923 0 14.2252903561 0
2458586.5 15.8679936516 0 14.5047359431 0
2458587.5 16.5059598052 0 15.1308956223 0
2458588.5 16.5519175546 0 15.176131483 0
2458589.5 21.4235374103 0 19.9567111525 0
2458590.5 21.7866998252 0 20.3130202067 0
2458591.5 21.2255136651 0 19.7620530756 0
2458592.5 20.5733006703 0 19.1217362088 0
2458593.5 21.395624342 0 19.9287670743 0
2458594.5 21.3924479736 0 19.9254553621 0
2458595.5 24.0347147918 0 22.5174186904 0
2458596.5 23.4072400079 0 21.9016355382 0
2458597.5 23.407393509 0 21.9017663211 0
2458598.5 24.2207292232 0 22.6999409624 0
2458599.5 25.0077237574 0 23.4725313407 0
2458600.5 25.5777082126 0 24.032113849 0
2458601.5 16.2841771118 0 14.9098207522 0
2458602.5 15.9796914267 0 14.6108569104 0
2458603.5 16.5307808033 0 15.1517317621 0
2458604.5 16.621966391 0 15.2413285475 0
2458605.5 16.2584053661 0 14.8844412525 0
2458606.5 15.4005184398 0 14.0423223898 0
2458607.5 15.901408046 0 14.5349002354 0
2458608.5 16.6939235001 0 15.3125616938 0
2458609.5 17.2429539218 0 15.8514660695 0
2458610.5 17.962601496 0 16.5578183724 0
2458611.5 17.6683281312 0 16.2688813185 0
2458612.5 17.0718162539 0 15.6834242071 0
2458613.5 15.7699347652 0 14.4030794032 0
2458614.5 15.5220619407 0 14.1597110894 0
2458615.5 15.2662332187 0 13.908791109 0
2458616.5 14.7502392749 0 13.4023800272 0
2458617.5 14.9261022909 0 13.5750754829 0
2458618.5 17.3203336273 0 15.9248397112 0
2458619.5 16.9191026702 0 15.5310350051 0
2458620.5 17.5588611601 0 16.1591001632 0
2458621.5 18.1939870008 0 16.7824713849 0
2458622.5 18.5448759844 0 17.1270015011 0
2458623.5 19.2473050436 0 17.8165797541 0
2458624.5 19.1280660746 0 17.7004803038 0
2458625.5 19.2505259545 0 17.8205901298 0
2458626.5 19.269698336 0 17.839218705 0
2458627.5 19.5209819764 0 18.0858109211 0
2458628.5 19.4142770157 0 17.9809141933 0
2458629.5 19.6795294756 0 18.2431962009 0
2458630.5 19.5251203133 0 18.0916520531 0
2458631.5 18.8734951382 0 17.4520430495 0
2458632.5 18.5790884684 0 17.1630603938 0
2458633.5 17.8393439554 0 16.4371401749 0
2458634.5 25.1543498211 0 23.6186135522 0
2458635.5 25.6388724452 0 24.0943424747 0
2458636.5 26.0756844104 0 24.5230645678 0
2458637.5 26.4726842462 0 24.9129377315 0
2458638.5 20.8043324589 0 19.3466477105 0
2458639.5 20.9767091239 0 19.5157244438 0
2458640.5 20.2204581092 0 18.7733462618 0
2458641.5 19.8447602397 0 18.4045214037 0
2458642.5 19.5662330745 0 18.1330666558 0
2458643.5 20.1107112499 0 18.667637834 0
2458644.5 19.7844635827 0 18.3474035191 0
2458645.5 20.0843833625 0 18.641933601 0
2458646.5 19.9015479946 0 18.4626613034 0
2458647.5 19.7857792721 0 18.3490464608 0
2458648.5 24.6984154823 0 23.1702586755 0
2458649.5 24.9211688176 0 23.3890788339 0
2458650.5 24.3431635154 0 22.8216004447 0
2458651.5 24.9354618803 0 23.4028639751 0
2458652.5 24.9831323348 0 23.4494799629 0
2458653.5 22.6427542195 0 21.1554305478 0
2458654.5 21.877064053 0 20.4038158177 0
2458655.5 22.2524826804 0 20.7724243101 0
2458656.5 22.3227360297 0 20.8414596541 0
2458657.5 23.0809433781 0 21.5856652733 0
2458658.5 16.7135082852 0 15.3357406207 0
2458659.5 17.133124545 0 15.7475313173 0
2458660.5 16.8887140717 0 15.5075479357 0
2458661.5 16.9016505555 0 15.5204256117 0
2458662.5 16.6203015718 0 15.2441185482 0
2458663.5 17.3905719345 0 16.0001772051 0
2458664.5 23.717759942 0 22.2095411617 0
2458665.5 23.9431012008 0 22.4308249722 0
2458666.5 23.2974894731 0 21.7970431756 0
2458667.5 22.9735712876 0 21.4791626079 0
2458668.5 22.2680019562 0 20.7867099726 0
2458669.5 18.2389814682 0 16.8308348171 0
2458670.5 18.0874765319 0 16.6822011335 0
2458671.5 17.7958985187 0 16.3962102913 0
2458672.5 18.3852658863 0 16.9748327132 0
2458673.5 18.4559977262 0 17.0442737255 0
2458674.5 25.192750721 0 23.6564607343 0
2458675.5 24.3846081937 0 22.8633017154 0
2458676.5 24.210958296 0 22.6927923445 0
2458677.5 23.959300142 0 22.445751503 0
2458678.5 24.4182585687 0 22.8961564822 0
2458679.5 24.6610156376 0 23.1345940815 0
2458680.5 23.4670763348 0 21.9611896225 0
2458681.5 23.7899283975 0 22.2781567421 0
2458682.5 24.4914331751 0 22.9668895925 0
2458683.5 23.691573694 0 22.1817195673 0
2458684.5 24.0444497841 0 22.5281411008 0
2458685.5 23.2333529498 0 21.7322385784 0
2458686.5 26.0599720401 0 24.5063120282 0
2458687.5 26.1141860316 0 24.5595525558 0
2458688.5 26.5514053218 0 24.9886549076 0
2458689.5 25.7544392778 0 24.2063073514 0
2458690.5 25.5753167364 0 24.0306260696 0
2458691.5 25.1729218709 0 23.6356130237 0
2458692.5 19.7179472758 0 18.2813307701 0
2458693.5 20.2724545795 0 18.8255009045 0
2458694.5 19.7548779944 0 18.3176987945 0
2458695.5 20.4222153336 0 18.9725122877 0
2458696.5 21.1190912629 0 19.6563765505 0
2458697.5 20.4247908896 0 18.9748039322 0
2458698.5 16.4098443636 0 15.0315737166 0
2458699.5 15.9529378972 0 14.582963003 0
2458700.5 15.5815006378 0 14.2184238438 0
2458701.5 14.7499874188 0 13.402386259 0
2458702.5 14.8040156609 0 13.455440038 0
2458703.5 15.6624996632 0 14.2978219612 0
2458704.5 25.6893410548 0 24.1401006775 0
2458705.5 25.1938313727 0 23.6538936978 0
2458706.5 24.5837115856 0 23.0549883719 0
2458707.5 25.0218226977 0 23.4851369019 0
2458708.5 20.4200003718 0 18.9659669627 0
2458709.5 19.8807237467 0 18.4365719737 0
2458710.5 19.3242540002 0 17.8905366064 0
2458711.5 19.9941042031 0 18.5479004544 0
2458712.5 19.8980067655 0 18.4536651981 0
2458713.5 16.0953023093 0 14.7239516857 0
2458714.5 16.6345093799 0 15.2529704687 0
2458715.5 16.2159087363 0 14.8419528543 0
2458716.5 15.9221450203 0 14.5535690597 0
2458717.5 16.6151628029 0 15.2338046734 0
2458718.5 23.5094793612 0 21.9987793683 0
2458719.5 23.1066037002 0 21.6031841705 0
2458720.5 23.0903281787 0 21.5872946455 0
2458721.5 23.9692514996 0 22.4498035807 0
2458722.5 23.2282223973 0 21.7223693004 0
2458723.5 24.478022191 0 22.9473406536 0
2458724.5 24.8464564564 0 23.3091120369 0
2458725.5 24.0083872536 0 22.4863966146 0
2458726.5 24.1179616133 0 22.5938817904 0
2458727.5 20.9950185953 0 19.5308168472 0
2458728.5 20.9339355488 0 19.470973378 0
2458729.5 20.4873521629 0 19.0326286397 0
2458730.5 20.9952409571 0 19.5309105864 0
2458731.5 25.2247948702 0 23.6798899428 0
2458732.5 25.4192926077 0 23.8708685076 0
2458733.5 25.231789303 0 23.6869544227 0
2458734.5 24.4389917532 0 22.9088274898 0
2458735.5 25.8477042704 0 24.2932646263 0
2458736.5 26.3759341819 0 24.8117331108 0
2458737.5 25.9111220051 0 24.3555300637 0
2458738.5 26.2598328962 0 24.6977815862 0
2458739.5 25.8784548222 0 24.3233855801 0
2458740.5 24.067503787 0 22.544418507 0
2458741.5 23.4016623564 0 21.8907217414 0
2458742.5 23.0077018175 0 21.503942009 0
2458743.5 22.2830223421 0 20.7925141874 0
2458744.5 22.6094808036 0 21.1130011592 0
2458745.5 17.5578946374 0 16.1574764497 0
2458746.5 18.0729413742 0 16.6627859521 0
2458747.5 18.0666210818 0 16.6564606754 0
2458748.5 18.9922656457 0 17.5650335407 0
2458749.5 19.3862861911 0 17.9515974182 0
2458750.5 23.7846800078 0 22.2695313818 0
2458751.5 23.5460849323 0 22.0353927194 0
2458752.5 24.3942807888 0 22.8677980023 0
2458753.5 25.076402439 0 23.5375343915 0
2458754.5 24.4050303536 0 22.8757744352 0
2458755.5 25.279567137 0 23.7342614724 0
2458756.5 24.4107396272 0 22.8812560588 0
2458757.5 25.3181820399 0 23.7719481615 0
2458758.5 24.8621985407 0 23.3245545048 0
2458759.5 24.679513311 0 23.1451212289 0
2458760.5 19.4551129186 0 18.0164803261 0
2458761.5 19.3259263977 0 17.8896699346 0
2458762.5 18.8311798851 0 17.4040626678 0
2458763.5 19.3132323271 0 17.8773290089 0
2458764.5 24.0906941861 0 22.5691229139 0
2458765.5 24.8524080102 0 23.3167172383 0
2458766.5 25.6606998247 0 24.1103132781 0
2458767.5 25.0197677183 0 23.4810954641 0
2458768.5 24.8118737047 0 23.2768488663 0
2458769.5 18.9621666517 0 17.5338717182 0
2458770.5 18.9272442763 0 17.4994127755 0
2458771.5 18.3801825885 0 16.9626514118 0
2458772.5 19.247837669 0 17.8142365079 0
2458773.5 18.9071728625 0 17.4796998659 0
2458774.5 20.3966529523 0 18.9410829863 0
2458775.5 20.9838633175 0 19.5173966235 0
2458776.5 21.5447281067 0 20.0679067817 0
2458777.5 21.9685575934 0 20.4836955538 0
2458778.5 21.240053022 0 19.7688229978 0
2458779.5 23.5545172177 0 22.0387015448 0
2458780.5 23.9883748924 0 22.4645747357 0
2458781.5 23.0892769659 0 21.5819271109 0
2458782.5 23.3545747502 0 21.8423835244 0
2458783.5 22.9789880626 0 21.4714659508 0
2458784.5 22.83049454 0 21.3257806701 0
2458785.5 23.0273705911 0 21.519083442 0
2458786.5 22.8520195617 0 21.3471401917 0
2458787.5 20.8820124284 0 19.4108368035 0
2458788.5 21.217167839 0 19.7397881886 0
2458789.5 21.1214963947 0 19.645725887 0
2458790.5 20.6313255956 0 19.1644538886 0
2458791.5 21.163937078 0 19.6873253156 0
2458792.5 15.7435170148 0 14.3688863089 0
2458793.5 15.8970177052 0 14.5195776626 0
2458794.5 16.5226295724 0 15.1336094797 0
2458795.5 16.5492113503 0 15.1596294793 0
2458796.5 17.2854379483 0 15.882315581 0
2458797.5 18.1876361012 0 16.7676146299 0
2458798.5 19.8883694023 0 18.4396726417 0
2458799.5 19.8086501045 0 18.3613679996 0
2458800.5 19.5645669028 0 18.1216507481 0
2458801.5 18.925696394 0 17.4945297499 0
2458802.5 15.1851541909 0 13.8262284449 0
2458803.5 14.9545151439 0 13.5999816237 0
2458804.5 15.3178304603 0 13.956375159 0
2458805.5 16.1651020527 0 14.7879777208 0
2458806.5 16.3103464429 0 14.9321215564 0
2458807.5 15.7898372886 0 14.4211616467 0
2458808.5 15.1000555249 0 13.7441722494 0
2458809.5 14.2248351342 0 12.885309144 0
2458810.5 14.1308944882 0 12.793177782 0
2458811.5 15.0733087067 0 13.7183006805 0
2458812.5 20.7649540663 0 19.3066475203 0
2458813.5 20.9259424405 0 19.4648053467 0
2458814.5 21.2762379162 0 19.8087192894 0
2458815.5 20.6257098284 0 19.1703066182 0
2458816.5 20.0950172897 0 18.6495731329 0
2458817.5 19.4763465134 0 18.0422246885 0
2458818.5 23.5917948813 0 22.0809860326 0
2458819.5 23.5353694808 0 22.0254491733 0
2458820.5 22.9681334441 0 21.4687717716 0
2458821.5 23.6521776527 0 22.1401401358 0
2458822.5 23.0179411808 0 21.5176331685 0
2458823.5 22.7940542811 0 21.2978650069 0
2458824.5 24.1948623525 0 22.6742886085 0
2458825.5 23.8161803927 0 22.302640583 0
2458826.5 23.2547899774 0 21.7515041748 0
2458827.5 24.179963291 0 22.6596353904 0
2458828.5 24.6970166351 0 23.1670855108 0
2458829.5 15.611451576 0 14.252878221 0
2458830.5 15.4290557331 0 14.0737732528 0
2458831.5 15.4419999941 0 14.0865318455 0
2458832.5 15.0999771898 0 13.7507857293 0
2458833.5 24.5545987199 0 23.0289043217 0
2458834.5 23.8021054973 0 22.2905234484 0
2458835.5 23.2625922423 0 21.7609811027 0
2458836.5 22.7958460475 0 21.3030558104 0
2458837.5 17.8653401755 0 16.4631677097 0
2458838.5 18.1352337585 0 16.7281398257 0
2458839.5 19.0428415951 0 17.6190697931 0
2458840.5 18.3018548689 0 16.8917691332 0
2458841.5 19.0760489991 0 17.6517867011 0
2458842.5 19.0516047466 0 17.6278586959 0
2458843.5 22.8934954647 0 21.4001043529 0
2458844.5 23.5349497465 0 22.0296447329 0
2458845.5 23.7925146482 0 22.2824428268 0
2458846.5 24.505777459 0 22.9827133324 0
2458847.5 24.5158446935 0 22.9924445156 0
2458848.5 21.4798514396 0 20.0123697426 0
2458849.5 21.9884718207 0 20.5117398154 0
2458850.5 21.9428389547 0 20.4668840845 0
2458851.5 22.0680294358 0 20.5899293681 0
2458852.5 22.6979115974 0 21.2058693467 0
2458853.5 22.6112183736 0 21.1207795384 0
2458854.5 22.065162502 0 20.5850245722 0
2458855.5 22.8063909343 0 21.3124183992 0
2458856.5 22.1774664038 0 20.6975831158 0
2458857.5 22.1560498426 0 20.6767467612 0
2458858.5 22.3925369955 0 20.9088497184 0
2458859.5 21.7854076934 0 20.3129950023 0
2458860.5 22.1384010491 0 20.6594949442 0
2458861.5 22.256531314 0 20.7753323905 0
2458862.5 22.5101631139 0 21.0244075273 0
2458863.5 22.7408384686 0 21.2507403766 0
2458864.5 22.3208978247 0 20.8387579739 0
2458865.5 22.8895800879 0 21.3967828006 0
2458866.5 23.8005770841 0 22.2909335403 0
2458867.5 24.6907415806 0 23.1645411446 0
2458868.5 19.7298701109 0 18.2979911108 0
2458869.5 20.3554547705 0 18.9121464699 0
2458870.5 19.7961735853 0 18.3631791204 0
2458871.5 20.3780431507 0 18.9341810434 0
2458872.5 17.2829396623 0 15.8986080971 0
2458873.5 17.1494198919 0 15.7675880734 0
2458874.5 16.5803690672 0 15.2089073745 0
2458875.5 15.8012935279 0 14.4441551903 0
2458876.5 15.5016620689 0 14.1499060211 0
2458877.5 16.8511604356 0 15.474778772 0
2458878.5 16.6663248834 0 15.2934840494 0
2458879.5 15.8197239386 0 14.4627692344 0
2458880.5 16.1684882343 0 14.8050830444 0
2458881.5 16.5336723293 0 15.1635537866 0
2458882.5 21.4692804917 0 20.0058843209 0
2458883.5 21.9203261289 0 20.4485107663 0
2458884.5 22.1193724246 0 20.643982819 0
2458885.5 22.4778079002 0 20.9955820546 0
2458886.5 24.7286111174 0 23.2040323005 0
2458887.5 24.03480673 0 22.5232135193 0
2458888.5 23.9254776388 0 22.4160526305 0
2458889.5 24.1080754157 0 22.5952188829 0
2458890.5 23.5673827242 0 22.0644338648 0
2458891.5 24.4039669614 0 22.8872821988 0
2458892.5 23.6960026251 0 22.1923220769 0
2458893.5 24.1874733075 0 22.6746000852 0
2458894.5 24.2499550073 0 22.7361288728 0
2458895.5 20.4549128969 0 19.0111371363 0
2458896.5 19.6457964004 0 18.217071542 0
2458897.5 19.7439037293 0 18.3133449105 0
2458898.5 19.0276020773 0 17.6101709556 0
2458899.5 18.6848425674 0 17.2736362794 0
2458900.5 18.7347180684 0 17.3250374779 0
2458901.5 19.1654521566 0 17.7476285385 0
2458902.5 19.4513962898 0 18.0282843878 0
2458903.5 19.868225717 0 18.4372219783 0
2458904.5 19.6172388029 0 18.1909598489 0
2458905.5 19.1401582164 0 17.7225271656 0
2458906.5 20.6826076873 0 19.2392509493 0
2458907.5 19.7576745905 0 18.3313218544 0
2458908.5 19.1059193517 0 17.6916987356 0
2458909.5 19.7394781011 0 18.3133949748 0
2458910.5 20.4464610295 0 19.0074624516 0
2458911.5 26.984869102 0 25.4250696597 0
2458912.5 26.7489069659 0 25.1932833881 0
2458913.5 26.8735151769 0 25.3156774825 0
2458914.5 26.3069714154 0 24.7595174768 0
2458915.5 26.73668554 0 25.1815504785 0
2458916.5 26.4283770983 0 24.8818868394 0
2458917.5 26.3115387063 0 24.7672682811 0
2458918.5 26.6577114904 0 25.1070227685 0
2458919.5 26.2922986538 0 24.7483035547 0
2458920.5 20.3412241508 0 18.9077404633 0
2458921.5 20.790449848 0 19.3485867601 0
2458922.5 20.8722905043 0 19.4289195368 0
2458923.5 20.097460498 0 18.6683162539 0
2458924.5 20.9660978347 0 19.5208346197 0
2458925.5 24.3795057087 0 22.8694260196 0
2458926.5 24.3102802984 0 22.8015802439 0
2458927.5 24.9784644444 0 23.4575274711 0
2458928.5 24.8798272155 0 23.3606934755 0
2458929.5 19.4524048995 0 18.0315486217 0
2458930.5 18.9752314083 0 17.5633846219 0
2458931.5 18.2113908451 0 16.8137405975 0
2458932.5 18.5048661242 0 17.1016844518 0
2458933.5 17.6656028381 0 16.2782686398 0
2458934.5 17.7925224354 0 16.4028746949 0
2458935.5 17.9398472296 0 16.547587066 0
2458936.5 17.3158947173 0 15.9353867046 0
2458937.5 16.6876705881 0 15.3189397201 0
2458938.5 16.2819192565 0 14.9207286781 0
2458939.5 21.8276329372 0 20.3640614953 0
2458940.5 21.0627299888 0 19.6133665361 0
2458941.5 21.1524490876 0 19.7012664194 0
2458942.5 21.6708655013 0 20.2099687974 0
2458943.5 19.2782710772 0 17.8603779002 0
2458944.5 18.9320904022 0 17.5208097735 0
2458945.5 19.6958657055 0 18.2704598116 0
2458946.5 20.4614366998 0 19.0219739348 0
2458947.5 23.1693033587 0 21.678496541 0
2458948.5 22.5614280617 0 21.081791072 0
2458949.5 21.7970875002 0 20.3315960437 0
2458950.5 21.3347554815 0 19.8779936753 0
2458951.5 21.4684140039 0 20.0081740396 0
2458952.5 20.6749765408 0 19.2295946047 0
2458953.5 20.8297099257 0 19.3815609022 0
2458954.5 21.568402933 0 20.1066385701 0
2458955.5 20.7669968559 0 19.3199339183 0
2458956.5 20.8262601119 0 19.3782661287 0
2458957.5 21.7971784282 0 20.3310456677 0
2458958.5 21.031074176 0 19.5791872829 0
2458959.5 20.5195718396 0 19.0770438779 0
2458960.5 21.2831752041 0 19.8264338318 0
2458961.5 21.9828422508 0 20.5133012541 0
2458962.5 16.7483026403 0 15.3744306836 0
2458963.5 17.5429711295 0 16.154454473 0
2458964.5 18.3618625808 0 16.9582264496 0
2458965.5 17.987584013 0 16.5909296297 0
2458966.5 18.3779582322 0 16.975182843 0
2458967.5 18.8064016717 0 17.395627362 0
2458968.5 17.9183153765 0 16.5238395259 0
2458969.5 17.105358182 0 15.7260433097 0
2458970.5 17.9994481919 0 16.6036852871 0
2458971.5 20.2644364313 0 18.828673841 0
2458972.5 20.2917406321 0 18.8552986629 0
2458973.5 21.0884792193 0 19.6371527746 0
2458974.5 20.1676041972 0 18.7331760931 0
2458975.5 19.4272141118 0 18.0063931322 0
2458976.5 17.4799705683 0 16.0985188502 0
2458977.5 17.9727817553 0 16.5822375894 0
2458978.5 17.330176769 0 15.9516482931 0
2458979.5 17.1759210643 0 15.8003536876 0
2458980.5 22.4919714232 0 21.0201944622 0
2458981.5 22.3419012296 0 20.8729528652 0
2458982.5 22.7265740045 0 21.2503752187 0
2458983.5 23.4406335426 0 21.9510930381 0
2458984.5 22.6920184873 0 21.2164169291 0
2458985.5 22.8723445023 0 21.3912339072 0
2458986.5 22.1169679122 0 20.6498264944 0
2458987.5 22.5475574775 0 21.0726388085 0
2458988.5 22.8320740188 0 21.3518000529 0
2458989.5 23.6962300197 0 22.2001134495 0
2458990.5 26.7506108875 0 25.1959436278 0
2458991.5 27.5810592783 0 26.0116935511 0
2458992.5 27.8487746681 0 26.2748192283 0
2458993.5 28.5028607482 0 26.9179676076 0
2458994.5 28.2418229403 0 26.6612098245 0
2458995.5 29.0652991095 0 27.4715105991 0
2458996.5 18.4557589063 0 17.054315646 0
2458997.5 17.8270217962 0 16.4373804693 0
2458998.5 18.538447791 0 17.135467355 0
2458999.5 18.9509167672 0 17.5401990943 0
2459000.5 22.5871110322 0 21.1095818869 0
2459001.5 22.1594689231 0 20.6898883783 0
2459002.5 21.7573630405 0 20.2950555791 0
2459003.5 21.0039118291 0 19.5555882573 0
2459004.5 17.5843080274 0 16.1976006228 0
2459005.5 17.3565908356 0 15.9742747249 0
2459006.5 16.7257723761 0 15.3551987328 0
2459007.5 17.2278106224 0 15.8477708783 0
2459008.5 17.4930345925 0 16.1079094144 0
2459009.5 18.6520989022 0 17.2475159482 0
2459010.5 19.4402119092 0 18.0210658114 0
2459011.5 19.4027561512 0 17.984448282 0
2459012.5 19.4701519679 0 18.0505293142 0
2459013.5 22.7362497956 0 21.2567226486 0
2459014.5 23.1350554372 0 21.6481918931 0
2459015.5 23.9302651983 0 22.4288240161 0
2459016.5 24.8451245004 0 23.3267001264 0
2459017.5 24.1151498266 0 22.6101198849 0
2459018.5 24.1577344821 0 22.6520146028 0
2459019.5 17.6443974487 0 16.262264673 0
2459020.5 16.8937029536 0 15.5253363792 0
2459021.5 16.8193357314 0 15.4521599159 0
2459022.5 17.7236860409 0 16.3399343957 0
2459023.5 19.913046963 0 18.4890044393 0
2459024.5 19.6886131021 0 18.2689127677 0
2459025.5 19.1872899304 0 17.7768370895 0
2459026.5 18.7941143431 0 17.3910992042 0
2459027.5 18.8830076211 0 17.4783612013 0
2459028.5 18.4383891545 0 17.0418481737 0
2459029.5 20.2826300999 0 18.85039216 0
2459030.5 20.010489536 0 18.5834490896 0
2459031.5 19.6918887233 0 18.2707386595 0
2459032.5 20.0167012339 0 18.5894622826 0
2459033.5 19.6790107145 0 18.2577338326 0
2459034.5 19.8916542432 0 18.466393143 0
2459035.5 20.735249034 0 19.2945128553 0
2459036.5 20.6762774698 0 19.236696828 0
2459037.5 20.7300297754 0 19.2896521223 0
2459038.5 21.2905668982 0 19.839857924 0
2459039.5 17.5135815977 0 16.1348957445 0
2459040.5 17.376326949 0 16.0001305626 0
2459041.5 16.5690549803 0 15.2079254852 0
2459042.5 16.8808817487 0 15.5140298231 0
2459043.5 17.4963115121 0 16.1180226381 0
2459044.5 16.670692495 0 15.3076945272 0
2459045.5 27.1458857239 0 25.5912804569 0
2459046.5 26.5528025186 0 25.0086943332 0
2459047.5 26.525662299 0 24.9821589134 0
2459048.5 27.3878140814 0 25.8288697975 0
2459049.5 27.2521525278 0 25.6957215409 0
2459050.5 18.6700813028 0 17.2722330976 0
2459051.5 19.0836237042 0 17.6781588869 0
2459052.5 18.7231044552 0 17.3241783647 0
2459053.5 19.5341357711 0 18.1203342165 0
2459054.5 24.9190384251 0 23.4084789026 0
2459055.5 24.6656203699 0 23.159600582 0
2459056.5 23.8548818492 0 22.3636923852 0
2459057.5 24.4710200677 0 22.9682499193 0
2459058.5 26.1317338789 0 24.5987949076 0
2459059.5 26.1062103409 0 24.5736629395 0
2459060.5 26.3103235765 0 24.7740003634 0
2459061.5 26.5653234385 0 25.0245105044 0
2459062.5 19.7959891216 0 18.377644598 0
2459063.5 20.056018357 0 18.6327131529 0
2459064.5 20.1741608818 0 18.7485838434 0
2459065.5 20.8230712158 0 19.3855436564 0
2459066.5 20.0065791515 0 18.5843291555 0
2459067.5 20.4908141372 0 19.0596521065 0
2459068.5 22.9067130706 0 21.4336083992 0
2459069.5 22.7608946895 0 21.2904728097 0
2459070.5 22.3970287031 0 20.9331933871 0
2459071.5 23.0578618354 0 21.5816078675 0
2459072.5 17.9162614296 0 16.5368098787 0
2459073.5 18.4457359198 0 17.0564985919 0
2459074.5 18.7405188677 0 17.3456376845 0
2459075.5 19.5148594551 0 18.1055459111 0
2459076.5 17.8362264916 0 16.4580106815 0
2459077.5 17.6281096062 0 16.253911382 0
2459078.5 17.3412406497 0 15.9722149524 0
2459079.5 18.192392246 0 16.8077677565 0
2459080.5 17.3153358609 0 15.9471195582 0
2459081.5 23.0474980753 0 21.5757773631 0
2459082.5 22.4544151941 0 20.9937509988 0
2459083.5 22.6413029112 0 21.1773183537 0
2459084.5 21.725437174 0 20.278476876 0
2459085.5 19.0800512122 0 17.6834918657 0
2459086.5 19.7993873767 0 18.3894595853 0
2459087.5 19.6820767761 0 18.2744792225 0
