2457258.5 18.3456121143 0.0 16.850507789 0.0 
2457276.5 15.8918806998 0.0 14.4393428206 0.0 
2457294.5 17.3314365837 0.0 15.8552254333 0.0 
2457312.5 13.2486932636 0.0 11.8480809755 0.0 
2457330.5 17.1909212522 0.0 15.7149098736 0.0 
2457348.5 10.2982412026 0.0 8.94831837356 0.0 
2457366.5 13.3497769546 0.0 11.9511428101 0.0 
2457384.5 19.4308397406 0.0 17.9219278471 0.0 
2457402.5 16.5646658286 0.0 15.1134887203 0.0 
2457420.5 13.7526781451 0.0 12.3529218048 0.0 
2457438.5 13.654423975 0.0 12.2564896684 0.0 
2457456.5 10.7375509874 0.0 9.39235214381 0.0 
2457474.5 13.9405697086 0.0 12.5347500405 0.0 
2457492.5 22.6495839548 0.0 21.0801258931 0.0 
2457510.5 18.3251744367 0.0 16.8350102507 0.0 
2457528.5 22.1718197077 0.0 20.6071845468 0.0 
2457546.5 17.5026092253 0.0 16.0262265251 0.0 
2457564.5 21.4934353379 0.0 19.9426069907 0.0 
2457582.5 17.5608988762 0.0 16.0814685325 0.0 
2457600.5 13.6527340889 0.0 12.248493871 0.0 
2457618.5 19.4497199691 0.0 17.9361531648 0.0 
2457636.5 12.4874629224 0.0 11.1077052044 0.0 
2457654.5 12.0389763158 0.0 10.673629111 0.0 
2457672.5 12.3349711153 0.0 10.9648352866 0.0 
2457690.5 13.5966403086 0.0 12.2079843695 0.0 
2457708.5 12.2356039298 0.0 10.8749064045 0.0 
2457726.5 19.8861195138 0.0 18.3842441342 0.0 
2457744.5 14.6558102138 0.0 13.2543853341 0.0 
2457762.5 17.2258899832 0.0 15.7822060777 0.0 
2457780.5 14.5853081153 0.0 13.1901995597 0.0 
2457798.5 13.2013291252 0.0 11.8303759064 0.0 
2457816.5 16.1577482667 0.0 14.7300597633 0.0 
2457834.5 23.5495337412 0.0 21.9870080433 0.0 
2457852.5 17.4561343614 0.0 16.0073163532 0.0 
2457870.5 10.5252997427 0.0 9.20950047373 0.0 
2457888.5 24.8514105022 0.0 23.2764487939 0.0 
2457906.5 15.5377030763 0.0 14.1297657456 0.0 
2457924.5 14.9916416857 0.0 13.5917108943 0.0 
2457942.5 22.5398879474 0.0 20.9969083559 0.0 
2457960.5 23.4696890154 0.0 21.9122253548 0.0 
2457978.5 17.8416956756 0.0 16.385889095 0.0 
2457996.5 21.939777602 0.0 20.4051150929 0.0 
2458014.5 18.5285012064 0.0 17.0613190426 0.0 
2458032.5 18.1441235075 0.0 16.6917346212 0.0 
2458050.5 20.4793121675 0.0 18.9883607805 0.0 
2458068.5 22.9753312076 0.0 21.4295382435 0.0 
2458086.5 17.9050687366 0.0 16.4495340619 0.0 
2458104.5 18.5829111483 0.0 17.117730394 0.0 
2458122.5 20.8118903775 0.0 19.3058721198 0.0 
2458140.5 15.3012113587 0.0 13.9030727342 0.0 
2458158.5 12.8784775541 0.0 11.518069937 0.0 
2458176.5 24.1685261807 0.0 22.5993798617 0.0 
2458194.5 16.9603498189 0.0 15.5245112991 0.0 
2458212.5 13.2611047273 0.0 11.8893325631 0.0 
2458230.5 17.7655441519 0.0 16.3068263285 0.0 
2458248.5 17.0704396941 0.0 15.6217198504 0.0 
2458266.5 21.7548337802 0.0 20.2257732939 0.0 
2458284.5 19.3938557704 0.0 17.9101229585 0.0 
2458302.5 20.7230084107 0.0 19.2167802115 0.0 
2458320.5 14.710282564 0.0 13.3200529339 0.0 
2458338.5 13.5283853014 0.0 12.1615656173 0.0 
2458356.5 21.4086925554 0.0 19.8937423541 0.0 
2458374.5 16.0801244251 0.0 14.6597950743 0.0 
2458392.5 15.7665742205 0.0 14.3541618039 0.0 
2458410.5 15.5258032516 0.0 14.1173869222 0.0 
2458428.5 14.1080610914 0.0 12.7219836898 0.0 
2458446.5 14.0424545276 0.0 12.6631835052 0.0 
2458464.5 19.1224922213 0.0 17.651297717 0.0 
2458482.5 17.8511904368 0.0 16.4068221303 0.0 
2458500.5 16.2341054817 0.0 14.822216041 0.0 
2458518.5 14.6160046996 0.0 13.23542258 0.0 
2458536.5 24.2381991895 0.0 22.6783619381 0.0 
2458554.5 18.9459597497 0.0 17.4894255618 0.0 
2458572.5 23.7323758602 0.0 22.1833502378 0.0 
2458590.5 15.6818648193 0.0 14.2851266321 0.0 
2458608.5 18.1878648013 0.0 16.7471308162 0.0 
2458626.5 18.2481574417 0.0 16.7998528402 0.0 
2458644.5 18.6044616742 0.0 17.148320658 0.0 
2458662.5 23.90242025 0.0 22.3439624936 0.0 
2458680.5 13.0857632474 0.0 11.7274691281 0.0 
2458698.5 20.1166561021 0.0 18.6305198695 0.0 
2458716.5 20.1579703357 0.0 18.6702688764 0.0 
2458734.5 24.9725803771 0.0 23.3983028452 0.0 
2458752.5 19.9789552496 0.0 18.497366959 0.0 
2458770.5 12.8956392936 0.0 11.5499044668 0.0 
2458788.5 20.9209578913 0.0 19.4256098688 0.0 
2458806.5 21.1036446523 0.0 19.6090103012 0.0 
2458824.5 19.0940308726 0.0 17.6396089151 0.0 
2458842.5 15.255705253 0.0 13.8702964563 0.0 
2458860.5 22.9754932078 0.0 21.4466331784 0.0 
2458878.5 15.8643299666 0.0 14.4693824598 0.0 
2458896.5 20.4784917957 0.0 19.0048859594 0.0 
2458914.5 17.825003722 0.0 16.4064536662 0.0 
2458932.5 19.4175268674 0.0 17.9736970816 0.0 
2458950.5 17.8488287127 0.0 16.4298510094 0.0 
2458968.5 18.5024088391 0.0 17.0730223603 0.0 
2458986.5 15.4999100837 0.0 14.1224820603 0.0 
2459004.5 23.7090298195 0.0 22.1760749354 0.0 
2459022.5 18.6234502553 0.0 17.1873074066 0.0 
2459040.5 16.9410622281 0.0 15.5392668265 0.0 
2459058.5 19.7807966294 0.0 18.3295845061 0.0 
2459076.5 19.8601606216 0.0 18.4113972012 0.0 
