2457258.5 14.4334403137 0.0 12.9483893335 0.0 
2457276.5 18.7780286842 0.0 17.209479678 0.0 
2457294.5 13.9508824776 0.0 12.4705676141 0.0 
2457312.5 9.53599022691 0.0 8.13538130988 0.0 
2457330.5 17.2399855631 0.0 15.7028337689 0.0 
2457348.5 16.5711943809 0.0 15.0446416912 0.0 
2457366.5 11.8911263239 0.0 10.4534413978 0.0 
2457384.5 19.0983087099 0.0 17.5350525415 0.0 
2457402.5 9.24519990464 0.0 7.86091806973 0.0 
2457420.5 12.0446377049 0.0 10.6030433898 0.0 
2457438.5 8.7398822506 0.0 7.36548176863 0.0 
2457456.5 9.52654515723 0.0 8.13761183489 0.0 
2457474.5 18.225132076 0.0 16.6766680471 0.0 
2457492.5 14.5015034941 0.0 13.0201379079 0.0 
2457510.5 14.1366073392 0.0 12.6651355293 0.0 
2457528.5 9.78562151902 0.0 8.39770674621 0.0 
2457546.5 14.6873855575 0.0 13.2092788386 0.0 
2457564.5 9.45306208118 0.0 8.07183754034 0.0 
2457582.5 9.73007331113 0.0 8.34924535714 0.0 
2457600.5 18.0696260781 0.0 16.5361992505 0.0 
2457618.5 12.3498748252 0.0 10.9256082699 0.0 
2457636.5 11.5538190076 0.0 10.1480511951 0.0 
2457654.5 10.5945805971 0.0 9.21327363785 0.0 
2457672.5 14.660469113 0.0 13.20322089 0.0 
2457690.5 20.2723910895 0.0 18.7149376084 0.0 
2457708.5 10.6790033242 0.0 9.29930604172 0.0 
2457726.5 13.2836021403 0.0 11.8516760232 0.0 
2457744.5 13.98384798 0.0 12.5397910843 0.0 
2457762.5 15.0274426938 0.0 13.5683570276 0.0 
2457780.5 11.8622434638 0.0 10.4619014715 0.0 
2457798.5 17.6290846019 0.0 16.1263668201 0.0 
2457816.5 15.7019073963 0.0 14.2303772343 0.0 
2457834.5 17.2726733235 0.0 15.7722115811 0.0 
2457852.5 12.4131501918 0.0 11.0018899088 0.0 
2457870.5 9.81100122126 0.0 8.451305596 0.0 
2457888.5 16.4029711407 0.0 14.9229493661 0.0 
2457906.5 12.9297426332 0.0 11.5175756195 0.0 
2457924.5 17.4904431901 0.0 15.9994540623 0.0 
2457942.5 10.6925570199 0.0 9.32785155869 0.0 
2457960.5 19.8511435188 0.0 18.3188028663 0.0 
2457978.5 19.9075150492 0.0 18.3750712016 0.0 
2457996.5 20.4724084258 0.0 18.926499547 0.0 
2458014.5 17.5311156379 0.0 16.0365207797 0.0 
2458032.5 14.6025138165 0.0 13.1628224838 0.0 
2458050.5 16.6704512427 0.0 15.1951573857 0.0 
2458068.5 20.2114901219 0.0 18.6743252573 0.0 
2458086.5 16.2196897654 0.0 14.7609879429 0.0 
2458104.5 18.8829432009 0.0 17.3713420671 0.0 
2458122.5 21.0745448866 0.0 19.520849983 0.0 
2458140.5 20.1742638778 0.0 18.6359502037 0.0 
2458158.5 14.9332277304 0.0 13.4895977399 0.0 
2458176.5 16.0628412387 0.0 14.5988166669 0.0 
2458194.5 14.7480805567 0.0 13.3026770722 0.0 
2458212.5 14.569741841 0.0 13.1281906502 0.0 
2458230.5 16.8922758384 0.0 15.4050141838 0.0 
2458248.5 20.5209961604 0.0 18.9728806832 0.0 
2458266.5 15.4371828067 0.0 13.9883868663 0.0 
2458284.5 20.0322384364 0.0 18.5037539105 0.0 
2458302.5 21.7198714757 0.0 20.1616398819 0.0 
2458320.5 12.1655461636 0.0 10.78507361 0.0 
2458338.5 16.2296854858 0.0 14.7761158756 0.0 
2458356.5 20.1155542746 0.0 18.5865836907 0.0 
2458374.5 13.5881996485 0.0 12.1759412033 0.0 
2458392.5 15.4507597266 0.0 14.0032121495 0.0 
2458410.5 19.6802902885 0.0 18.1544871662 0.0 
2458428.5 16.3046606527 0.0 14.8481628795 0.0 
2458446.5 12.3382150056 0.0 10.9574608586 0.0 
2458464.5 21.5373479273 0.0 19.9849147493 0.0 
2458482.5 16.7247187004 0.0 15.2630376319 0.0 
2458500.5 23.0113140734 0.0 21.4346518301 0.0 
2458518.5 13.5482944318 0.0 12.1446249062 0.0 
2458536.5 17.8644929214 0.0 16.3762025685 0.0 
2458554.5 11.8015787696 0.0 10.4302153309 0.0 
2458572.5 16.7468307329 0.0 15.2875555918 0.0 
2458590.5 16.3310515043 0.0 14.8825229307 0.0 
2458608.5 16.6506476482 0.0 15.1940861895 0.0 
2458626.5 16.2588438471 0.0 14.8086992617 0.0 
2458644.5 21.1258001512 0.0 19.5865396977 0.0 
2458662.5 17.9051512017 0.0 16.4256879175 0.0 
2458680.5 21.7501645193 0.0 20.1972291271 0.0 
2458698.5 13.1466399175 0.0 11.7568640548 0.0 
2458716.5 16.2033605344 0.0 14.7584878565 0.0 
2458734.5 19.597751724 0.0 18.0930725916 0.0 
2458752.5 21.5123238508 0.0 19.9764811271 0.0 
2458770.5 20.3701406295 0.0 18.8586609554 0.0 
2458788.5 20.4948350825 0.0 18.9775940086 0.0 
2458806.5 22.6313139889 0.0 21.076269981 0.0 
2458824.5 13.1308473805 0.0 11.7452708771 0.0 
2458842.5 22.2685720581 0.0 20.7110382102 0.0 
2458860.5 17.5853444028 0.0 16.1111167497 0.0 
2458878.5 19.5240103577 0.0 18.0119908519 0.0 
2458896.5 19.21422938 0.0 17.7077857198 0.0 
2458914.5 19.3453767359 0.0 17.8326501383 0.0 
2458932.5 19.2998910125 0.0 17.790033337 0.0 
2458950.5 19.0375711861 0.0 17.5301120942 0.0 
2458968.5 11.2890190399 0.0 9.92057628609 0.0 
2458986.5 14.8640438951 0.0 13.4315315852 0.0 
2459004.5 14.3887221098 0.0 12.9614496536 0.0 
2459022.5 15.1173064378 0.0 13.6773549607 0.0 
2459040.5 13.129184103 0.0 11.7259075504 0.0 
2459058.5 15.6059854088 0.0 14.1585109882 0.0 
2459076.5 16.7186500908 0.0 15.252373597 0.0 
