0.0 34.941806 0.0569501738764 33.569932 0.120955162905
1.0 34.706022 0.120183459203 33.327972 0.0257241374891
2.0 35.351377 0.17580945714 33.985706 0.0946298178368
3.0 35.629529 0.0060374231838 34.269487 0.183564032754
4.0 31.205818 0.165893363273 29.789166 0.158482333914
5.0 30.881434 0.130720493762 29.457114 0.0694107380436
6.0 31.948282 0.0768757945696 30.539297 0.146494895106
7.0 32.433231 0.120230896166 31.031713 0.188371436794
8.0 33.862049 0.00316795634108 32.47518 0.142412202948
9.0 34.564329 0.0440001878391 33.184659 0.148763729132
10.0 35.608887 0.0387285372498 34.23854 0.150387386734
11.0 34.34637 0.151130415415 32.961465 0.0358888945352
12.0 34.032974 0.0485976155576 32.640947 0.0046566908718
13.0 31.426215 0.0122897134413 29.996098 0.050944861947
14.0 32.422732 0.063623220248 31.008353 0.136181682601
15.0 30.664278 0.0880731716908 29.242884 0.113518539213
16.0 31.479264 0.0866357146233 30.06704 0.0381393336703
17.0 31.982585 0.0851314840899 30.576694 0.00710381022037
18.0 32.579272 0.0971182442845 31.17899 0.100325041107
19.0 31.046847 0.0629163410212 29.630191 0.0424637934774
20.0 32.029159 0.0187479203015 30.621749 0.087094783401
21.0 31.048878 0.112574973623 29.630154 0.0182286722363
22.0 30.564835 0.00996488530525 29.135809 0.00511565337712
23.0 29.884108 0.0985682527426 28.439726 0.184949537712
24.0 35.730818 0.147814175346 34.367941 0.168347378604
25.0 35.300915 0.0446271348982 33.931263 0.0973043106914
26.0 36.281395 0.190249233584 34.924904 0.0100283641386
27.0 36.064473 0.181078446321 34.708919 0.060215954353
28.0 35.30449 0.176358401535 33.940939 0.0046719191997
29.0 34.893881 0.0737646384248 33.522062 0.112355194956
30.0 33.128775 0.0590191539792 31.754648 0.0903793887661
31.0 32.761007 0.140089403866 31.384425 0.074048714864
32.0 33.816356 0.0673847905478 32.452588 0.18061906812
33.0 33.097782 0.0117999797366 31.723747 0.112656413742
34.0 33.085793 0.0183747053327 31.713477 0.0608128711258
35.0 31.935341 0.0481198203939 30.549692 0.0358455097317
36.0 31.269193 0.146202488264 29.875441 0.101827629133
37.0 32.511608 0.185715480982 31.132363 0.0413335819782
38.0 31.992764 0.121561721063 30.603582 0.163316471683
39.0 31.31535 0.134147919255 29.919709 0.193197168765
40.0 30.510688 0.126476064512 29.107563 0.0412844676766
41.0 32.008486 0.192889759107 30.621595 0.00822794965643
42.0 31.842083 0.0717926026753 30.45021 0.117400314957
43.0 31.352341 0.199902918858 29.949924 0.124327739779
44.0 26.98478 0.177266793174 25.520706 0.113448595965
45.0 27.246882 0.092247637476 25.788882 0.166271205811
46.0 26.909946 0.00675676469598 25.442326 0.135280164007
47.0 27.906423 0.049430036862 26.452766 0.150439192604
48.0 28.827494 0.138534997558 27.385905 0.0175956075874
49.0 28.992191 0.143052578827 27.550174 0.0530216369122
50.0 29.695655 0.0712957958756 28.250601 0.129129100065
51.0 25.185667 0.0374223911251 23.654162 0.10232820294
52.0 24.994674 0.0644090446626 23.450519 0.0111255371649
53.0 24.519724 0.076591127571 22.961753 0.0836959708525
54.0 25.777714 0.163654681958 24.251972 0.167073439943
55.0 26.025344 0.000865612117799 24.508984 0.0787195405691
56.0 25.662866 0.175205601947 24.141908 0.0332840316869
57.0 26.191097 0.110886976042 24.687243 0.175001469432
58.0 26.385512 0.0514113343022 24.885242 0.0299293582813
59.0 25.711104 0.0116990876587 24.200501 0.0904893492241
60.0 31.559332 0.038347579487 30.147721 0.148225458949
61.0 32.19479 0.0177178318957 30.789159 0.11504682927
62.0 32.226939 0.147936988852 30.825392 0.182749880397
63.0 32.976801 0.0572793393542 31.583403 0.0258044014852
64.0 33.763703 0.140608910159 32.376753 0.0443812990177
65.0 33.477035 0.0231383172488 32.077944 0.0549151727422
66.0 33.085643 0.187026259332 31.680822 0.13399190672
67.0 31.888023 0.113108658624 30.467536 0.0678661984789
68.0 28.41538 0.138970804241 26.940426 0.13195314032
69.0 28.958237 0.126989744083 27.4936 0.0398727224821
70.0 29.009561 0.136267006963 27.542727 0.145383203033
71.0 28.760421 0.136729869544 27.291657 0.00814385669653
72.0 25.757991 0.139879488936 24.227921 0.183220363235
73.0 26.053671 0.146445878127 24.5341 0.0699093232518
74.0 25.915269 0.0161706631458 24.385199 0.0220722415859
75.0 26.414095 0.0247055263348 24.887178 0.111278301997
76.0 26.194728 0.12746448278 24.664307 0.0697205891636
77.0 25.536193 0.181684854032 23.995183 0.124981808389
78.0 26.64113 0.0914273707658 25.117092 0.148830144315
79.0 26.778542 0.16898672123 25.254176 0.130996626998
80.0 27.133688 0.153218065517 25.622563 0.0877471885593
81.0 27.533732 0.154728601675 26.031419 0.116425214339
82.0 27.967873 0.0404738690993 26.470351 0.0530705586263
83.0 25.929507 0.0894309437978 24.395895 0.0415779294964
84.0 26.459924 0.153559308901 24.942069 0.0962584181888
85.0 27.351433 0.143566260141 25.841593 0.0279147121572
86.0 25.867524 0.13402995414 24.333937 0.137505495231
87.0 25.424851 0.0656137031733 23.87714 0.196164404325
88.0 25.805707 0.0511162771365 24.267365 0.190258349605
89.0 26.603344 0.098047833569 25.075276 0.0670871845914
90.0 26.001564 0.119790476645 24.458804 0.00145574447527
91.0 25.687346 0.0642869364582 24.133531 0.0907558583209
92.0 25.089069 0.101746611556 23.522637 0.120599068687
93.0 24.844545 0.0148924763183 23.280753 0.0365607110632
94.0 25.104891 0.161176492133 23.550979 0.196789494565
95.0 27.854469 0.0609192847892 26.355397 0.0791351833173
96.0 27.625154 0.105659366219 26.11787 0.000455953303903
97.0 26.613247 0.1129234509 25.09015 0.125426934355
98.0 27.131914 0.116135499284 25.623471 0.00994705511269
99.0 27.706779 0.0465943815595 26.210505 0.143413773521
100.0 26.946063 0.122994391624 25.440854 0.0168738088961
101.0 26.465007 0.16458991315 24.944436 0.137736900354
102.0 26.711937 0.173612886142 25.189444 0.0244049850942
103.0 26.941166 0.0152870702451 25.417952 0.0622430893959
104.0 26.699519 0.126794075342 25.17441 0.0328579676703
105.0 26.488207 0.0636099049094 24.962345 0.13724805017
106.0 27.213272 0.0888795570365 25.698088 0.14960150932
107.0 26.525345 0.155145479723 24.998145 0.109286118291
108.0 32.173072 0.115017488067 30.741214 0.0522372299599
109.0 31.769747 0.100992694304 30.326622 0.176790201254
110.0 32.04067 0.133442407162 30.604995 0.14470633453
111.0 31.168793 0.108542033785 29.71924 0.186269852054
112.0 30.54329 0.0936474347609 29.086949 0.188664713403
113.0 30.737184 0.174679905152 29.278629 0.162172498634
114.0 30.779098 0.194055946983 29.315589 0.0536446291228
115.0 30.373475 0.161269274205 28.90871 0.0932609082728
116.0 31.280573 0.0161610781494 29.8296 0.159588796886
117.0 30.839979 0.0861196608024 29.376194 0.118169699221
118.0 30.595858 0.103108965322 29.123184 0.11836112067
119.0 26.871853 0.192765750897 25.325828 0.16986870348
120.0 27.043133 0.196358749555 25.506419 0.112594816522
121.0 26.506198 0.0114764674623 24.952331 0.11542293812
122.0 26.616003 0.0190823062952 25.055393 0.0768671967165
123.0 26.70149 0.179775360952 25.137183 0.106906558204
124.0 26.291459 0.0772190899655 24.717492 0.141766210792
125.0 31.367432 0.0739103175663 29.904324 0.0210087402744
126.0 30.872462 0.0130130675166 29.403311 0.0304389047837
127.0 31.536944 0.000901543227216 30.079294 0.180207888449
128.0 31.09631 0.0380784139064 29.637456 0.11360528531
129.0 30.43546 0.0533395688814 28.961489 0.163708365758
130.0 30.154463 0.0346356458652 28.674056 0.182382796278
131.0 29.822683 0.185760184333 28.347227 0.105979339231
132.0 30.567119 0.085879532091 29.108169 0.0462907608364
133.0 29.790203 0.0292940329989 28.319005 0.193876597234
134.0 29.131476 0.0729312841352 27.65044 0.191792501429
135.0 29.705163 0.171639668012 28.231158 0.132393923129
136.0 29.029812 0.185430535168 27.539616 0.0347682581583
137.0 29.420459 0.112001203507 27.935807 0.159503924079
138.0 30.422856 0.026340798753 28.952602 0.0146270465757
139.0 25.84176 0.121860530463 24.284046 0.0410957397472
140.0 26.561261 0.139277085148 25.018554 0.146299048699
141.0 27.041491 0.109128829728 25.505048 0.0410957435552
142.0 27.461648 0.0350870615344 25.930588 0.0415590385123
143.0 27.227407 0.101654058493 25.686757 0.104353047985
144.0 27.7241 0.0740817829966 26.198812 0.0886297244207
145.0 28.820897 0.128143418866 27.311829 0.156758163967
146.0 28.272777 0.00177889501026 26.75846 0.101856858162
147.0 29.535342 0.179505379752 28.040344 0.19874182843
148.0 30.336542 0.0645095893621 28.851544 0.0961571076576
149.0 31.033035 0.0200438315594 29.554804 0.146309948588
150.0 31.135905 0.136392625211 29.643326 0.0983752249204
151.0 33.295482 0.0770943854844 31.836179 0.12743507432
152.0 34.579062 0.0481186361098 33.136712 0.00381578057886
153.0 35.512606 0.0778379974111 34.081768 0.109475809561
154.0 36.156579 0.124105199036 34.733781 0.00426889945206
155.0 36.226169 0.0379808441891 34.804788 0.090353320614
156.0 35.412403 0.0367176976269 33.974383 0.0515288127687
157.0 34.49145 0.0412682784949 33.036791 0.181340556115
158.0 29.127739 0.00875521548031 27.570823 0.0244869661253
159.0 29.2311 0.0220846385752 27.682265 0.170773966448
160.0 28.855953 0.130403013243 27.290665 0.132117897582
161.0 28.884171 0.102791045242 27.330241 0.144738460046
162.0 32.824556 0.12405707344 31.369784 0.189164226238
163.0 32.38189 0.146513486398 30.9251 0.0423710438575
164.0 32.662896 0.083741513078 31.205264 0.0879885422909
165.0 32.281524 0.183231961488 30.816803 0.000467682343099
166.0 31.877452 0.0452828962914 30.40818 0.0319327377069
167.0 31.121462 0.193773167596 29.639138 0.133904598912
168.0 36.47771 0.171803412971 35.074452 0.123902934368
169.0 37.396989 0.172732824449 36.007718 0.10680552571
170.0 38.090518 0.196859550878 36.708068 0.122433262395
171.0 37.944327 0.0579358452854 36.562494 0.151529687619
172.0 37.09176 0.172501214606 35.697215 0.0170800101037
173.0 38.157677 0.0648287813387 36.773693 0.0361420591078
174.0 38.296183 0.0835590690754 36.910209 0.119430462157
175.0 38.608716 0.130760084525 37.223642 0.187613370955
176.0 30.205404 0.195674439433 28.689359 0.1846892832
177.0 29.756283 0.00691453107854 28.236245 0.09680423485
178.0 29.64616 0.00409268817819 28.119613 0.0641935511791
179.0 29.945993 0.195338119762 28.417573 0.111236694294
180.0 29.533384 0.116580286548 27.996392 0.0292956777077
181.0 34.430066 0.132865924351 32.972596 0.137762910615
182.0 34.542586 0.0989045737953 33.08603 0.11703834711
183.0 35.262865 0.100275570346 33.817754 0.137815593312
184.0 35.495239 0.102598566401 34.059588 0.145678204289
185.0 34.313316 0.0265142588507 32.864783 0.172835543315
186.0 34.696036 0.0911129812179 33.252769 0.128411801581
187.0 34.121601 0.0309290427375 32.674665 0.0958970965167
188.0 33.960753 0.129510843196 32.505365 0.0630367165984
189.0 33.508704 0.0564987360886 32.042818 0.169026989381
190.0 33.868591 0.14480232675 32.402006 0.125897621643
191.0 34.070633 0.0117763155629 32.613128 0.0396744803722
192.0 34.221008 0.10102345098 32.771514 0.147554079814
193.0 35.354065 0.174775199662 33.921063 0.0677899900096
194.0 34.349514 0.163653383484 32.901835 0.108994631874
195.0 33.60653 0.118921734393 32.151167 0.181734200175
196.0 33.312089 0.133727665085 31.849224 0.0454118525473
197.0 37.031708 0.0058522236761 35.626806 0.16010703656
198.0 37.571915 0.0643751548311 36.171051 0.10960113001
199.0 38.331838 0.140553389986 36.942224 0.157931898687
200.0 37.879768 0.121188941056 36.481535 0.161187296646
201.0 36.59765 0.125843202178 35.187454 0.0822804634353
202.0 36.998221 0.0832445209072 35.591134 0.198785911885
203.0 37.251892 0.0875578519557 35.848001 0.0904240941805
204.0 35.898634 0.152683549222 34.479322 0.00398256458797
205.0 30.992742 0.173874136117 29.487574 0.0813462955299
206.0 33.73243 0.0481974659612 32.242744 0.0153780324414
207.0 34.145013 0.0979233904333 32.656328 0.104109157668
208.0 35.317009 0.0864417078 33.84508 0.131584975988
209.0 36.370211 0.195310912787 34.909791 0.141610483087
210.0 36.846134 0.160626846277 35.38762 0.00328432468427
211.0 36.466652 0.148351408688 35.005752 0.0188889657188
212.0 36.52257 0.12531745126 35.06839 0.0521060985055
213.0 35.677473 0.100166621127 34.206182 0.199858764179
214.0 36.439068 0.166614659315 34.979456 0.0187282246068
215.0 35.099957 0.147320097397 33.611282 0.194582744344
216.0 35.194966 0.141013475045 33.711241 0.0641254858835
217.0 35.179825 0.00940687109322 33.699869 0.191391459019
218.0 34.860068 0.130022937637 33.369166 0.117725298827
219.0 34.674491 0.00634563961832 33.180588 0.0561933120882
220.0 34.902289 0.116014583502 33.419996 0.0855772528398
221.0 34.820849 0.0262354092376 33.34382 0.0119409617971
222.0 33.108941 0.0785164071152 31.626327 0.0255352503853
223.0 32.2142 0.162404259058 30.71689 0.0366568886926
224.0 32.082742 0.0386387734975 30.576095 0.0199962720892
225.0 32.681889 0.0418331415065 31.181537 0.139862236897
226.0 32.890951 0.195149941531 31.398447 0.133100350648
227.0 32.129993 0.0577090760451 30.628792 0.0771452248598
228.0 32.299681 0.105752156816 30.806296 0.0307647533143
229.0 41.434257 0.0134028399335 40.075182 0.0872013462325
230.0 41.97237 0.0612490931946 40.622391 0.00218497647773
231.0 41.221062 0.00315132934806 39.861554 0.0123424900865
232.0 39.903378 0.189189093257 38.531847 0.135685997668
233.0 41.165984 0.122681630431 39.806922 0.108215036307
234.0 40.250508 0.0534396022129 38.882129 0.117364555926
235.0 39.123537 0.191260338035 37.743944 0.188850317613
236.0 39.849465 0.0300569689981 38.469175 0.166539992261
237.0 40.066967 0.0107487881592 38.692103 0.0883410406988
238.0 38.791835 0.00290540076709 37.399786 0.082885668604
239.0 29.21149 0.00540163370017 27.659734 0.0864921120199
240.0 29.420543 0.0325685498898 27.876395 0.0127135462191
241.0 29.946025 0.0877090926339 28.41586 0.177680020285
242.0 29.840824 0.0205668356262 28.317281 0.0294249997321
243.0 29.967881 0.132318321841 28.442411 0.191864926789
244.0 29.680349 0.0225054463657 28.157436 0.0488336668685
245.0 29.621975 0.0950893652899 28.104051 0.114933385719
246.0 29.945144 0.00864829707433 28.428103 0.131343101259
247.0 29.470012 0.0486301485555 27.948837 0.0672148715048
248.0 32.441067 0.0932059868305 30.979194 0.0947072127899
249.0 32.553676 0.0442584500925 31.091662 0.083526210107
250.0 31.424125 0.167907809288 29.962847 0.0849427945184
251.0 30.959773 0.180108831134 29.490501 0.057938381227
252.0 30.440505 0.0965809612571 28.959371 0.0266388352447
253.0 31.229689 0.0950078573406 29.763867 0.169733516928
254.0 31.210519 0.0469258236054 29.738974 0.0254418393123
255.0 37.45696 0.111059581321 36.070988 0.00679075412847
256.0 37.672254 0.10158277589 36.290018 0.108642616382
257.0 37.039188 0.179545818548 35.647934 0.0841317279694
258.0 33.719838 0.160914946783 32.278809 0.170076173334
259.0 34.338454 0.186501095168 32.902745 0.0727745897138
260.0 33.694379 0.126570525119 32.24556 0.078665797737
261.0 32.459402 0.0583967561355 30.997005 0.17256088005
262.0 33.851524 0.077831218335 32.405164 0.0834388183057
263.0 34.438777 0.0728995430581 33.000449 0.114493345849
264.0 31.007571 0.0676640034874 29.513906 0.0338739295161
265.0 31.499694 0.0589579307124 30.019039 0.155523597897
266.0 31.75611 0.173841849907 30.277471 0.0655483142277
267.0 31.871533 0.117263231738 30.38789 0.00787123434708
268.0 40.242584 0.198576659194 38.878968 0.129362844229
269.0 39.901254 0.0111004527436 38.532959 0.136702481803
270.0 39.490967 0.00467389502138 38.121815 0.0125582524147
271.0 39.615909 0.0877590029502 38.25226 0.156833052705
272.0 39.950788 0.085875949203 38.586786 0.0263998939005
273.0 38.803958 0.0370787014081 37.422751 0.1342500148
274.0 38.78221 0.14933077323 37.397508 0.00999836678972
275.0 38.17472 0.0253280838534 36.77713 0.0243929443986
276.0 35.202079 0.101986248457 33.763532 0.0191611179739
277.0 34.114242 0.148900066119 32.662647 0.165855660469
278.0 33.860065 0.0203882085859 32.399004 0.174669087382
279.0 37.443082 0.193548224036 36.03713 0.106072791538
280.0 36.788462 0.00658221566851 35.368171 0.0457887628528
281.0 36.47788 0.117944917439 35.057731 0.114353758318
282.0 36.082601 0.174766615818 34.658705 0.169802887426
283.0 35.62992 0.0167867376648 34.201925 0.186170933316
284.0 34.925586 0.0712257101246 33.495472 0.183461301158
285.0 35.393591 0.0393465358026 33.970915 0.151310967285
286.0 35.974716 0.124947707019 34.565342 0.0351642077677
287.0 35.910515 0.0146670724277 34.496675 0.0758370460665
288.0 33.787582 0.150600017358 32.345507 0.190846453108
289.0 35.06454 0.0310967762623 33.635652 0.0868409800984
290.0 34.953307 0.193391692112 33.516942 0.0303763419492
291.0 34.37276 0.0979774379911 32.924091 0.185463677313
292.0 34.697988 0.141349062233 33.252916 0.0558205946914
293.0 34.781669 0.17098884575 33.338063 0.0624858468265
294.0 34.254294 0.0871869810125 32.796487 0.13561961264
295.0 41.75683 0.0647344832466 40.399497 0.175682820628
296.0 40.595442 0.1430674686 39.231034 0.136213450356
297.0 39.596179 0.139508633135 38.22316 0.133456625803
298.0 39.304195 0.0143700725503 37.932154 0.0532235759454
299.0 39.659441 0.0814816123248 38.286804 0.177980330716
300.0 38.539865 0.0717784429169 37.151602 0.0967430386564
301.0 32.245295 0.0156908030352 30.768552 0.0157041660926
302.0 32.280116 0.0498874074467 30.808481 0.0292235095609
303.0 31.637874 0.0906679752157 30.153276 0.0931483709653
304.0 31.979007 0.154915976556 30.502679 0.18923801728
305.0 31.910081 0.0473499734762 30.434206 0.0793833416769
306.0 32.47134 0.0866983049714 31.000866 0.0576006525847
307.0 32.43789 0.182673774408 30.972768 0.181257621441
308.0 32.794697 0.0354680138912 31.339031 0.147571793606
309.0 33.915976 0.0688360402753 32.47422 0.176117685266
310.0 33.292651 0.142086811127 31.838786 0.0264144165638
311.0 33.949629 0.0317306426903 32.500388 0.111883705121
312.0 29.707024 0.0855921587813 28.160782 0.111806901531
313.0 29.16331 0.0384961020943 27.602059 0.045229498241
314.0 29.142774 0.158694460048 27.58613 0.00654800455832
315.0 29.075919 0.111733568013 27.525387 0.135486112936
316.0 28.900404 0.147743209862 27.348334 0.092609815996
317.0 28.890134 0.101627166113 27.34475 0.0711359383976
318.0 32.025246 0.160055384036 30.539277 0.16461796772
319.0 32.439428 0.0595173484182 30.960987 0.0549226582496
320.0 33.51604 0.133790944992 32.054044 0.10181004667
321.0 33.406913 0.0861463245166 31.943329 0.087704468093
322.0 30.825373 0.0692797963086 29.311984 0.0232010006975
323.0 30.274142 0.194543398677 28.756984 0.0927536977399
324.0 29.96824 0.0949230107398 28.438306 0.10771485786
325.0 29.886552 0.193345766832 28.352493 0.0649825806692
326.0 28.288408 0.197832702326 26.750679 0.0136161990937
327.0 28.286855 0.115364122034 26.755516 0.150183761881
328.0 28.727495 0.108285339248 27.213323 0.177700489838
329.0 28.256601 0.153547609814 26.737792 0.0370036891874
330.0 28.467323 0.136552300994 26.956053 0.0808204018355
331.0 28.004301 0.138007358001 26.484675 0.0270936106879
332.0 28.731747 0.0516106364215 27.229379 0.0638798171243
333.0 26.325211 0.165455119677 24.776533 0.116379330502
334.0 26.471516 0.174707856184 24.927781 0.00653275958594
335.0 26.079179 0.113132920196 24.534863 0.0370594288815
336.0 26.295561 0.12184833266 24.752768 0.168080888266
337.0 26.385035 0.133006972603 24.835792 0.17646773274
338.0 26.322747 0.136610026846 24.774711 0.0820680055354
339.0 27.449164 0.172526939995 25.914369 0.151489086122
340.0 26.701403 0.176674536289 25.15162 0.187194821619
341.0 28.30489 0.10155778966 26.785 0.0776121814858
342.0 28.293444 0.171039268944 26.765482 0.16019583471
343.0 28.765655 0.179923283245 27.253093 0.180420282744
344.0 28.025316 0.0550556216368 26.498892 0.164689611433
345.0 29.183946 0.00347132663836 27.674469 0.0293945770055
346.0 30.042891 0.000381308865337 28.544235 0.191924808875
347.0 30.420696 0.114361901843 28.935223 0.00883784605141
348.0 31.151664 0.056250333237 29.680689 0.163982028447
349.0 31.250004 0.133192303378 29.78345 0.154548568867
350.0 28.436544 0.0700776018484 26.918104 0.0451028201546
351.0 27.568854 0.169493449612 26.037114 0.160793448599
352.0 27.907827 0.0598775847044 26.386935 0.00532926074131
353.0 27.969907 0.0624723779692 26.447919 0.0919007302308
354.0 27.173073 0.191407485002 25.64202 0.134099376713
355.0 27.62908 0.151104351839 26.114624 0.177597994175
356.0 27.167624 0.158492260485 25.641786 0.160869378577
357.0 27.072254 0.0771097431855 25.539649 0.151848529507
358.0 26.982415 0.121936974188 25.445776 0.0020032040401
359.0 30.908806 0.181007152685 29.444249 0.113471634738
360.0 31.914764 0.047921986244 30.464979 0.181682154317
361.0 33.050227 0.0960485801084 31.614577 0.0926795435392
362.0 33.704131 0.089150766413 32.276118 0.150001776931
363.0 34.102773 0.0328481924068 32.676887 0.191836294355
364.0 34.978304 0.00531354515349 33.562983 0.123183463869
365.0 35.224422 0.116137038161 33.811164 0.179710644625
366.0 33.984494 0.013557397708 32.558742 0.148109355247
367.0 34.340581 0.124873857166 32.917687 0.152729973833
368.0 35.25369 0.160344165526 33.842314 0.0277899224132
369.0 31.599792 0.0295765892872 30.128214 0.000804278160609
370.0 32.210653 0.178966875946 30.742967 0.148081940008
371.0 32.312033 0.145144662152 30.849847 0.159787441481
372.0 32.71538 0.193535521873 31.256133 0.093833057867
373.0 32.566554 0.083990349824 31.106518 0.022889504892
374.0 32.71053 0.182104697627 31.255511 0.0052808582488
375.0 29.174373 0.0502296247658 27.659212 0.0177141723869
376.0 28.166659 0.00180588952138 26.636725 0.173832425739
377.0 28.076067 0.140863907769 26.543691 0.107892554111
378.0 29.074886 0.049154123292 27.558862 0.163791405741
379.0 28.397844 0.176164035177 26.865217 0.196085662291
380.0 28.962224 0.102023216651 27.435334 0.0389000347197
381.0 28.473248 0.16715626508 26.934597 0.120361750033
382.0 28.088295 0.0376064545889 26.546844 0.174738009611
383.0 28.333959 0.126684111357 26.800942 0.0827062493305
384.0 28.236838 0.0518645989876 26.696468 0.158489018813
385.0 27.757439 0.0120814062294 26.20962 0.172661185194
386.0 27.824769 0.132684831556 26.270946 0.0116954221001
387.0 34.490257 0.0712436091866 33.058948 0.0685600163622
388.0 33.987433 0.0918704108921 32.549458 0.141197884641
389.0 35.290018 0.0694961969558 33.868756 0.00271796834143
390.0 36.340624 0.0796321459689 34.935151 0.0855196609048
391.0 35.643376 0.0232545203788 34.232418 0.0877391379826
392.0 35.999233 0.128376553473 34.592543 0.172281454348
393.0 36.022738 0.148728904985 34.620845 0.061115609307
394.0 36.008476 0.0638841157975 34.609476 0.115341460259
395.0 36.453592 0.0160377635046 35.064792 0.012301349673
396.0 35.093629 0.114442112989 33.688709 0.0998744071025
397.0 33.962527 0.125044076678 32.544113 0.0654503282607
398.0 36.113717 0.0756601146938 34.72686 0.108905764355
399.0 36.584992 0.177138752366 35.199336 0.167436148326
400.0 35.26979 0.182012381395 33.869248 0.134879262623
401.0 36.087645 0.118739262579 34.699904 3.20434879794e-05
402.0 35.431635 0.105802427976 34.039851 0.189499225006
403.0 34.195987 0.0720509857486 32.791145 0.0280607516731
404.0 37.024915 0.197514178343 35.652899 0.0632462808185
405.0 37.814613 0.191896485183 36.44843 0.0899748143759
406.0 37.598561 0.118492913358 36.230506 0.150909536448
407.0 36.685057 0.0112656903247 35.301169 0.040724720884
408.0 37.487413 0.0997062100253 36.113916 0.0618220200734
409.0 39.166114 0.142091691823 37.809375 0.184131118155
410.0 38.546035 0.170855612361 37.176814 0.174381993812
411.0 38.752601 0.143717638909 37.389551 0.114553891419
412.0 37.595344 0.0787400192432 36.222061 0.0229782437176
413.0 29.682118 0.0748674099546 28.193763 0.0319657117749
414.0 29.44176 0.166416930822 27.951303 0.161269207827
415.0 28.933645 0.165520955552 27.430904 0.000953429527946
416.0 28.574757 0.118042693504 27.061295 0.079600177029
417.0 28.139676 0.0271485853136 26.617481 0.00143123657966
418.0 28.18033 0.0836705813633 26.659369 0.194893926668
419.0 28.349008 0.152425641026 26.824469 0.162906755175
420.0 28.436164 0.188682418844 26.915721 0.061026550915
421.0 29.135211 0.039068480286 27.63319 0.184558949176
422.0 31.180443 0.0246785194609 29.691337 0.118169633946
423.0 31.556275 0.196994342638 30.071778 0.0616046914143
424.0 30.652342 0.135299500749 29.15413 0.109346869907
425.0 30.542611 0.085632380108 29.04918 0.0432709605296
426.0 38.493415 0.0448869278897 37.119085 0.185543819825
427.0 38.999355 0.0200024091991 37.63624 0.0836344816686
428.0 40.2124 0.108639644093 38.863613 0.0815082251137
429.0 33.187528 0.0711390819708 31.744144 0.059547259778
430.0 33.716219 0.134244464674 32.277753 0.0217653660114
431.0 32.701456 0.142542546264 31.250183 0.00163715237241
432.0 39.001691 0.134406449719 37.637634 0.0651018347357
433.0 39.971448 0.189012456919 38.619627 0.185472739668
434.0 41.203164 0.0855281262781 39.848137 0.101600315184
435.0 41.828889 0.0852371807702 40.478473 0.0507286817927
436.0 29.036986 0.104746454525 27.489728 0.131006208507
437.0 28.392377 0.135844190836 26.836786 0.0802294001095
438.0 28.427161 0.0970257333569 26.876135 0.196196104584
439.0 28.372976 0.00214347153381 26.829844 0.126064806565
440.0 33.622449 0.102639625614 32.174097 0.137509347202
441.0 33.14421 0.178393725813 31.688268 0.0173601827093
442.0 33.195916 0.191650191594 31.736951 0.0763615649212
443.0 33.243403 0.0824046474841 31.781455 0.142318667112
444.0 34.054947 0.0696901802784 32.600572 0.000267758273338
445.0 33.106681 0.00434584143958 31.642791 0.117613050765
446.0 33.989879 0.0151172135539 32.53615 0.155082702347
447.0 33.963478 0.163613428877 32.508211 0.0276742909296
448.0 33.376292 0.0712352673766 31.914988 0.132299050705
449.0 31.209653 0.0739675724218 29.710796 0.195517738064
450.0 32.323435 0.0794423582074 30.835029 0.0467403303068
451.0 31.876417 0.177534134415 30.378244 0.0112562336575
452.0 31.393038 0.0956788959226 29.890116 0.129325647885
453.0 30.691641 0.155815508968 29.17894 0.123484525988
454.0 29.972438 0.0307281976528 28.450329 0.108992463688
455.0 30.441387 0.123535406903 28.932407 0.0663590734315
456.0 30.361443 0.104421772438 28.851395 0.187843333558
457.0 30.742766 0.0681466240273 29.244458 0.0212251432352
458.0 30.131241 0.121633533386 28.622812 0.180965574045
459.0 29.543567 0.135099282735 28.023881 0.0316849942786
460.0 30.350956 0.130741188919 28.846731 0.0889979879969
461.0 30.602421 0.0333504446433 29.1065 0.0755075654588
462.0 35.426146 0.0831159159801 34.009879 0.0649928712423
463.0 36.214868 0.0490804261845 34.810633 0.152884158075
464.0 37.344218 0.180178065495 35.953285 0.0598991648495
465.0 36.247208 0.0153668729824 34.84563 0.0158854662012
466.0 36.151622 0.119735253935 34.745487 0.0285081411996
467.0 34.951241 0.0778204962414 33.525474 0.183616975228
468.0 35.089194 0.0133399141348 33.664023 0.107370496708
469.0 34.793709 0.191424966074 33.368039 0.0535619982733
470.0 35.487371 0.191597762716 34.070794 0.116871209681
471.0 36.380263 0.0970741658703 34.978687 0.0064472915729
472.0 37.892645 0.126767188137 36.508312 0.0420697743689
473.0 38.16547 0.127366973665 36.784466 0.0274803924514
474.0 37.680969 0.139775417442 36.290786 0.0219150021712
475.0 38.456521 0.0898269469389 37.072236 0.156801734958
476.0 37.902015 0.0373191331652 36.509863 0.17478126037
477.0 32.336886 0.178040014354 30.85886 0.153572199942
478.0 31.673316 0.0476296318217 30.179011 0.0862308153644
479.0 30.734525 0.170609788799 29.22568 0.0656762625364
480.0 31.596277 0.0114194925714 30.102801 0.120180277186
481.0 31.44936 0.0217092907096 29.957107 0.0383464688206
482.0 31.159925 0.140203847029 29.659128 0.139412787385
483.0 31.084507 0.0788521560443 29.585792 0.0649014781281
484.0 30.562028 0.135687631676 29.073511 0.0514279484371
485.0 27.811434 0.112075685412 26.268473 0.027652676634
486.0 27.557803 0.1249648071 26.014765 0.0483297874834
487.0 26.978882 0.179224663557 25.425165 0.0766558242047
488.0 26.958057 0.11542804961 25.403758 0.024117423581
489.0 26.807983 0.0113461797213 25.251189 0.0105408517674
490.0 26.453804 0.102105803401 24.895138 0.0326346281949
491.0 26.793765 0.0971400070425 25.240105 0.152008669187
492.0 27.532677 0.116285840102 25.987814 0.139772106015
493.0 37.658478 0.112756650416 36.27935 0.0542261929136
494.0 38.280938 0.177872094798 36.90492 0.118261155044
495.0 37.383987 0.172184539398 35.99874 0.116039483899
496.0 33.526544 0.132573135936 32.082352 0.0752464129167
497.0 33.45292 0.173025476709 32.003608 0.124518512119
498.0 33.31005 0.100864524246 31.852477 0.0774084953182
499.0 35.688465 0.0378212201509 34.271736 0.126070096613
500.0 35.284128 0.134246858674 33.852061 0.0972324426575
