-91.2414493711 0.0
-91.1501622782 0.0
-91.0588751852 0.0
-90.9675880923 0.0
-90.8763009994 0.0
-90.7850139065 0.0
-90.6937268136 0.0
-90.6024397206 0.0
-90.5111526277 0.0
-90.4198655348 0.0
-90.3285784419 0.0
-90.237291349 0.0
-90.1460042561 0.0
-90.0547171631 0.0
-89.9634300702 0.0
-89.8721429773 0.0
-89.7808558844 0.0
-89.6895687915 0.0
-89.5982816986 0.0
-89.5069946056 0.0
-89.4157075127 0.0
-89.3244204198 0.0
-89.2331333269 0.0
-89.141846234 0.0
-89.050559141 0.0
-88.9592720481 0.0
-88.8679849552 0.0
-88.7766978623 0.0
-88.6854107694 0.0
-88.5941236765 0.0
-88.5028365835 0.0
-88.4115494906 0.0
-88.3202623977 0.0
-88.2289753048 0.0
-88.1376882119 0.0
-88.046401119 0.0
-87.955114026 0.0
-87.8638269331 0.0
-87.7725398402 0.0
-87.6812527473 0.0
-87.5899656544 0.0
-87.4986785615 0.0
-87.4073914685 0.0
-87.3161043756 0.0
-87.2248172827 0.0
-87.1335301898 0.0
-87.0422430969 0.0
-86.9509560039 0.0
-86.859668911 0.0
-86.7683818181 0.0
-86.6770947252 0.0
-86.5858076323 0.0
-86.4945205394 0.0
-86.4032334464 0.0
-86.3119463535 0.0
-86.2206592606 0.0
-86.1293721677 0.0
-86.0380850748 0.0
-85.9467979819 0.0
-85.8555108889 0.0
-85.764223796 0.0
-85.6729367031 0.0
-85.5816496102 0.0
-85.4903625173 0.0
-85.3990754243 0.0
-85.3077883314 0.0
-85.2165012385 0.0
-85.1252141456 0.0
-85.0339270527 0.0
-84.9426399598 0.0
-84.8513528668 0.0
-84.7600657739 0.0
-84.668778681 0.0
-84.5774915881 0.0
-84.4862044952 0.0
-84.3949174023 0.0
-84.3036303093 0.0
-84.2123432164 0.0
-84.1210561235 0.0
-84.0297690306 0.0
-83.9384819377 0.0
-83.8471948447 0.0
-83.7559077518 0.0
-83.6646206589 0.0
-83.573333566 0.0
-83.4820464731 0.0
-83.3907593802 0.0
-83.2994722872 0.0
-83.2081851943 0.0
-83.1168981014 0.0
-83.0256110085 0.0
-82.9343239156 0.0
-82.8430368227 0.0
-82.7517497297 0.0
-82.6604626368 0.0
-82.5691755439 0.0
-82.477888451 0.0
-82.3866013581 0.0
-82.2953142652 0.0
-82.2040271722 0.0
-82.1127400793 0.0
-82.0214529864 0.0
-81.9301658935 0.0
-81.8388788006 0.0
-81.7475917076 0.0
-81.6563046147 0.0
-81.5650175218 0.0
-81.4737304289 0.0
-81.382443336 0.0
-81.2911562431 0.0
-81.1998691501 0.0
-81.1085820572 0.0
-81.0172949643 0.0
-80.9260078714 0.0
-80.8347207785 0.0
-80.7434336856 0.0
-80.6521465926 0.0
-80.5608594997 0.0
-80.4695724068 0.0
-80.3782853139 0.0
-80.286998221 0.0
-80.195711128 0.0
-80.1044240351 0.0
-80.0131369422 0.0
-79.9218498493 0.0
-79.8305627564 0.0
-79.7392756635 0.0
-79.6479885705 0.0
-79.5567014776 0.0
-79.4654143847 0.0
-79.3741272918 0.0
-79.2828401989 0.0
-79.191553106 0.0
-79.100266013 0.0
-79.0089789201 0.0
-78.9176918272 0.0
-78.8264047343 0.0
-78.7351176414 0.0
-78.6438305485 0.0
-78.5525434555 0.0
-78.4612563626 0.0
-78.3699692697 0.0
-78.2786821768 0.0
-78.1873950839 0.0
-78.0961079909 0.0
-78.004820898 0.0
-77.9135338051 0.0
-77.8222467122 0.0
-77.7309596193 0.0
-77.6396725264 0.0
-77.5483854334 0.0
-77.4570983405 0.0
-77.3658112476 0.0
-77.2745241547 0.0
-77.1832370618 0.0
-77.0919499689 0.0
-77.0006628759 0.0
-76.909375783 0.0
-76.8180886901 0.0
-76.7268015972 0.0
-76.6355145043 0.0
-76.5442274113 0.0
-76.4529403184 0.0
-76.3616532255 0.0
-76.2703661326 0.0
-76.1790790397 0.0
-76.0877919468 0.0
-75.9965048538 0.0
-75.9052177609 0.0
-75.813930668 0.0
-75.7226435751 0.0
-75.6313564822 0.0
-75.5400693893 0.0
-75.4487822963 0.0
-75.3574952034 0.0
-75.2662081105 0.0
-75.1749210176 0.0
-75.0836339247 0.0
-74.9923468317 0.0
-74.9010597388 0.0
-74.8097726459 0.0
-74.718485553 0.0
-74.6271984601 0.0
-74.5359113672 0.0
-74.4446242742 0.0
-74.3533371813 0.0
-74.2620500884 0.0
-74.1707629955 0.0
-74.0794759026 0.0
-73.9881888097 0.0
-73.8969017167 0.0
-73.8056146238 0.0
-73.7143275309 0.0
-73.623040438 0.0
-73.5317533451 0.0
-73.4404662522 0.0
-73.3491791592 0.0
-73.2578920663 0.0
-73.1666049734 0.0
-73.0753178805 0.0
-72.9840307876 0.0
-72.8927436946 0.0
-72.8014566017 0.0
-72.7101695088 0.0
-72.6188824159 0.0
-72.527595323 0.0
-72.4363082301 0.0
-72.3450211371 0.0
-72.2537340442 0.0
-72.1624469513 0.0
-72.0711598584 0.0
-71.9798727655 0.0
-71.8885856726 0.0
-71.7972985796 0.0
-71.7060114867 0.0
-71.6147243938 0.0
-71.5234373009 0.0
-71.432150208 0.0
-71.340863115 0.0
-71.2495760221 0.0
-71.1582889292 0.0
-71.0670018363 0.0
-70.9757147434 0.0
-70.8844276505 0.0
-70.7931405575 0.0
-70.7018534646 0.0
-70.6105663717 0.0
-70.5192792788 0.0
-70.4279921859 0.0
-70.336705093 0.0
-70.245418 0.0
-70.1541309071 0.0
-70.0628438142 0.0
-69.9715567213 0.0
-69.8802696284 0.0
-69.7889825354 0.0
-69.6976954425 0.0
-69.6064083496 0.0
-69.5151212567 0.0
-69.4238341638 0.0
-69.3325470709 0.0
-69.2412599779 0.0
-69.149972885 0.0
-69.0586857921 0.0
-68.9673986992 0.0
-68.8761116063 0.0
-68.7848245134 0.0
-68.6935374204 0.0
-68.6022503275 0.0
-68.5109632346 0.0
-68.4196761417 0.0
-68.3283890488 0.0
-68.2371019559 0.0
-68.1458148629 0.0
-68.05452777 0.0
-67.9632406771 0.0
-67.8719535842 0.0
-67.7806664913 0.0
-67.6893793983 0.0
-67.5980923054 0.0
-67.5068052125 0.0
-67.4155181196 0.0
-67.3242310267 0.0
-67.2329439338 0.0
-67.1416568408 0.0
-67.0503697479 0.0
-66.959082655 0.0
-66.8677955621 0.0
-66.7765084692 0.0
-66.6852213763 0.0
-66.5939342833 0.0
-66.5026471904 0.0
-66.4113600975 0.0
-66.3200730046 0.0
-66.2287859117 0.0
-66.1374988187 0.0
-66.0462117258 0.0
-65.9549246329 0.0
-65.86363754 0.0
-65.7723504471 0.0
-65.6810633542 0.0
-65.5897762612 0.0
-65.4984891683 0.0
-65.4072020754 0.0
-65.3159149825 0.0
-65.2246278896 0.0
-65.1333407967 0.0
-65.0420537037 0.0
-64.9507666108 0.0
-64.8594795179 0.0
-64.768192425 0.0
-64.6769053321 0.0
-64.5856182392 0.0
-64.4943311462 0.0
-64.4030440533 0.0
-64.3117569604 0.0
-64.2204698675 0.0
-64.1291827746 0.0
-64.0378956816 0.0
-63.9466085887 0.0
-63.8553214958 0.0
-63.7640344029 0.0
-63.67274731 0.0
-63.5814602171 0.0
-63.4901731241 0.0
-63.3988860312 0.0
-63.3075989383 0.0
-63.2163118454 0.0
-63.1250247525 0.0
-63.0337376596 0.0
-62.9424505666 0.0
-62.8511634737 0.0
-62.7598763808 0.0
-62.6685892879 0.0
-62.577302195 0.0
-62.486015102 0.0
-62.3947280091 0.0
-62.3034409162 0.0
-62.2121538233 0.0
-62.1208667304 0.0
-62.0295796375 0.0
-61.9382925445 0.0
-61.8470054516 0.0
-61.7557183587 0.0
-61.6644312658 0.0
-61.5731441729 0.0
-61.48185708 0.0
-61.390569987 0.0
-61.2992828941 0.0
-61.2079958012 0.0
-61.1167087083 0.0
-61.0254216154 0.0
-60.9341345224 0.0
-60.8428474295 0.0
-60.7515603366 0.0
-60.6602732437 0.0
-60.5689861508 0.0
-60.4776990579 0.0
-60.3864119649 0.0
-60.295124872 0.0
-60.2038377791 0.0
-60.1125506862 0.0
-60.0212635933 0.0
-59.9299765004 0.0
-59.8386894074 0.0
-59.7474023145 0.0
-59.6561152216 0.0
-59.5648281287 0.0
-59.4735410358 0.0
-59.3822539429 0.0
-59.2909668499 0.0
-59.199679757 0.0
-59.1083926641 0.0
-59.0171055712 0.0
-58.9258184783 0.0
-58.8345313853 0.0
-58.7432442924 0.0
-58.6519571995 0.0
-58.5606701066 0.0
-58.4693830137 0.0
-58.3780959208 0.0
-58.2868088278 0.0
-58.1955217349 0.0
-58.104234642 0.0
-58.0129475491 0.0
-57.9216604562 0.0
-57.8303733633 0.0
-57.7390862703 0.0
-57.6477991774 0.0
-57.5565120845 0.0
-57.4652249916 0.0
-57.3739378987 0.0
-57.2826508057 0.0
-57.1913637128 0.0
-57.1000766199 0.0
-57.008789527 0.0
-56.9175024341 0.0
-56.8262153412 0.0
-56.7349282482 0.0
-56.6436411553 0.0
-56.5523540624 0.0
-56.4610669695 0.0
-56.3697798766 0.0
-56.2784927837 0.0
-56.1872056907 0.0
-56.0959185978 0.0
-56.0046315049 0.0
-55.913344412 0.0
-55.8220573191 0.0
-55.7307702262 0.0
-55.6394831332 0.0
-55.5481960403 0.0
-55.4569089474 0.0
-55.3656218545 0.0
-55.2743347616 0.0
-55.1830476686 0.0
-55.0917605757 0.0
-55.0004734828 0.0
-54.9091863899 0.0
-54.817899297 0.0
-54.7266122041 0.0
-54.6353251111 0.0
-54.5440380182 0.0
-54.4527509253 0.0
-54.3614638324 0.0
-54.2701767395 0.0
-54.1788896466 0.0
-54.0876025536 0.0
-53.9963154607 0.0
-53.9050283678 0.0
-53.8137412749 0.0
-53.722454182 0.0
-53.631167089 0.0
-53.5398799961 0.0
-53.4485929032 0.0
-53.3573058103 0.0
-53.2660187174 0.0
-53.1747316245 0.0
-53.0834445315 0.0
-52.9921574386 0.0
-52.9008703457 0.0
-52.8095832528 0.0
-52.7182961599 0.0
-52.627009067 0.0
-52.535721974 0.0
-52.4444348811 0.0
-52.3531477882 0.0
-52.2618606953 0.0
-52.1705736024 0.0
-52.0792865094 0.0
-51.9879994165 0.0
-51.8967123236 0.0
-51.8054252307 0.0
-51.7141381378 0.0
-51.6228510449 0.0
-51.5315639519 0.0
-51.440276859 0.0
-51.3489897661 0.0
-51.2577026732 0.0
-51.1664155803 0.0
-51.0751284874 0.0
-50.9838413944 0.0
-50.8925543015 0.0
-50.8012672086 0.0
-50.7099801157 0.0
-50.6186930228 0.0
-50.5274059299 0.0
-50.4361188369 0.0
-50.344831744 0.0
-50.2535446511 0.0
-50.1622575582 0.0
-50.0709704653 0.0
-49.9796833723 0.0
-49.8883962794 0.0
-49.7971091865 0.0
-49.7058220936 0.0
-49.6145350007 0.0
-49.5232479078 0.0
-49.4319608148 0.0
-49.3406737219 0.0
-49.249386629 0.0
-49.1580995361 0.0
-49.0668124432 0.0
-48.9755253503 0.0
-48.8842382573 0.0
-48.7929511644 0.0
-48.7016640715 0.0
-48.6103769786 0.0
-48.5190898857 0.0
-48.4278027927 0.0
-48.3365156998 0.0
-48.2452286069 0.0
-48.153941514 0.0
-48.0626544211 0.0
-47.9713673282 0.0
-47.8800802352 0.0
-47.7887931423 0.0
-47.6975060494 0.0
-47.6062189565 0.0
-47.5149318636 0.0
-47.4236447707 0.0
-47.3323576777 0.0
-47.2410705848 0.0
-47.1497834919 0.0
-47.058496399 0.0
-46.9672093061 0.0
-46.8759222132 0.0
-46.7846351202 0.0
-46.6933480273 0.0
-46.6020609344 0.0
-46.5107738415 0.0
-46.4194867486 0.0
-46.3281996556 0.0
-46.2369125627 0.0
-46.1456254698 0.0
-46.0543383769 0.0
-45.963051284 0.0
-45.8717641911 0.0
-45.7804770981 0.0
-45.6891900052 0.0
-45.5979029123 0.0
-45.5066158194 0.0
-45.4153287265 0.0
-45.3240416336 0.0
-45.2327545406 0.0
-45.1414674477 0.0
-45.0501803548 0.0
-44.9588932619 0.0
-44.867606169 0.0
-44.776319076 0.0
-44.6850319831 0.0
-44.5937448902 0.0
-44.5024577973 0.0
-44.4111707044 0.0
-44.3198836115 0.0
-44.2285965185 0.0
-44.1373094256 0.0
-44.0460223327 0.0
-43.9547352398 0.0
-43.8634481469 0.0
-43.772161054 0.0
-43.680873961 0.0
-43.5895868681 0.0
-43.4982997752 0.0
-43.4070126823 0.0
-43.3157255894 0.0
-43.2244384964 0.0
-43.1331514035 0.0
-43.0418643106 0.0
-42.9505772177 0.0
-42.8592901248 0.0
-42.7680030319 0.0
-42.6767159389 0.0
-42.585428846 0.0
-42.4941417531 0.0
-42.4028546602 0.0
-42.3115675673 0.0
-42.2202804744 0.0
-42.1289933814 0.0
-42.0377062885 0.0
-41.9464191956 0.0
-41.8551321027 0.0
-41.7638450098 0.0
-41.6725579169 0.0
-41.5812708239 0.0
-41.489983731 0.0
-41.3986966381 0.0
-41.3074095452 0.0
-41.2161224523 0.0
-41.1248353593 0.0
-41.0335482664 0.0
-40.9422611735 0.0
-40.8509740806 0.0
-40.7596869877 0.0
-40.6683998948 0.0
-40.5771128018 0.0
-40.4858257089 0.0
-40.394538616 0.0
-40.3032515231 0.0
-40.2119644302 0.0
-40.1206773373 0.0
-40.0293902443 0.0
-39.9381031514 0.0
-39.8468160585 0.0
-39.7555289656 0.0
-39.6642418727 0.0
-39.5729547797 0.0
-39.4816676868 0.0
-39.3903805939 0.0
-39.299093501 0.0
-39.2078064081 0.0
-39.1165193152 0.0
-39.0252322222 0.0
-38.9339451293 0.0
-38.8426580364 0.0
-38.7513709435 0.0
-38.6600838506 0.0
-38.5687967577 0.0
-38.4775096647 0.0
-38.3862225718 0.0
-38.2949354789 0.0
-38.203648386 0.0
-38.1123612931 0.0
-38.0210742002 0.0
-37.9297871072 0.0
-37.8385000143 0.0
-37.7472129214 0.0
-37.6559258285 0.0
-37.5646387356 0.0
-37.4733516426 0.0
-37.3820645497 0.0
-37.2907774568 0.0
-37.1994903639 0.0
-37.108203271 0.0
-37.0169161781 0.0
-36.9256290851 0.0
-36.8343419922 0.0
-36.7430548993 0.0
-36.6517678064 0.0
-36.5604807135 0.0
-36.4691936206 0.0
-36.3779065276 0.0
-36.2866194347 0.0
-36.1953323418 0.0
-36.1040452489 0.0
-36.012758156 0.0
-35.921471063 0.0
-35.8301839701 0.0
-35.7388968772 0.0
-35.6476097843 0.0
-35.5563226914 0.0
-35.4650355985 0.0
-35.3737485055 0.0
-35.2824614126 0.0
-35.1911743197 0.0
-35.0998872268 0.0
-35.0086001339 0.0
-34.917313041 0.0
-34.826025948 0.0
-34.7347388551 0.0
-34.6434517622 0.0
-34.5521646693 0.0
-34.4608775764 0.0
-34.3695904834 0.0
-34.2783033905 0.0
-34.1870162976 0.0
-34.0957292047 0.0
-34.0044421118 0.0
-33.9131550189 0.0
-33.8218679259 0.0
-33.730580833 0.0
-33.6392937401 0.0
-33.5480066472 0.0
-33.4567195543 0.0
-33.3654324614 0.0
-33.2741453684 0.0
-33.1828582755 0.0
-33.0915711826 0.0
-33.0002840897 0.0
-32.9089969968 0.0
-32.8177099039 0.0
-32.7264228109 0.0
-32.635135718 0.0
-32.5438486251 0.0
-32.4525615322 0.0
-32.3612744393 0.0
-32.2699873463 0.0
-32.1787002534 0.0
-32.0874131605 0.0
-31.9961260676 0.0
-31.9048389747 0.0
-31.8135518818 0.0
-31.7222647888 0.0
-31.6309776959 0.0
-31.539690603 0.0
-31.4484035101 0.0
-31.3571164172 0.0
-31.2658293243 0.0
-31.1745422313 0.0
-31.0832551384 0.0
-30.9919680455 0.0
-30.9006809526 0.0
-30.8093938597 0.0
-30.7181067667 0.0
-30.6268196738 0.0
-30.5355325809 0.0
-30.444245488 0.0
-30.3529583951 0.0
-30.2616713022 0.0
-30.1703842092 0.0
-30.0790971163 0.0
-29.9878100234 0.0
-29.8965229305 0.0
-29.8052358376 0.0
-29.7139487447 0.0
-29.6226616517 0.0
-29.5313745588 0.0
-29.4400874659 0.0
-29.348800373 0.0
-29.2575132801 0.0
-29.1662261872 0.0
-29.0749390942 0.0
-28.9836520013 0.0
-28.8923649084 0.0
-28.8010778155 0.0
-28.7097907226 0.0
-28.6185036296 0.0
-28.5272165367 0.0
-28.4359294438 0.0
-28.3446423509 0.0
-28.253355258 0.0
-28.1620681651 0.0
-28.0707810721 0.0
-27.9794939792 0.0
-27.8882068863 0.0
-27.7969197934 0.0
-27.7056327005 0.0
-27.6143456076 0.0
-27.5230585146 0.0
-27.4317714217 0.0
-27.3404843288 0.0
-27.2491972359 0.0
-27.157910143 0.0
-27.06662305 0.0
-26.9753359571 0.0
-26.8840488642 0.0
-26.7927617713 0.0
-26.7014746784 0.0
-26.6101875855 0.0
-26.5189004925 0.0
-26.4276133996 0.0
-26.3363263067 0.0
-26.2450392138 0.0
-26.1537521209 0.0
-26.062465028 0.0
-25.971177935 0.0
-25.8798908421 0.0
-25.7886037492 0.0
-25.6973166563 0.0
-25.6060295634 0.0
-25.5147424704 0.0
-25.4234553775 0.0
-25.3321682846 0.0
-25.2408811917 0.0
-25.1495940988 0.0
-25.0583070059 0.0
-24.9670199129 0.0
-24.87573282 0.0
-24.7844457271 0.0
-24.6931586342 0.0
-24.6018715413 0.0
-24.5105844484 0.0
-24.4192973554 0.0
-24.3280102625 0.0
-24.2367231696 0.0
-24.1454360767 0.0
-24.0541489838 0.0
-23.9628618909 0.0
-23.8715747979 0.0
-23.780287705 0.0
-23.6890006121 0.0
-23.5977135192 0.0
-23.5064264263 0.0
-23.4151393333 0.0
-23.3238522404 0.0
-23.2325651475 0.0
-23.1412780546 0.0
-23.0499909617 0.0
-22.9587038688 0.0
-22.8674167758 0.0
-22.7761296829 0.0
-22.68484259 0.0
-22.5935554971 0.0
-22.5022684042 0.0
-22.4109813113 0.0
-22.3196942183 0.0
-22.2284071254 0.0
-22.1371200325 0.0
-22.0458329396 0.0
-21.9545458467 0.0
-21.8632587537 0.0
-21.7719716608 0.0
-21.6806845679 0.0
-21.589397475 0.0
-21.4981103821 0.0
-21.4068232892 0.0
-21.3155361962 0.0
-21.2242491033 0.0
-21.1329620104 0.0
-21.0416749175 0.0
-20.9503878246 0.0
-20.8591007317 0.0
-20.7678136387 0.0
-20.6765265458 0.0
-20.5852394529 0.0
-20.49395236 0.0
-20.4026652671 0.0
-20.3113781741 0.0
-20.2200910812 0.0
-20.1288039883 0.0
-20.0375168954 0.0
-19.9462298025 0.0
-19.8549427096 0.0
-19.7636556166 0.0
-19.6723685237 0.0
-19.5810814308 0.0
-19.4897943379 0.0
-19.398507245 0.0
-19.3072201521 0.0
-19.2159330591 0.0
-19.1246459662 0.0
-19.0333588733 0.0
-18.9420717804 0.0
-18.8507846875 0.0
-18.7594975946 0.0
-18.6682105016 0.0
-18.5769234087 0.0
-18.4856363158 0.0
-18.3943492229 0.0
-18.30306213 0.0
-18.211775037 0.0
-18.1204879441 0.0
-18.0292008512 0.0
-17.9379137583 0.0
-17.8466266654 0.0
-17.7553395725 0.0
-17.6640524795 0.0
-17.5727653866 0.0
-17.4814782937 0.0
-17.3901912008 0.0
-17.2989041079 0.0
-17.207617015 0.0
-17.116329922 0.0
-17.0250428291 0.0
-16.9337557362 0.0
-16.8424686433 0.0
-16.7511815504 0.0
-16.6598944574 0.0
-16.5686073645 0.0
-16.4773202716 0.0
-16.3860331787 0.0
-16.2947460858 0.0
-16.2034589929 0.0
-16.1121718999 0.0
-16.020884807 0.0
-15.9295977141 0.0
-15.8383106212 0.0
-15.7470235283 0.0
-15.6557364354 0.0
-15.5644493424 0.0
-15.4731622495 0.0
-15.3818751566 0.0
-15.2905880637 0.0
-15.1993009708 0.0
-15.1080138779 0.0
-15.0167267849 0.0
-14.925439692 0.0
-14.8341525991 0.0
-14.7428655062 0.0
-14.6515784133 0.0
-14.5602913203 0.0
-14.4690042274 0.0
-14.3777171345 0.0
-14.2864300416 0.0
-14.1951429487 0.0
-14.1038558558 0.0
-14.0125687628 0.0
-13.9212816699 0.0
-13.829994577 0.0
-13.7387074841 0.0
-13.6474203912 0.0
-13.5561332983 0.0
-13.4648462053 0.0
-13.3735591124 0.0
-13.2822720195 0.0
-13.1909849266 0.0
-13.0996978337 0.0
-13.0084107407 0.0
-12.9171236478 0.0
-12.8258365549 0.0
-12.734549462 0.0
-12.6432623691 0.0
-12.5519752762 0.0
-12.4606881832 0.0
-12.3694010903 0.0
-12.2781139974 0.0
-12.1868269045 0.0
-12.0955398116 0.0
-12.0042527187 0.0
-11.9129656257 0.0
-11.8216785328 0.0
-11.7303914399 0.0
-11.639104347 0.0
-11.5478172541 0.0
-11.4565301611 0.0
-11.3652430682 0.0
-11.2739559753 0.0
-11.1826688824 0.0
-11.0913817895 0.0
-11.0000946966 0.0
-10.9088076036 0.0
-10.8175205107 0.0
-10.7262334178 0.0
-10.6349463249 0.0
-10.543659232 0.0
-10.4523721391 0.0
-10.3610850461 0.0
-10.2697979532 0.0
-10.1785108603 0.0
-10.0872237674 0.0
-9.99593667447 0.0
-9.90464958155 0.0
-9.81336248863 0.0
-9.72207539572 0.0
-9.6307883028 0.0
-9.53950120988 0.0
-9.44821411696 0.0
-9.35692702405 0.0
-9.26563993113 0.0
-9.17435283821 0.0
-9.08306574529 0.0
-8.99177865238 0.0
-8.90049155946 0.0
-8.80920446654 0.0
-8.71791737362 0.0
-8.62663028071 0.0
-8.53534318779 0.0
-8.44405609487 0.0
-8.35276900195 0.0
-8.26148190904 0.0
-8.17019481612 0.0
-8.0789077232 0.0
-7.98762063028 0.0
-7.89633353737 0.0
-7.80504644445 0.0
-7.71375935153 0.0
-7.62247225861 0.0
-7.5311851657 0.0
-7.43989807278 0.0
-7.34861097986 0.0
-7.25732388694 0.0
-7.16603679403 0.0
-7.07474970111 0.0
-6.98346260819 0.0
-6.89217551527 0.0
-6.80088842236 0.0
-6.70960132944 0.0
-6.61831423652 0.0
-6.5270271436 0.0
-6.43574005069 0.0
-6.34445295777 0.0
-6.25316586485 0.0
-6.16187877193 0.0
-6.07059167902 0.0
-5.9793045861 0.0
-5.88801749318 0.0
-5.79673040026 0.0
-5.70544330735 0.0
-5.61415621443 0.0
-5.52286912151 0.0
-5.43158202859 0.0
-5.34029493568 0.0
-5.24900784276 0.0
-5.15772074984 0.0
-5.06643365692 0.0
-4.97514656401 0.0
-4.88385947109 0.0
-4.79257237817 0.0
-4.70128528525 0.0
-4.60999819234 0.0
-4.51871109942 0.0
-4.4274240065 0.0
-4.33613691358 0.0
-4.24484982067 0.0
-4.15356272775 0.0
-4.06227563483 0.0
-3.97098854191 0.0
-3.87970144899 0.0
-3.78841435608 3.87298334621e-07
-3.69712726316 0.0
-3.60584017024 1.74284250579e-06
-3.51455307732 2.13014084041e-06
-3.42326598441 4.45393084814e-06
-3.33197889149 9.2951600309e-06
-3.24069179857 1.72347758906e-05
-3.14940470565 2.94346734312e-05
-3.05811761274 6.09994877028e-05
-2.96683051982 0.000103408655344
-2.8755434269 0.000183966708945
-2.78425633398 0.000326298846918
-2.69296924107 0.000534859000111
-2.60168214815 0.000886913186281
-2.51039505523 0.00141441351803
-2.41910796231 0.00231255835602
-2.3278208694 0.00359335394861
-2.23653377648 0.00548685550657
-2.14524668356 0.00833601570521
-2.05395959064 0.0124919204849
-1.96267249773 0.0182859035708
-1.87138540481 0.0263076266774
-1.78009831189 0.0373599592525
-1.68881121897 0.051802895098
-1.59752412606 0.0708231163113
-1.50623703314 0.0950468842993
-1.41494994022 0.125319090379
-1.3236628473 0.162776842461
-1.23237575439 0.207772194731
-1.14108866147 0.260508285167
-1.04980156855 0.320974850361
-0.958514475634 0.388233079151
-0.867227382717 0.462904972663
-0.775940289799 0.540021493263
-0.684653196881 0.621194963917
-0.593366103964 0.701819245534
-0.502079011046 0.77929479169
-0.410791918129 0.849544706466
-0.319504825211 0.910838153604
-0.228217732294 0.960197583509
-0.136930639376 0.995279066659
-0.0456435464588 1.01299157505
0.0456435464588 1.01370265479
0.136930639376 0.996564122533
0.228217732294 0.963325017561
0.319504825211 0.915263230727
0.410791918129 0.855687839
0.502079011046 0.785024095954
0.593366103964 0.708037901244
0.684653196881 0.627938408871
0.775940289799 0.547714012785
0.867227382717 0.469148802764
0.958514475634 0.395126602209
1.04980156855 0.327115465457
1.14108866147 0.266349131351
1.23237575439 0.212861294848
1.3236628473 0.1676167161
1.41494994022 0.129189749935
1.50623703314 0.0983888816287
1.59752412606 0.0733343587129
1.68881121897 0.0538762967324
1.78009831189 0.0389364571236
1.87138540481 0.0275037975839
1.96267249773 0.0192508573715
2.05395959064 0.0131671751313
2.14524668356 0.00878431352753
2.23653377648 0.00582380505769
2.3278208694 0.00379571732845
2.41910796231 0.00245043656315
2.51039505523 0.00153408870343
2.60168214815 0.000945588883977
2.69296924107 0.000560614339364
2.78425633398 0.000343339973641
2.8755434269 0.000201782432337
2.96683051982 0.000114640307048
3.05811761274 6.83581560606e-05
3.14940470565 3.23394109408e-05
3.24069179857 2.09141100695e-05
3.33197889149 1.1231651704e-05
3.42326598441 7.93961585973e-06
3.51455307732 3.09838667697e-06
3.60584017024 1.16189500386e-06
3.69712726316 5.80947501931e-07
3.78841435608 1.9364916731e-07
3.87970144899 1.9364916731e-07
3.97098854191 0.0
4.06227563483 0.0
4.15356272775 0.0
4.24484982067 0.0
4.33613691358 0.0
4.4274240065 0.0
4.51871109942 0.0
4.60999819234 0.0
4.70128528525 0.0
4.79257237817 0.0
4.88385947109 0.0
4.97514656401 0.0
5.06643365692 0.0
5.15772074984 0.0
5.24900784276 0.0
5.34029493568 0.0
5.43158202859 0.0
5.52286912151 0.0
5.61415621443 0.0
5.70544330735 0.0
5.79673040026 0.0
5.88801749318 0.0
5.9793045861 0.0
6.07059167902 0.0
6.16187877193 0.0
6.25316586485 0.0
6.34445295777 0.0
6.43574005069 0.0
6.5270271436 0.0
6.61831423652 0.0
6.70960132944 0.0
6.80088842236 0.0
6.89217551527 0.0
6.98346260819 0.0
7.07474970111 0.0
7.16603679403 0.0
7.25732388694 0.0
7.34861097986 0.0
7.43989807278 0.0
7.5311851657 0.0
7.62247225861 0.0
7.71375935153 0.0
7.80504644445 0.0
7.89633353737 0.0
7.98762063028 0.0
8.0789077232 0.0
8.17019481612 0.0
8.26148190904 0.0
8.35276900195 0.0
8.44405609487 0.0
8.53534318779 0.0
8.62663028071 0.0
8.71791737362 0.0
8.80920446654 0.0
8.90049155946 0.0
8.99177865238 0.0
9.08306574529 0.0
9.17435283821 0.0
9.26563993113 0.0
9.35692702405 0.0
9.44821411696 0.0
9.53950120988 0.0
9.6307883028 0.0
9.72207539572 0.0
9.81336248863 0.0
9.90464958155 0.0
9.99593667447 0.0
10.0872237674 0.0
10.1785108603 0.0
10.2697979532 0.0
10.3610850461 0.0
10.4523721391 0.0
10.543659232 0.0
10.6349463249 0.0
10.7262334178 0.0
10.8175205107 0.0
10.9088076036 0.0
11.0000946966 0.0
11.0913817895 0.0
11.1826688824 0.0
11.2739559753 0.0
11.3652430682 0.0
11.4565301611 0.0
11.5478172541 0.0
11.639104347 0.0
11.7303914399 0.0
11.8216785328 0.0
11.9129656257 0.0
12.0042527187 0.0
12.0955398116 0.0
12.1868269045 0.0
12.2781139974 0.0
12.3694010903 0.0
12.4606881832 0.0
12.5519752762 0.0
12.6432623691 0.0
12.734549462 0.0
12.8258365549 0.0
12.9171236478 0.0
13.0084107407 0.0
13.0996978337 0.0
13.1909849266 0.0
13.2822720195 0.0
13.3735591124 0.0
13.4648462053 0.0
13.5561332983 0.0
13.6474203912 0.0
13.7387074841 0.0
13.829994577 0.0
13.9212816699 0.0
14.0125687628 0.0
14.1038558558 0.0
14.1951429487 0.0
14.2864300416 0.0
14.3777171345 0.0
14.4690042274 0.0
14.5602913203 0.0
14.6515784133 0.0
14.7428655062 0.0
14.8341525991 0.0
14.925439692 0.0
15.0167267849 0.0
15.1080138779 0.0
15.1993009708 0.0
15.2905880637 0.0
15.3818751566 0.0
15.4731622495 0.0
15.5644493424 0.0
15.6557364354 0.0
15.7470235283 0.0
15.8383106212 0.0
15.9295977141 0.0
16.020884807 0.0
16.1121718999 0.0
16.2034589929 0.0
16.2947460858 0.0
16.3860331787 0.0
16.4773202716 0.0
16.5686073645 0.0
16.6598944574 0.0
16.7511815504 0.0
16.8424686433 0.0
16.9337557362 0.0
17.0250428291 0.0
17.116329922 0.0
17.207617015 0.0
17.2989041079 0.0
17.3901912008 0.0
17.4814782937 0.0
17.5727653866 0.0
17.6640524795 0.0
17.7553395725 0.0
17.8466266654 0.0
17.9379137583 0.0
18.0292008512 0.0
18.1204879441 0.0
18.211775037 0.0
18.30306213 0.0
18.3943492229 0.0
18.4856363158 0.0
18.5769234087 0.0
18.6682105016 0.0
18.7594975946 0.0
18.8507846875 0.0
18.9420717804 0.0
19.0333588733 0.0
19.1246459662 0.0
19.2159330591 0.0
19.3072201521 0.0
19.398507245 0.0
19.4897943379 0.0
19.5810814308 0.0
19.6723685237 0.0
19.7636556166 0.0
19.8549427096 0.0
19.9462298025 0.0
20.0375168954 0.0
20.1288039883 0.0
20.2200910812 0.0
20.3113781741 0.0
20.4026652671 0.0
20.49395236 0.0
20.5852394529 0.0
20.6765265458 0.0
20.7678136387 0.0
20.8591007317 0.0
20.9503878246 0.0
21.0416749175 0.0
21.1329620104 0.0
21.2242491033 0.0
21.3155361962 0.0
21.4068232892 0.0
21.4981103821 0.0
21.589397475 0.0
21.6806845679 0.0
21.7719716608 0.0
21.8632587537 0.0
21.9545458467 0.0
22.0458329396 0.0
22.1371200325 0.0
22.2284071254 0.0
22.3196942183 0.0
22.4109813113 0.0
22.5022684042 0.0
22.5935554971 0.0
22.68484259 0.0
22.7761296829 0.0
22.8674167758 0.0
22.9587038688 0.0
23.0499909617 0.0
23.1412780546 0.0
23.2325651475 0.0
23.3238522404 0.0
23.4151393333 0.0
23.5064264263 0.0
23.5977135192 0.0
23.6890006121 0.0
23.780287705 0.0
23.8715747979 0.0
23.9628618909 0.0
24.0541489838 0.0
24.1454360767 0.0
24.2367231696 0.0
24.3280102625 0.0
24.4192973554 0.0
24.5105844484 0.0
24.6018715413 0.0
24.6931586342 0.0
24.7844457271 0.0
24.87573282 0.0
24.9670199129 0.0
25.0583070059 0.0
25.1495940988 0.0
25.2408811917 0.0
25.3321682846 0.0
25.4234553775 0.0
25.5147424704 0.0
25.6060295634 0.0
25.6973166563 0.0
25.7886037492 0.0
25.8798908421 0.0
25.971177935 0.0
26.062465028 0.0
26.1537521209 0.0
26.2450392138 0.0
26.3363263067 0.0
26.4276133996 0.0
26.5189004925 0.0
26.6101875855 0.0
26.7014746784 0.0
26.7927617713 0.0
26.8840488642 0.0
26.9753359571 0.0
27.06662305 0.0
27.157910143 0.0
27.2491972359 0.0
27.3404843288 0.0
27.4317714217 0.0
27.5230585146 0.0
27.6143456076 0.0
27.7056327005 0.0
27.7969197934 0.0
27.8882068863 0.0
27.9794939792 0.0
28.0707810721 0.0
28.1620681651 0.0
28.253355258 0.0
28.3446423509 0.0
28.4359294438 0.0
28.5272165367 0.0
28.6185036296 0.0
28.7097907226 0.0
28.8010778155 0.0
28.8923649084 0.0
28.9836520013 0.0
29.0749390942 0.0
29.1662261872 0.0
29.2575132801 0.0
29.348800373 0.0
29.4400874659 0.0
29.5313745588 0.0
29.6226616517 0.0
29.7139487447 0.0
29.8052358376 0.0
29.8965229305 0.0
29.9878100234 0.0
30.0790971163 0.0
30.1703842092 0.0
30.2616713022 0.0
30.3529583951 0.0
30.444245488 0.0
30.5355325809 0.0
30.6268196738 0.0
30.7181067667 0.0
30.8093938597 0.0
30.9006809526 0.0
30.9919680455 0.0
31.0832551384 0.0
31.1745422313 0.0
31.2658293243 0.0
31.3571164172 0.0
31.4484035101 0.0
31.539690603 0.0
31.6309776959 0.0
31.7222647888 0.0
31.8135518818 0.0
31.9048389747 0.0
31.9961260676 0.0
32.0874131605 0.0
32.1787002534 0.0
32.2699873463 0.0
32.3612744393 0.0
32.4525615322 0.0
32.5438486251 0.0
32.635135718 0.0
32.7264228109 0.0
32.8177099039 0.0
32.9089969968 0.0
33.0002840897 0.0
33.0915711826 0.0
33.1828582755 0.0
33.2741453684 0.0
33.3654324614 0.0
33.4567195543 0.0
33.5480066472 0.0
33.6392937401 0.0
33.730580833 0.0
33.8218679259 0.0
33.9131550189 0.0
34.0044421118 0.0
34.0957292047 0.0
34.1870162976 0.0
34.2783033905 0.0
34.3695904834 0.0
34.4608775764 0.0
34.5521646693 0.0
34.6434517622 0.0
34.7347388551 0.0
34.826025948 0.0
34.917313041 0.0
35.0086001339 0.0
35.0998872268 0.0
35.1911743197 0.0
35.2824614126 0.0
35.3737485055 0.0
35.4650355985 0.0
35.5563226914 0.0
35.6476097843 0.0
35.7388968772 0.0
35.8301839701 0.0
35.921471063 0.0
36.012758156 0.0
36.1040452489 0.0
36.1953323418 0.0
36.2866194347 0.0
36.3779065276 0.0
36.4691936206 0.0
36.5604807135 0.0
36.6517678064 0.0
36.7430548993 0.0
36.8343419922 0.0
36.9256290851 0.0
37.0169161781 0.0
37.108203271 0.0
37.1994903639 0.0
37.2907774568 0.0
37.3820645497 0.0
37.4733516426 0.0
37.5646387356 0.0
37.6559258285 0.0
37.7472129214 0.0
37.8385000143 0.0
37.9297871072 0.0
38.0210742002 0.0
38.1123612931 0.0
38.203648386 0.0
38.2949354789 0.0
38.3862225718 0.0
38.4775096647 0.0
38.5687967577 0.0
38.6600838506 0.0
38.7513709435 0.0
38.8426580364 0.0
38.9339451293 0.0
39.0252322222 0.0
39.1165193152 0.0
39.2078064081 0.0
39.299093501 0.0
39.3903805939 0.0
39.4816676868 0.0
39.5729547797 0.0
39.6642418727 0.0
39.7555289656 0.0
39.8468160585 0.0
39.9381031514 0.0
40.0293902443 0.0
40.1206773373 0.0
40.2119644302 0.0
40.3032515231 0.0
40.394538616 0.0
40.4858257089 0.0
40.5771128018 0.0
40.6683998948 0.0
40.7596869877 0.0
40.8509740806 0.0
40.9422611735 0.0
41.0335482664 0.0
41.1248353593 0.0
41.2161224523 0.0
41.3074095452 0.0
41.3986966381 0.0
41.489983731 0.0
41.5812708239 0.0
41.6725579169 0.0
41.7638450098 0.0
41.8551321027 0.0
41.9464191956 0.0
42.0377062885 0.0
42.1289933814 0.0
42.2202804744 0.0
42.3115675673 0.0
42.4028546602 0.0
42.4941417531 0.0
42.585428846 0.0
42.6767159389 0.0
42.7680030319 0.0
42.8592901248 0.0
42.9505772177 0.0
43.0418643106 0.0
43.1331514035 0.0
43.2244384964 0.0
43.3157255894 0.0
43.4070126823 0.0
43.4982997752 0.0
43.5895868681 0.0
43.680873961 0.0
43.772161054 0.0
43.8634481469 0.0
43.9547352398 0.0
44.0460223327 0.0
44.1373094256 0.0
44.2285965185 0.0
44.3198836115 0.0
44.4111707044 0.0
44.5024577973 0.0
44.5937448902 0.0
44.6850319831 0.0
44.776319076 0.0
44.867606169 0.0
44.9588932619 0.0
45.0501803548 0.0
45.1414674477 0.0
45.2327545406 0.0
45.3240416336 0.0
45.4153287265 0.0
45.5066158194 0.0
45.5979029123 0.0
45.6891900052 0.0
45.7804770981 0.0
45.8717641911 0.0
45.963051284 0.0
46.0543383769 0.0
46.1456254698 0.0
46.2369125627 0.0
46.3281996556 0.0
46.4194867486 0.0
46.5107738415 0.0
46.6020609344 0.0
46.6933480273 0.0
46.7846351202 0.0
46.8759222132 0.0
46.9672093061 0.0
47.058496399 0.0
47.1497834919 0.0
47.2410705848 0.0
47.3323576777 0.0
47.4236447707 0.0
47.5149318636 0.0
47.6062189565 0.0
47.6975060494 0.0
47.7887931423 0.0
47.8800802352 0.0
47.9713673282 0.0
48.0626544211 0.0
48.153941514 0.0
48.2452286069 0.0
48.3365156998 0.0
48.4278027927 0.0
48.5190898857 0.0
48.6103769786 0.0
48.7016640715 0.0
48.7929511644 0.0
48.8842382573 0.0
48.9755253503 0.0
49.0668124432 0.0
49.1580995361 0.0
49.249386629 0.0
49.3406737219 0.0
49.4319608148 0.0
49.5232479078 0.0
49.6145350007 0.0
49.7058220936 0.0
49.7971091865 0.0
49.8883962794 0.0
49.9796833723 0.0
50.0709704653 0.0
50.1622575582 0.0
50.2535446511 0.0
50.344831744 0.0
50.4361188369 0.0
50.5274059299 0.0
50.6186930228 0.0
50.7099801157 0.0
50.8012672086 0.0
50.8925543015 0.0
50.9838413944 0.0
51.0751284874 0.0
51.1664155803 0.0
51.2577026732 0.0
51.3489897661 0.0
51.440276859 0.0
51.5315639519 0.0
51.6228510449 0.0
51.7141381378 0.0
51.8054252307 0.0
51.8967123236 0.0
51.9879994165 0.0
52.0792865094 0.0
52.1705736024 0.0
52.2618606953 0.0
52.3531477882 0.0
52.4444348811 0.0
52.535721974 0.0
52.627009067 0.0
52.7182961599 0.0
52.8095832528 0.0
52.9008703457 0.0
52.9921574386 0.0
53.0834445315 0.0
53.1747316245 0.0
53.2660187174 0.0
53.3573058103 0.0
53.4485929032 0.0
53.5398799961 0.0
53.631167089 0.0
53.722454182 0.0
53.8137412749 0.0
53.9050283678 0.0
53.9963154607 0.0
54.0876025536 0.0
54.1788896466 0.0
54.2701767395 0.0
54.3614638324 0.0
54.4527509253 0.0
54.5440380182 0.0
54.6353251111 0.0
54.7266122041 0.0
54.817899297 0.0
54.9091863899 0.0
55.0004734828 0.0
55.0917605757 0.0
55.1830476686 0.0
55.2743347616 0.0
55.3656218545 0.0
55.4569089474 0.0
55.5481960403 0.0
55.6394831332 0.0
55.7307702262 0.0
55.8220573191 0.0
55.913344412 0.0
56.0046315049 0.0
56.0959185978 0.0
56.1872056907 0.0
56.2784927837 0.0
56.3697798766 0.0
56.4610669695 0.0
56.5523540624 0.0
56.6436411553 0.0
56.7349282482 0.0
56.8262153412 0.0
56.9175024341 0.0
57.008789527 0.0
57.1000766199 0.0
57.1913637128 0.0
57.2826508057 0.0
57.3739378987 0.0
57.4652249916 0.0
57.5565120845 0.0
57.6477991774 0.0
57.7390862703 0.0
57.8303733633 0.0
57.9216604562 0.0
58.0129475491 0.0
58.104234642 0.0
58.1955217349 0.0
58.2868088278 0.0
58.3780959208 0.0
58.4693830137 0.0
58.5606701066 0.0
58.6519571995 0.0
58.7432442924 0.0
58.8345313853 0.0
58.9258184783 0.0
59.0171055712 0.0
59.1083926641 0.0
59.199679757 0.0
59.2909668499 0.0
59.3822539429 0.0
59.4735410358 0.0
59.5648281287 0.0
59.6561152216 0.0
59.7474023145 0.0
59.8386894074 0.0
59.9299765004 0.0
60.0212635933 0.0
60.1125506862 0.0
60.2038377791 0.0
60.295124872 0.0
60.3864119649 0.0
60.4776990579 0.0
60.5689861508 0.0
60.6602732437 0.0
60.7515603366 0.0
60.8428474295 0.0
60.9341345224 0.0
61.0254216154 0.0
61.1167087083 0.0
61.2079958012 0.0
61.2992828941 0.0
61.390569987 0.0
61.48185708 0.0
61.5731441729 0.0
61.6644312658 0.0
61.7557183587 0.0
61.8470054516 0.0
61.9382925445 0.0
62.0295796375 0.0
62.1208667304 0.0
62.2121538233 0.0
62.3034409162 0.0
62.3947280091 0.0
62.486015102 0.0
62.577302195 0.0
62.6685892879 0.0
62.7598763808 0.0
62.8511634737 0.0
62.9424505666 0.0
63.0337376596 0.0
63.1250247525 0.0
63.2163118454 0.0
63.3075989383 0.0
63.3988860312 0.0
63.4901731241 0.0
63.5814602171 0.0
63.67274731 0.0
63.7640344029 0.0
63.8553214958 0.0
63.9466085887 0.0
64.0378956816 0.0
64.1291827746 0.0
64.2204698675 0.0
64.3117569604 0.0
64.4030440533 0.0
64.4943311462 0.0
64.5856182392 0.0
64.6769053321 0.0
64.768192425 0.0
64.8594795179 0.0
64.9507666108 0.0
65.0420537037 0.0
65.1333407967 0.0
65.2246278896 0.0
65.3159149825 0.0
65.4072020754 0.0
65.4984891683 0.0
65.5897762612 0.0
65.6810633542 0.0
65.7723504471 0.0
65.86363754 0.0
65.9549246329 0.0
66.0462117258 0.0
66.1374988187 0.0
66.2287859117 0.0
66.3200730046 0.0
66.4113600975 0.0
66.5026471904 0.0
66.5939342833 0.0
66.6852213763 0.0
66.7765084692 0.0
66.8677955621 0.0
66.959082655 0.0
67.0503697479 0.0
67.1416568408 0.0
67.2329439338 0.0
67.3242310267 0.0
67.4155181196 0.0
67.5068052125 0.0
67.5980923054 0.0
67.6893793983 0.0
67.7806664913 0.0
67.8719535842 0.0
67.9632406771 0.0
68.05452777 0.0
68.1458148629 0.0
68.2371019559 0.0
68.3283890488 0.0
68.4196761417 0.0
68.5109632346 0.0
68.6022503275 0.0
68.6935374204 0.0
68.7848245134 0.0
68.8761116063 0.0
68.9673986992 0.0
69.0586857921 0.0
69.149972885 0.0
69.2412599779 0.0
69.3325470709 0.0
69.4238341638 0.0
69.5151212567 0.0
69.6064083496 0.0
69.6976954425 0.0
69.7889825354 0.0
69.8802696284 0.0
69.9715567213 0.0
70.0628438142 0.0
70.1541309071 0.0
70.245418 0.0
70.336705093 0.0
70.4279921859 0.0
70.5192792788 0.0
70.6105663717 0.0
70.7018534646 0.0
70.7931405575 0.0
70.8844276505 0.0
70.9757147434 0.0
71.0670018363 0.0
71.1582889292 0.0
71.2495760221 0.0
71.340863115 0.0
71.432150208 0.0
71.5234373009 0.0
71.6147243938 0.0
71.7060114867 0.0
71.7972985796 0.0
71.8885856726 0.0
71.9798727655 0.0
72.0711598584 0.0
72.1624469513 0.0
72.2537340442 0.0
72.3450211371 0.0
72.4363082301 0.0
72.527595323 0.0
72.6188824159 0.0
72.7101695088 0.0
72.8014566017 0.0
72.8927436946 0.0
72.9840307876 0.0
73.0753178805 0.0
73.1666049734 0.0
73.2578920663 0.0
73.3491791592 0.0
73.4404662522 0.0
73.5317533451 0.0
73.623040438 0.0
73.7143275309 0.0
73.8056146238 0.0
73.8969017167 0.0
73.9881888097 0.0
74.0794759026 0.0
74.1707629955 0.0
74.2620500884 0.0
74.3533371813 0.0
74.4446242742 0.0
74.5359113672 0.0
74.6271984601 0.0
74.718485553 0.0
74.8097726459 0.0
74.9010597388 0.0
74.9923468317 0.0
75.0836339247 0.0
75.1749210176 0.0
75.2662081105 0.0
75.3574952034 0.0
75.4487822963 0.0
75.5400693893 0.0
75.6313564822 0.0
75.7226435751 0.0
75.813930668 0.0
75.9052177609 0.0
75.9965048538 0.0
76.0877919468 0.0
76.1790790397 0.0
76.2703661326 0.0
76.3616532255 0.0
76.4529403184 0.0
76.5442274113 0.0
76.6355145043 0.0
76.7268015972 0.0
76.8180886901 0.0
76.909375783 0.0
77.0006628759 0.0
77.0919499689 0.0
77.1832370618 0.0
77.2745241547 0.0
77.3658112476 0.0
77.4570983405 0.0
77.5483854334 0.0
77.6396725264 0.0
77.7309596193 0.0
77.8222467122 0.0
77.9135338051 0.0
78.004820898 0.0
78.0961079909 0.0
78.1873950839 0.0
78.2786821768 0.0
78.3699692697 0.0
78.4612563626 0.0
78.5525434555 0.0
78.6438305485 0.0
78.7351176414 0.0
78.8264047343 0.0
78.9176918272 0.0
79.0089789201 0.0
79.100266013 0.0
79.191553106 0.0
79.2828401989 0.0
79.3741272918 0.0
79.4654143847 0.0
79.5567014776 0.0
79.6479885705 0.0
79.7392756635 0.0
79.8305627564 0.0
79.9218498493 0.0
80.0131369422 0.0
80.1044240351 0.0
80.195711128 0.0
80.286998221 0.0
80.3782853139 0.0
80.4695724068 0.0
80.5608594997 0.0
80.6521465926 0.0
80.7434336856 0.0
80.8347207785 0.0
80.9260078714 0.0
81.0172949643 0.0
81.1085820572 0.0
81.1998691501 0.0
81.2911562431 0.0
81.382443336 0.0
81.4737304289 0.0
81.5650175218 0.0
81.6563046147 0.0
81.7475917076 0.0
81.8388788006 0.0
81.9301658935 0.0
82.0214529864 0.0
82.1127400793 0.0
82.2040271722 0.0
82.2953142652 0.0
82.3866013581 0.0
82.477888451 0.0
82.5691755439 0.0
82.6604626368 0.0
82.7517497297 0.0
82.8430368227 0.0
82.9343239156 0.0
83.0256110085 0.0
83.1168981014 0.0
83.2081851943 0.0
83.2994722872 0.0
83.3907593802 0.0
83.4820464731 0.0
83.573333566 0.0
83.6646206589 0.0
83.7559077518 0.0
83.8471948447 0.0
83.9384819377 0.0
84.0297690306 0.0
84.1210561235 0.0
84.2123432164 0.0
84.3036303093 0.0
84.3949174023 0.0
84.4862044952 0.0
84.5774915881 0.0
84.668778681 0.0
84.7600657739 0.0
84.8513528668 0.0
84.9426399598 0.0
85.0339270527 0.0
85.1252141456 0.0
85.2165012385 0.0
85.3077883314 0.0
85.3990754243 0.0
85.4903625173 0.0
85.5816496102 0.0
85.6729367031 0.0
85.764223796 0.0
85.8555108889 0.0
85.9467979819 0.0
86.0380850748 0.0
86.1293721677 0.0
86.2206592606 0.0
86.3119463535 0.0
86.4032334464 0.0
86.4945205394 0.0
86.5858076323 0.0
86.6770947252 0.0
86.7683818181 0.0
86.859668911 0.0
86.9509560039 0.0
87.0422430969 0.0
87.1335301898 0.0
87.2248172827 0.0
87.3161043756 0.0
87.4073914685 0.0
87.4986785615 0.0
87.5899656544 0.0
87.6812527473 0.0
87.7725398402 0.0
87.8638269331 0.0
87.955114026 0.0
88.046401119 0.0
88.1376882119 0.0
88.2289753048 0.0
88.3202623977 0.0
88.4115494906 0.0
88.5028365835 0.0
88.5941236765 0.0
88.6854107694 0.0
88.7766978623 0.0
88.8679849552 0.0
88.9592720481 0.0
89.050559141 0.0
89.141846234 0.0
89.2331333269 0.0
89.3244204198 0.0
89.4157075127 0.0
89.5069946056 0.0
89.5982816986 0.0
89.6895687915 0.0
89.7808558844 0.0
89.8721429773 0.0
89.9634300702 0.0
90.0547171631 0.0
90.1460042561 0.0
90.237291349 0.0
90.3285784419 0.0
90.4198655348 0.0
90.5111526277 0.0
90.6024397206 0.0
90.6937268136 0.0
90.7850139065 0.0
90.8763009994 0.0
90.9675880923 0.0
91.0588751852 0.0
91.1501622782 0.0
91.2414493711 0.0
