# Log a^2   Log L    Log a   a   L

-4.56947041773 -0.619422707606 -2.28473520887 0.101801014544 0.538255078484
-4.5752265786 1.64453746096 -2.2876132893 0.101508444258 5.17861404175
-3.85824752533 0.844783048178 -1.92912376266 0.145275438492 2.32747281033
-4.52081529175 -2.62960329257 -2.26040764588 0.104307955379 0.0721070619725
-6.75786348738 1.56925742295 -3.37893174369 0.0340838455769 4.80308021208
-4.81565054489 0.861527424439 -2.40782527244 0.0900108309104 2.36677300116
-4.59777646274 0.0550142584808 -2.29888823137 0.100370370344 1.05655567945
-5.15961147688 -2.90853440917 -2.57980573844 0.0757887254289 0.0545556275338
-5.38258976194 -1.32684665256 -2.69129488097 0.067793098519 0.265312566305
-6.3573463419 1.8927091154 -3.17867317095 0.0416408687978 6.63732562745
-4.58438644259 0.261358809952 -2.2921932213 0.101044605472 1.29869356602
-5.0228998404 -3.46837672248 -2.5114499202 0.0811504921618 0.0311675832567
-3.79615989039 2.24334193376 -1.89807994519 0.149856075046 9.42477569173
-5.62216734468 -0.730703674876 -2.81108367234 0.0601397852454 0.481570002124
-4.379374302 -0.351848221695 -2.189687151 0.111951767138 0.703386872742
-3.96878550897 2.14569535421 -1.98439275449 0.137464063213 8.54798304721
-5.43869511416 -1.88644884133 -2.71934755708 0.0659177479674 0.151609242491
-4.37173863017 0.157585730146 -2.18586931508 0.112379997552 1.17068111634
-5.48990518283 -4.24581037964 -2.74495259142 0.0642513469376 0.0143241209983
-5.55809298094 -0.194694032082 -2.77904649047 0.0620976898965 0.823086457583
-4.83738812501 0.228869648838 -2.4186940625 0.0890378193935 1.2571781537
-4.63029753446 0.407026016003 -2.31514876723 0.0987514919234 1.50234319012
-5.12498731185 -1.48138629647 -2.56249365592 0.0771122091726 0.227322333698
-3.85922806048 -0.925799626475 -1.92961403024 0.145204232112 0.396214468792
#-2180.92203488 520.388107802 -1090.46101744 0.0 1.0038843097e+226
-4.36651491495 -1.31454352453 -2.18325745747 0.112673901755 0.268596903157
-2.84622094984 0.656562768817 -1.42311047492 0.240963339596 1.92815342213
-5.52806340038 -0.58229851569 -2.76403170019 0.0630371086258 0.558612909273
-4.77612482334 0.368216525288 -2.38806241167 0.0918073965949 1.44515491768
-4.51698229299 0.530562390532 -2.2584911465 0.104508053193 1.69988804079
-5.56270539598 0.117635288008 -2.78135269799 0.0619546447463 1.12483379617
-4.53761443031 1.759845226 -2.26880721516 0.103435482808 5.81153784981
#-813.580442183 60.9295666235 -406.790221092 2.15402970309e-177 2.89317410509e+26
-5.90471631028 0.231904048512 -2.95235815514 0.0522164262152 1.26099872832
-3.84245870573 -0.218793251386 -1.92122935286 0.146426841181 0.803487820975
-5.85228719397 -0.62198682842 -2.92614359698 0.0536033562113 0.536876695359
-5.46502489179 -2.29284293928 -2.7325124459 0.0650556354038 0.100978976297
-4.83264326287 -1.13799802596 -2.41632163143 0.0892493062525 0.320459932526
-5.05436414642 -6.1479496185 -2.52718207321 0.0798838101453 0.0021378607093
-5.06884415473 -0.377094066257 -2.53442207736 0.0793075396456 0.685851555373
-6.65350148322 1.27575461186 -3.32675074161 0.0359095952655 3.58140295982
-4.01410491883 0.471145894967 -2.00705245941 0.134384194344 1.60182866937
-4.39830915893 -0.910350817866 -2.19915457947 0.110896873236 0.402383036111
-4.48127900491 0.827712505925 -2.24063950245 0.106390445669 2.28807878271
-4.85443991225 -0.699709736452 -2.42721995613 0.0882819193575 0.496729465325
-4.73311717127 -0.679160521236 -2.36655858564 0.0938029863894 0.507042465135
-4.52748568782 -4.127654233 -2.26374284391 0.103960647184 0.0161206497926
-4.28136309039 0.746979124437 -2.1406815452 0.117574683248 2.11061447282
-4.37876249405 -1.79468585246 -2.18938124702 0.111986018867 0.166179649076
-4.40836269725 0.876024722507 -2.20418134862 0.110340819003 2.40133473538
-6.44504359246 -1.46919851336 -3.22252179623 0.0398544266849 0.23010984126
-3.15693057543 1.45961891113 -1.57846528771 0.206291453414 4.30431888775
-4.29238645178 -0.754022069613 -2.14619322589 0.116928431739 0.470470477213
-2.42124986554 1.3944685666 -1.21062493277 0.298010984395 4.03283082206
-5.80569552627 -1.12038784907 -2.90284776314 0.0548667498595 0.326153271844
#-1026.13276282 862.712501291 -513.066381409 1.50695992781e-223 inf
-5.03846369162 0.535001480985 -2.51923184581 0.0805214358779 1.70745077096
-3.56335130259 2.26869899113 -1.78167565129 0.168355805159 9.66681601602
