0.0 14.649081 0.0688155697186 13.187436 0.161189601852
1.0 15.490265 0.187171014335 14.04554 0.117446001758
2.0 15.992723 0.0135597969448 14.552397 0.124060669957
3.0 16.33504 0.0450085215476 14.897068 0.132646526841
4.0 16.183897 0.0701032434931 14.741964 0.169118162597
5.0 15.830478 0.12683242487 14.380879 0.139566331077
6.0 16.827039 0.193997314056 15.39277 0.0975122055813
7.0 16.819211 0.109463188395 15.381855 0.131495248371
8.0 17.870778 0.161646326385 16.449296 0.180573934085
9.0 18.623271 0.013338100495 17.20907 0.173057518929
10.0 17.540205 0.0710348561155 16.110643 0.115800909452
11.0 18.301257 0.150272443537 16.879144 0.197896436995
12.0 18.22971 0.152127624558 16.805023 0.0335972154745
13.0 17.523847 0.0234771089186 16.086978 0.00356367184354
14.0 17.196145 0.0114360486698 15.752084 0.076153555504
15.0 18.182433 0.101309766182 16.754107 0.101865535579
16.0 17.554567 0.122703717553 16.119607 0.162274704751
17.0 18.2296 0.0398269016322 16.802643 0.158558444194
18.0 18.135783 0.0200453126196 16.710942 0.0734570195254
19.0 18.998351 0.0688434509263 17.582495 0.0543246484852
20.0 19.521242 0.122479453068 18.114705 0.0638600563253
21.0 20.236281 0.0399015454197 18.836498 0.0754308341005
22.0 19.228675 0.0121447647915 17.812849 0.0249864708609
23.0 18.937004 0.191115553476 17.517245 0.0392091370035
24.0 18.618746 0.11360908581 17.192905 0.198126169726
25.0 18.683973 0.0700784209329 17.259273 0.0863630146647
26.0 17.903604 0.131184992759 16.466959 0.0191864504069
27.0 17.530958 0.0509847378517 16.087545 0.156829436697
28.0 17.446841 0.109473878591 15.999697 0.181401360139
29.0 15.066808 0.0477179190518 13.580675 0.0310876039417
30.0 15.484425 0.172745377627 14.001613 0.15028874745
31.0 14.713187 0.106326914323 13.213867 0.0317399712999
32.0 14.717186 0.0480526686683 13.218581 0.0770966711679
33.0 14.739871 0.181452432697 13.241446 0.149505218994
34.0 14.124421 0.15225340062 12.616189 0.0639426115752
35.0 14.654845 0.0829163209183 13.157327 0.122151441462
36.0 15.329089 0.186751160871 13.843432 0.0876874114019
37.0 14.518662 0.180573961304 13.019689 0.0895888559795
38.0 14.483774 0.0580368294068 12.986362 0.0244510525793
39.0 14.94708 0.0643130083284 13.458348 0.154540484114
40.0 16.067409 0.167098857548 14.594387 0.138468572411
41.0 16.762795 0.146149877777 15.299565 0.0242172190563
42.0 16.127116 0.0100820082332 14.656695 0.0229248363047
43.0 15.958335 0.0665945807793 14.481188 0.00702447035267
44.0 15.886533 0.0942897252387 14.409128 0.103908869033
45.0 15.199719 0.167259909385 13.714464 0.197976387041
46.0 15.668578 0.0113063762452 14.188596 0.0741376006328
47.0 15.087571 0.118079196337 13.598116 0.094677760959
48.0 19.190465 0.0185759188442 17.767563 0.0325027905281
49.0 18.849185 0.140883800497 17.423395 0.106412293524
50.0 19.430368 0.139294925192 18.00998 0.1417560069
51.0 19.964702 0.134260224555 18.551223 0.118140429874
52.0 20.579925 0.139917400365 19.173373 0.0202995155181
53.0 21.263821 0.119200426869 19.86782 0.0697356942097
54.0 20.855914 0.189850811402 19.451764 0.122041959009
55.0 19.920088 0.0958144501708 18.503195 0.0567130684571
56.0 20.244503 0.0187400481051 18.828887 0.193874342018
57.0 20.254998 0.12056947758 18.837577 0.0821377829775
58.0 20.372563 0.0973702413951 18.958438 0.136670077027
59.0 20.916086 0.0107084817195 19.511354 0.185098352711
60.0 20.478961 0.102817699881 19.069625 0.000346141119157
61.0 21.523384 0.0208800014621 20.131172 0.0206023879868
62.0 20.66061 0.0858064533518 19.256133 0.137954072358
63.0 19.806919 0.187174938334 18.392099 0.129735311585
64.0 18.884226 0.176651180601 17.456914 0.123414573112
65.0 17.949634 0.0336398315268 16.507527 0.0223386124963
66.0 17.500512 0.183959590597 16.053004 0.106817200775
67.0 17.690432 0.113082679408 16.245484 0.0286686750779
68.0 18.653001 0.0925796904573 17.223114 0.175615116329
69.0 18.92443 0.18027119043 17.501956 0.188832309949
70.0 19.928999 0.14379670854 18.51939 0.167731874828
71.0 20.36654 0.0783288492719 18.96488 0.044641269402
72.0 21.492231 0.0828519287199 20.107527 0.197117073928
73.0 22.098449 0.194394385455 20.720404 0.0989616081004
74.0 21.680919 0.0309042625865 20.295562 0.127991032874
75.0 22.586353 0.0865266990349 21.213038 0.0459785497989
76.0 21.850751 0.00826037986256 20.46837 0.158994298877
77.0 22.878823 0.152274485955 21.50738 0.144827534554
78.0 22.602722 0.00566374960943 21.22502 0.122007923733
79.0 21.709521 0.0375092996092 20.319752 0.0136161818737
80.0 13.333454 0.156184968059 11.805178 0.150272046056
81.0 14.004713 0.059235176251 12.48584 0.154279469824
82.0 14.794346 0.010180490188 13.290031 0.12766480967
83.0 13.870095 0.16613095795 12.351443 0.0440306363865
84.0 14.760774 0.0828624236053 13.255034 0.10192779566
85.0 14.849608 0.0133821643512 13.34354 0.0420064761637
86.0 15.353288 0.148652433168 13.860464 0.0869724833041
87.0 15.80862 0.0129056477444 14.324609 0.0170987793501
88.0 16.208501 0.176886966774 14.729281 0.0235784403224
89.0 15.296802 0.11991966642 13.804836 0.0634734977232
90.0 15.011605 0.188473577666 13.510423 0.131239813422
91.0 14.59974 0.182044092447 13.085517 0.109352167642
92.0 14.07706 0.0125711192265 12.548749 0.145340354225
93.0 13.684511 0.0617313318861 12.15029 0.0982127665946
94.0 14.228936 0.0672227461868 12.70399 0.0323917128733
95.0 14.659322 0.0361350888943 13.141025 0.178368678092
96.0 15.651911 0.155601968075 14.149363 0.159819406134
97.0 16.487656 0.0971113641471 14.99801 0.190234627615
98.0 17.260661 0.176099825118 15.780827 0.193456751978
99.0 16.787421 0.170727355266 15.302663 0.0502438157116
100.0 16.187782 0.0780165588334 14.688352 0.0280689698057
101.0 17.280167 0.0180981467833 15.798023 0.156072098162
102.0 18.243391 0.146035530562 16.773229 0.186120254164
103.0 18.447231 0.173908081391 16.982536 0.16682152604
104.0 17.336609 0.0453750227909 15.856093 0.166874360329
105.0 18.064444 0.184242392041 16.598589 0.100297941216
106.0 18.780186 0.109367336447 17.326505 0.0283468453336
107.0 18.073012 0.0446322862643 16.611412 0.194118654771
108.0 18.035684 0.0121888358971 16.576711 0.0710837786235
109.0 18.003555 0.0673961034852 16.545298 0.104731053017
110.0 17.429623 0.129242549599 15.957674 0.0650521990204
111.0 18.100876 0.00769635204603 16.643994 0.191117311845
112.0 17.112721 0.115793357337 15.640916 0.0206871796377
113.0 17.454621 0.110007318815 15.985911 0.082993590639
114.0 17.882403 0.184267109539 16.418076 0.0593394536544
115.0 17.078251 0.151206308192 15.601903 0.13029388254
116.0 17.468478 0.180324444817 15.99668 0.100995346636
117.0 25.302932 0.0935390275087 23.940149 0.119525798361
118.0 24.654852 0.160112086611 23.281642 0.00552278346573
119.0 23.307391 0.0244593432575 21.918368 0.153641405224
120.0 22.126121 0.154067351595 20.721788 0.120759707277
121.0 21.73187 0.0875531301913 20.322444 0.138536023738
122.0 22.880499 0.0209126469088 21.486675 0.0614245485909
123.0 23.339735 0.179031315066 21.950725 0.132642380681
124.0 22.472205 0.169242650162 21.071201 0.165262540812
125.0 22.487644 0.184718820116 21.099121 0.133319792413
126.0 23.734958 0.108621007768 22.359664 0.11925491463
127.0 23.636598 0.14696929019 22.260937 0.186300051544
128.0 23.646157 0.139716575016 22.271719 0.00868906031269
129.0 23.006124 0.162344728167 21.626034 0.176177025332
130.0 21.62068 0.00614303748089 20.224014 0.097984867017
131.0 21.089085 0.0127322908342 19.687741 0.0244698130754
132.0 20.129445 0.134647788587 18.715693 0.02312943628
133.0 19.588066 0.138844254865 18.168707 0.197992087877
134.0 19.391816 0.109826775787 17.971698 0.010694937917
135.0 18.885339 0.174345590521 17.459175 0.0758661764313
136.0 18.882732 0.0947324878275 17.45468 0.16959712409
137.0 11.817159 0.0962594049316 10.261259 0.191400873598
138.0 11.441186 0.0900958158275 9.870185 0.0726145579311
139.0 11.781298 0.00177352624896 10.222433 0.05243948811
140.0 12.078634 0.123213400652 10.529581 0.0211923639919
141.0 12.414232 0.0351047701005 10.874994 0.151062740652
142.0 12.737483 0.118630851402 11.202443 0.0737511298405
143.0 12.028735 0.0335123349383 10.480106 0.114331709135
144.0 12.505102 0.143200711665 10.969471 0.0861163112753
145.0 12.790021 0.0563335706071 11.258345 0.0800516768168
146.0 12.994273 0.154783171364 11.468267 0.134183139959
147.0 13.719914 0.0347277852024 12.207424 0.0635910742642
148.0 13.642612 0.103490380187 12.124228 0.0972511409033
149.0 12.673806 0.129503102215 11.138582 0.0556314146726
150.0 13.083906 0.0842739091959 11.55439 0.137411546865
151.0 12.364204 0.146113545364 10.818942 0.126488381209
152.0 11.93476 0.153207467151 10.376943 0.134376216929
153.0 11.591648 0.0378965271344 10.023987 0.180050450742
154.0 11.129736 0.0273106182889 9.553891 0.0216269385014
155.0 11.378283 0.0383514428182 9.816544 0.143714214297
156.0 11.00386 0.0440150066323 9.436876 0.0284477167271
157.0 10.141859 0.152224540531 8.5687 0.152620358138
158.0 10.18735 0.121197503783 8.615171 0.0398324184173
159.0 9.917172 0.0477699636737 8.335898 0.0782748432263
160.0 9.907535 0.158560953129 8.331596 0.184154867238
161.0 9.605568 0.121356765001 8.013445 0.131522899206
162.0 9.716343 0.15857720643 8.123033 0.00461874420667
163.0 9.982424 0.16126832574 8.38999 0.161349803532
164.0 10.424604 0.164011195368 8.843663 0.0781946210619
165.0 10.739067 0.127454110131 9.166153 0.00177874564401
166.0 10.768897 0.0237901868602 9.197397 0.164478046008
167.0 10.437918 0.138868873412 8.849807 0.119694175548
168.0 10.798643 0.0892160730757 9.217359 0.0951162958829
169.0 10.578386 0.149438530175 8.990904 0.166211743689
170.0 10.428889 0.135795191713 8.844667 0.0130708984716
171.0 10.636912 0.168034927719 9.054772 7.38068445858e-05
172.0 10.906248 0.0432156452851 9.328898 0.0134245914403
173.0 10.507249 0.0472747769164 8.914455 0.183069797989
174.0 10.557131 0.0458168990169 8.957642 0.0764932058826
175.0 20.479023 0.0772403248491 19.073377 0.0167511917096
176.0 21.714221 0.156273300669 20.325016 0.0702231289935
177.0 22.716396 0.00971433034249 21.340344 0.092293323407
178.0 21.659598 0.0330687162042 20.269237 0.146038548889
179.0 23.130775 0.023081616084 21.75763 0.0132166140226
180.0 23.330035 0.0385260270869 21.957054 0.0354359100513
181.0 22.45307 0.138342337819 21.066149 0.0110829460879
182.0 22.874064 0.0948032451976 21.494548 0.182747468743
183.0 22.363844 0.0722259591796 20.975872 0.163309376835
184.0 21.033503 0.0183184881378 19.63282 0.18796657373
185.0 22.116829 0.0551808062751 20.727488 5.83259543693e-05
186.0 22.941306 0.0329696675773 21.564521 0.123145039412
187.0 23.080297 0.171124564379 21.704726 0.0482017252531
188.0 24.108872 0.161078836116 22.746288 0.00146316252026
189.0 22.827866 0.0185215541547 21.451094 0.0966689599403
190.0 22.369217 0.0190559705265 20.988899 0.198983183078
191.0 21.765227 0.0837042949208 20.375061 0.1703971207
192.0 20.316066 0.106279924294 18.909772 0.190684559714
193.0 20.464828 0.136175652357 19.063365 0.0170257335081
194.0 19.82743 0.131582383734 18.415909 0.0226696813395
195.0 20.906145 0.175704811561 19.50911 0.112376642215
196.0 15.378062 0.0974961795737 13.895181 0.0688080843863
197.0 16.061251 0.106186643038 14.587772 0.0397242213176
198.0 16.563795 0.0421639496129 15.101742 0.101886457105
199.0 15.947337 0.0415112297077 14.47271 0.177215980998
200.0 15.645395 0.179382978631 14.166508 0.086261824276
201.0 15.11567 0.0609700338839 13.629642 0.0252458014355
202.0 15.670577 0.149539805364 14.196831 0.0539374007483
203.0 15.834615 0.0588166149537 14.359519 0.0112873353738
204.0 14.774178 0.0125814725103 13.284142 0.00310303746706
205.0 15.720022 0.0468883081892 14.244225 0.0110530236597
206.0 14.944911 0.0228073628407 13.453855 0.146439345365
207.0 14.996046 0.154905010077 13.506849 0.181291822691
208.0 16.06675 0.184458065993 14.592571 0.0229063859795
209.0 15.621026 0.085380351189 14.140104 0.00138445128047
210.0 16.537787 0.00176689770698 15.070482 0.136095526053
211.0 17.30007 0.16721156737 15.847945 0.0184731509532
212.0 17.835432 0.174492029269 16.39445 0.0926237522181
213.0 17.710279 0.15834901865 16.264916 0.0959438040121
214.0 17.277077 0.112368306677 15.823101 0.19274482581
215.0 16.284504 0.182469457587 14.818572 0.0894984416251
216.0 16.938003 0.075264555388 15.473868 0.0806916048967
217.0 16.712443 0.0731925201437 15.243818 0.0488394428942
218.0 16.830568 0.0846941882665 15.362146 0.0320508313594
219.0 17.199886 0.105159291935 15.739413 0.0729043118526
220.0 18.319888 0.0311480448452 16.875183 0.0660898478187
221.0 18.013114 0.119408684607 16.565491 0.0731795744294
222.0 17.319905 0.0885186077763 15.865363 0.139630567385
223.0 17.333315 0.0896352500402 15.882818 0.0331585193758
224.0 16.269048 0.048124202683 14.805469 0.0657433466966
225.0 16.573402 0.087357395834 15.111932 0.190526844927
226.0 17.420494 0.0278603099806 15.972926 0.167755829197
227.0 17.655058 0.0337766224337 16.214211 0.0556693454923
228.0 16.668515 0.163644421117 15.210555 0.133844771231
229.0 17.443579 0.145193253068 15.9973 0.104305452192
230.0 17.3235 0.00233882407212 15.872113 0.136695874304
231.0 17.540992 0.0255697583357 16.094557 0.190070668263
232.0 17.658313 0.149684871003 16.215648 0.0703914266437
233.0 17.115358 0.00580289857663 15.661743 0.188792089135
234.0 16.24854 0.0597864279262 14.784917 0.000232351516647
235.0 15.171526 0.0981931879968 13.69164 0.0529027849262
236.0 14.150233 0.105772968724 12.655189 0.018099405225
237.0 14.423449 0.000947798320573 12.936275 0.186269114418
238.0 14.521431 0.000255532002212 13.033231 0.142341499351
239.0 13.915941 0.157397429523 12.413525 0.00532224054861
240.0 13.317109 0.111238325442 11.822951 0.0487248755579
241.0 13.912775 0.0631931773834 12.431789 0.108289105946
242.0 13.482731 0.0163348693821 11.990284 0.00408985319585
243.0 14.424128 0.193491075141 12.944375 0.0785497871056
244.0 14.073173 0.0899186814843 12.588416 0.0791917427093
245.0 14.109408 0.192563152876 12.627424 0.173262258403
246.0 13.527556 0.120192602912 12.031538 0.0456159536492
247.0 12.8418 0.147608650356 11.329043 0.0521674762599
248.0 12.566755 0.121698259164 11.049549 0.083745184516
249.0 13.063387 0.198660937986 11.558311 0.0550852490647
250.0 13.429517 0.0533536585313 11.928109 0.0892073738621
251.0 12.523245 0.0389682283583 11.007002 0.192388847255
252.0 11.849143 0.0254976923222 10.316369 0.0382495740013
253.0 12.394775 0.105901649851 10.870027 0.0792081058233
254.0 12.012987 0.194302732207 10.479255 0.0799072089811
255.0 11.764305 0.0152151111879 10.220663 0.0336950257665
256.0 11.920871 0.00244738130868 10.380881 0.140574216686
257.0 11.946716 0.0461695765115 10.404056 0.0588239490926
258.0 11.993919 0.104447136587 10.447435 0.0277488511202
259.0 12.386192 0.178364053664 10.848578 0.0773014326063
260.0 12.110508 0.171531223701 10.567018 0.0339978618148
261.0 12.086904 0.00920107111739 10.537996 0.0406733464292
262.0 12.181464 0.180852983384 10.633105 0.177207171169
263.0 11.9476 0.0794284210988 10.392962 0.152124437602
264.0 11.617292 0.017303142719 10.058521 0.161880965031
265.0 11.155379 0.0197508701628 9.584867 0.107839466044
266.0 11.50366 0.0062189458911 9.943456 0.0674354644079
267.0 12.189705 0.111514154323 10.645085 0.0871684512469
268.0 12.344626 0.119130459421 10.799375 0.189383535862
269.0 21.852311 0.111696886064 20.463744 0.0133686667512
270.0 21.826624 0.057448165119 20.435534 0.00713537216551
271.0 21.469551 0.0274656006867 20.073928 0.0983018765112
272.0 20.56468 0.0975750746617 19.155255 0.132438174975
273.0 20.824702 0.102619278176 19.418746 0.032213875178
274.0 22.040746 0.135920467374 20.648125 0.131229173273
275.0 23.330142 0.0386873184928 21.951893 0.154292303933
276.0 22.718087 0.0761009160255 21.333327 0.0349052550396
277.0 23.344574 0.183040478043 21.966874 0.102654416277
278.0 21.896568 0.184708671485 20.512616 0.123962228956
279.0 21.233206 0.167404418515 19.843153 0.0574247076842
280.0 21.904553 0.0699538138676 20.520242 0.0518891133949
281.0 22.564195 0.17079490391 21.187921 0.0103102184043
282.0 22.056626 0.0182981327386 20.674392 0.0668739728465
283.0 22.155476 0.183780554676 20.773611 0.151685752225
284.0 23.165914 0.0918633262987 21.796632 0.0312227346794
285.0 22.807676 0.0205183518275 21.432636 0.0994642005941
286.0 23.682412 0.134957797779 22.317288 0.185641909562
287.0 25.009508 0.0468324459586 23.660292 0.195369442115
288.0 25.425824 0.106604931324 24.083348 0.19093208195
289.0 26.215329 0.145214689623 24.880321 0.146794171089
290.0 27.421117 0.11289622346 26.102262 0.140888967253
291.0 27.128631 0.188947439456 25.806435 0.00600347316643
292.0 25.618428 0.161641699572 24.281384 0.0511870325341
293.0 25.478668 0.195134727288 24.138128 0.0835607507654
294.0 24.640585 0.139388165329 23.28715 0.0962320223976
295.0 24.472182 0.157505899335 23.115904 0.130783034896
296.0 23.53079 0.100307309694 22.164664 0.0123745751901
297.0 24.492795 0.0193029464702 23.141092 0.09273741355
298.0 15.384873 0.0211865182118 13.902044 0.177682386507
299.0 15.069057 0.0261087580151 13.580253 0.113740855852
300.0 15.657489 0.106646876623 14.17798 0.090363599021
301.0 16.359464 0.0752560514455 14.895838 0.141668046019
302.0 16.299192 0.0585089300755 14.836283 0.102641490845
303.0 17.255569 0.122654866362 15.809643 0.0870764538829
304.0 17.477074 0.165800520442 16.034983 0.140409520956
305.0 18.13803 0.172964682148 16.704205 0.0166629294575
306.0 18.165937 0.126406430753 16.729679 0.0884015377429
307.0 18.76134 0.0837987666002 17.336298 0.0161621656401
308.0 18.849239 0.129116768643 17.427014 0.148692267361
309.0 18.486219 0.0685765346812 17.058373 0.0877494522312
310.0 18.493152 0.151979191821 17.066338 0.133957109731
311.0 18.023369 0.0102337981939 16.587625 0.0288942020163
312.0 18.451136 0.0835615792772 17.02319 0.190111865931
313.0 18.574938 0.140092807392 17.148681 0.00794561755057
314.0 19.861446 0.194467890774 18.45133 0.00653819445168
315.0 19.366715 0.193576164222 17.952616 0.0205340467044
316.0 19.892794 0.0832811965408 18.486184 0.114472793721
317.0 20.052533 0.146113118837 18.649211 0.0488185947785
318.0 19.41464 0.0585652714953 18.002715 0.099066664638
319.0 19.28634 0.177247587855 17.872438 0.119296795347
320.0 18.939463 0.117181979505 17.520817 0.0274584985102
321.0 11.611782 0.159977353217 10.061348 0.0944838736587
322.0 12.260612 0.00394142736531 10.726772 0.164346400827
323.0 11.99302 0.182443992951 10.447782 0.106927098161
324.0 11.65362 0.101036201365 10.102976 0.0138120220129
325.0 12.146742 0.172719599338 10.613294 0.123522554659
326.0 12.638775 0.175365351644 11.119104 0.0167616474507
327.0 12.869782 0.000738684598553 11.350459 0.163323963558
328.0 12.117352 0.172088971261 10.585268 0.0496914802902
329.0 12.856018 0.043487121844 11.335072 0.0508366854526
330.0 12.97698 0.172147240175 11.458562 0.05706443505
331.0 13.247485 0.131746260683 11.733808 0.0435488331934
332.0 12.774818 0.051742139233 11.247782 0.03799537085
333.0 13.456908 0.0441524452745 11.946185 0.0411092463682
334.0 13.355104 0.18903587442 11.846237 0.0519410910199
335.0 13.380454 0.0597394180651 11.876284 0.00904930984494
336.0 12.775116 0.177265214391 11.257496 0.0327216622075
337.0 13.121251 0.138374623497 11.608931 0.190587775938
338.0 13.464842 0.022425082364 11.959769 0.0954747716034
339.0 12.849209 0.141881284697 11.329778 0.0697831247485
340.0 12.628421 0.138111187972 11.105724 0.10514547211
341.0 13.063872 0.042088605928 11.548041 0.0547688665221
342.0 13.953583 0.123398289749 12.454191 0.147418714624
343.0 13.863221 0.0600733234536 12.362243 0.171930457335
344.0 14.125121 0.0605916356921 12.631696 0.0983143819724
345.0 14.216396 0.00951104676934 12.720119 0.190368582911
346.0 14.473616 0.0657262612855 12.981571 0.0959988770104
347.0 15.084752 0.149288438216 13.600932 0.0424163488
348.0 15.466342 0.161651864164 13.985908 0.146445541786
349.0 14.745947 0.0464749374623 13.259541 0.125430302909
350.0 14.756027 0.0649461016062 13.265574 0.142745164824
351.0 14.125108 0.0649281500168 12.627276 0.185484044542
352.0 14.032182 0.145952352183 12.530121 0.110858903032
353.0 13.037159 0.0287360688275 11.518391 0.186274520879
354.0 12.582989 0.0170331695783 11.0571 0.00548484359898
355.0 12.718997 0.139948470239 11.190654 0.0202352074678
356.0 11.877047 0.0699672049019 10.333403 0.0674289918699
357.0 12.073465 0.147469805748 10.533845 0.113945250115
358.0 13.546508 0.0234560611458 12.037721 0.0305638321238
359.0 14.279411 0.104406300413 12.784989 0.196940741961
360.0 14.212884 0.137544666258 12.714727 0.0547454270892
361.0 14.991998 0.0952778655108 13.50884 0.148415473542
362.0 15.413247 0.161082643775 13.941011 0.0717424202554
363.0 15.478923 0.154617935507 14.006692 0.121900340528
364.0 14.809424 0.165156515538 13.326539 0.154888239024
365.0 15.302798 0.14462454293 13.829571 0.112229762155
366.0 16.266724 0.0354850315423 14.807349 0.0343954370779
367.0 16.758206 0.0558647875488 15.307722 0.0967531357714
368.0 17.873124 0.0287622348898 16.436412 0.175387944353
369.0 18.805891 0.139575601102 17.381138 0.128999430458
370.0 18.337116 0.137570273829 16.905097 0.0049986310548
371.0 18.269749 0.135707116698 16.840157 0.155836281465
372.0 18.949559 0.0846448473007 17.527519 0.0268724119778
373.0 19.825667 0.00898978396188 18.412972 0.00423476647047
374.0 18.529373 0.171363478783 17.100367 0.130007593815
375.0 18.7523 0.072498886854 17.338002 0.173528036553
376.0 19.440991 0.194458403519 18.037555 0.0209140201867
377.0 19.76197 0.0484471081907 18.363674 0.082264266699
378.0 18.67811 0.0389868113167 17.262527 0.00716502613054
379.0 18.807763 0.164945295288 17.397033 0.140157361877
380.0 18.992137 0.0211544716793 17.586831 0.0511301999639
381.0 19.154972 0.133833475748 17.751253 0.134798184809
382.0 14.762787 0.145309976295 13.292031 0.124948085518
383.0 14.903544 0.0386921101139 13.434469 0.168107683784
384.0 14.289886 0.147623408522 12.813352 0.0629561660092
385.0 15.041395 0.186956038318 13.575143 0.130965280108
386.0 14.754697 0.117795740989 13.287158 0.071253049185
387.0 15.660391 0.158720209361 14.205565 0.184547621275
388.0 15.110722 0.0149103258205 13.649123 0.0814156092584
389.0 15.11479 0.102392184901 13.655999 0.160642956877
390.0 15.94483 0.161627411779 14.500108 0.0726113896244
391.0 16.141508 0.121345468108 14.702365 0.126255758716
392.0 16.429264 0.142243709681 14.992978 0.103923812061
393.0 16.500547 0.0497481029096 15.06841 0.108112315691
394.0 16.54971 0.0338000308288 15.115373 0.140548602685
395.0 16.587964 0.0105478994966 15.15257 0.179466436391
396.0 17.512523 0.182343354142 16.091965 0.149763955576
397.0 18.470346 0.0250594709508 17.059951 0.0567292797513
398.0 18.506636 0.19702374506 17.094293 0.0748413747086
399.0 17.97245 0.124117175614 16.552644 0.0639168692798
400.0 17.672928 0.0738955792909 16.246352 0.125499715803
401.0 18.220219 0.0362196368262 16.803527 0.0908162223653
402.0 18.989588 0.0240639622895 17.585728 0.0351059424898
403.0 18.547771 0.159969719036 17.139598 0.0667441391046
404.0 18.197691 0.175806132 16.785936 0.18872557244
405.0 18.556913 0.0700507971817 17.149916 0.000576045903534
406.0 18.200378 0.15486684785 16.788224 0.123877182468
407.0 17.149489 0.11363417655 15.725559 0.045373371362
408.0 18.139946 0.0116637274727 16.73046 0.057135440136
409.0 18.689005 0.0932200739733 17.287965 0.0863588709221
410.0 19.583027 0.145359649564 18.191656 0.0875147668362
411.0 20.56425 0.110274497474 19.185664 0.171815532574
412.0 20.400256 0.0905097012822 19.015654 0.0163386962083
413.0 20.778031 0.127241464567 19.398079 0.0777408222779
414.0 21.104649 0.0839971857603 19.726465 0.115192600475
415.0 22.310304 0.0202527122444 20.948702 0.00245886059794
416.0 21.933431 0.134913816716 20.565524 0.171001378796
417.0 14.599947 0.155316623877 13.12588 0.162683268335
418.0 14.511679 0.162392599779 13.038728 0.00897104696973
419.0 14.35808 0.154326770818 12.879912 0.183848624662
420.0 13.677334 0.0219360430554 12.185589 0.027729568988
421.0 13.07488 0.16944176809 11.57586 0.0554437743238
422.0 12.16456 0.0848200324297 10.652265 0.190238154859
423.0 11.654743 0.0432995312285 10.133791 0.072723194915
424.0 11.975203 0.104510197862 10.456518 0.0110113663425
425.0 12.053368 0.0229219689039 10.532746 0.172093041899
426.0 12.35172 0.0069454384943 10.832298 0.107246691617
427.0 11.550127 0.194875436067 10.015842 0.0037412560427
428.0 12.36087 0.0306920307266 10.839366 0.116070944667
429.0 11.764502 0.0621286778055 10.227089 0.0148831282797
430.0 11.382274 0.162198241965 9.832823 0.102406074704
431.0 11.570556 0.195976387854 10.02074 0.148045168534
432.0 12.070072 0.139716086011 10.533334 0.113039076381
433.0 12.776863 0.172404434734 11.255327 0.0664593359988
434.0 12.958541 0.0234061603553 11.435902 0.123780198417
435.0 12.113745 0.0216284974678 10.574492 0.169130421518
436.0 11.994924 0.0107609430193 10.455476 0.121357156407
437.0 12.521734 0.0394186697295 10.991732 0.167271985878
438.0 11.917743 0.0898731304904 10.374997 0.0645478030627
439.0 12.383079 0.057650029102 10.848767 0.0771600883625
440.0 12.295604 0.0598890174755 10.762641 0.0500564628731
441.0 11.818349 0.0814840482691 10.275955 0.150088215842
442.0 11.651177 0.0350603830328 10.106681 0.0530620419293
443.0 12.331009 0.055354962308 10.800111 0.119456351137
444.0 12.044143 0.0117358523279 10.50393 0.131334259174
445.0 11.934284 0.0379389983058 10.38748 0.128869255793
446.0 11.611663 0.174215300997 10.057667 0.101945533158
447.0 11.210525 0.0458720820629 9.671528 0.131000998359
448.0 10.93753 0.195843618157 9.393867 0.198244615644
449.0 10.403478 0.00882282445905 8.84519 0.171308555818
450.0 10.349232 0.155520996257 8.785464 0.0158042356357
451.0 10.920552 0.0301396047512 9.36601 0.194401060032
452.0 11.535696 0.0339682907083 9.998139 0.00786987130016
453.0 11.675595 0.0396638355967 10.140118 0.164862670134
454.0 11.355579 0.12445440183 9.818262 0.0906670580725
455.0 10.931808 0.143531403327 9.388744 0.199830279291
456.0 11.177201 0.136730197652 9.645333 0.079741864637
457.0 11.868444 0.0976733669196 10.350877 0.0892539864374
458.0 12.020803 0.178985612863 10.505828 0.0863118154126
459.0 12.476995 0.097639225132 10.970913 0.15034022291
460.0 12.190377 0.0608929530402 10.676579 0.190381463817
461.0 12.988447 0.165351190746 11.490712 0.00915019617126
462.0 12.150026 0.0377622412429 10.636759 0.115712140443
463.0 12.458653 0.151336341925 10.947746 0.192234729769
464.0 12.471099 0.0147698596241 10.96198 0.158672724938
465.0 12.162518 0.0256064848923 10.64632 0.117841338935
466.0 12.741834 0.159585731287 11.238037 0.0412855937015
467.0 12.13218 0.121165899216 10.620047 0.196192704561
468.0 11.666837 0.192633236452 10.143724 0.094881687493
469.0 11.929508 0.131235499436 10.409633 0.114821683483
470.0 11.253194 0.122983845171 9.717946 0.133770485928
471.0 10.934639 0.104821976193 9.391808 0.0595110139122
472.0 11.269213 0.11151344432 9.736753 0.108478707323
473.0 11.646865 0.0483471878988 10.124336 0.00361526525069
474.0 12.380511 0.036144694726 10.872262 0.17274118956
475.0 11.771812 0.0117803168706 10.247733 0.119182867817
476.0 11.147148 0.100543341619 9.614299 0.176813262333
477.0 11.598569 0.182958074042 10.076216 0.134234681489
478.0 12.104299 0.0443257741 10.597499 0.0435358840715
479.0 11.496675 0.070359947699 9.975614 0.114753752912
480.0 11.691896 0.154428505824 10.174971 0.00298179703068
481.0 13.034171 0.00463415538819 11.544855 0.0251207407892
482.0 12.206726 0.157138904835 10.70173 0.0723632353478
483.0 12.221505 0.093034913584 10.71495 0.108957415751
484.0 12.910005 0.0184892150343 11.413437 0.166287089414
485.0 12.248669 0.0449931182143 10.744054 0.199257209827
486.0 12.046154 0.107532475256 10.534332 0.0514811411219
487.0 11.534297 0.143839624545 10.014026 0.0584561895116
488.0 11.174227 0.14349165201 9.64824 0.00668174467747
489.0 11.657555 0.0956312778273 10.139336 0.0183729438738
490.0 10.841799 0.103842309664 9.308655 0.052217639054
491.0 11.433873 0.123161439176 9.912423 0.17692130386
492.0 11.331445 0.108384937227 9.811755 0.155631605898
493.0 11.408231 0.158582727836 9.891656 0.120157695911
494.0 10.57894 0.123974892451 9.045489 0.0374258478814
495.0 10.037594 0.140594910078 8.493423 0.174083939728
496.0 9.858329 0.00854942733211 8.305926 0.101075692238
497.0 10.380745 0.0061644681739 8.840899 0.0931217525228
498.0 10.315249 0.150573933877 8.772216 0.145021139675
499.0 10.281183 0.168973801713 8.741315 0.0983007924618
500.0 21.701808 0.0349203192918 20.3397 0.160186707029
