0.0 15.974328 0.00670795280222 14.517233 0.0816198021516
1.0 16.652474 0.136430760456 15.181323 0.0705368176428
2.0 16.542105 0.126089635463 15.074426 0.0161267647556
3.0 16.244457 0.097882283829 14.782295 0.180076065314
4.0 15.303983 0.0637423001075 13.859141 0.0889743407229
5.0 15.414749 0.157033257567 13.969796 0.14654918136
6.0 14.516247 0.155520591908 13.086173 0.0154498860087
7.0 13.704957 0.0923793046684 12.290264 0.106822581425
8.0 14.602433 0.187256955918 13.172682 0.0578199365961
9.0 15.379253 0.183733208388 13.933478 0.107214991608
10.0 15.829236 0.152036226206 14.374577 0.162506253885
11.0 16.039608 0.0308410998742 14.581311 0.0425436918203
12.0 16.444535 0.00439139570478 14.977565 0.184566977247
13.0 16.188479 0.0262828992765 14.725717 0.118299766339
14.0 15.556857 0.0185452725123 14.106316 0.144316018774
15.0 16.091078 0.0869122457031 14.632064 0.118347702534
16.0 16.201882 0.131508240742 14.742321 0.00049827429785
17.0 15.464916 0.186254804799 14.017161 0.147776329546
18.0 14.928663 0.110825525115 13.491335 0.182695682386
19.0 14.738637 0.0742286316468 13.305824 0.0571792145201
20.0 15.300581 0.0813863689775 13.856519 0.0159121736621
21.0 15.541859 0.0142624758391 14.091928 0.11650536837
22.0 16.039726 0.152718042181 14.57909 0.122787638893
23.0 15.341723 0.0906756379714 13.89519 0.163752626754
24.0 15.329836 0.0193540955308 13.884679 0.15300799437
25.0 20.314041 0.119768904925 18.76987 0.188085630397
26.0 19.803708 0.0285464045774 18.270337 0.0624849754872
27.0 20.212688 0.0256529515843 18.670349 0.167442855484
28.0 20.281848 0.00547712435496 18.738796 0.0880245847678
29.0 19.888137 0.129920009091 18.35062 0.103666171609
30.0 20.329206 0.189241402604 18.782952 0.00262352797094
31.0 19.640172 0.192651036771 18.106037 0.112792047984
32.0 19.591815 0.0200668379526 18.057321 0.0999242920085
33.0 19.962714 0.166751340344 18.422797 0.19653067486
34.0 20.372038 0.119654972389 18.822909 0.0765594104636
35.0 21.281053 0.0325863216756 19.716735 0.107019649034
36.0 21.308175 0.00416959670754 19.743605 0.0641082380297
37.0 22.174332 0.179645590196 20.595728 0.167590834368
38.0 22.939094 0.167717158197 21.348308 0.0888408573436
39.0 22.551275 0.0881575930718 20.968171 0.0987652814354
40.0 21.526224 0.172520605856 19.960271 0.108605903559
41.0 22.086402 0.178150440447 20.509593 0.00890310810006
42.0 21.795076 0.148421837079 20.223917 0.0434630646261
43.0 22.243668 0.156839764191 20.665207 0.00815364898294
44.0 21.289698 0.0767085494371 19.727099 0.0751333397205
45.0 20.418841 0.10982535351 18.872327 0.176014025333
46.0 20.327295 0.190264058859 18.784153 0.143971501016
47.0 20.359094 0.178494714714 18.81737 0.186728922187
48.0 20.015731 0.124009224921 18.481995 0.0415923716816
49.0 20.409176 0.161899644804 18.866953 0.11879646119
50.0 21.151376 0.0500364405552 19.597007 0.0269062105858
51.0 21.144581 0.00905435489425 19.589047 0.170693591524
52.0 21.199297 0.0816277502758 19.644331 0.0362665708709
53.0 20.604948 0.0281209366846 19.062236 0.16202527912
54.0 19.975393 0.108438689956 18.442671 0.0801618018691
55.0 19.786309 0.109740366081 18.25901 0.0713524040213
56.0 19.872004 0.0236769603174 18.341537 0.0526035010357
57.0 19.701488 0.0270611813399 18.175598 0.111132399195
58.0 19.948144 0.0617601594713 18.417943 0.105215224023
59.0 19.251365 0.0984956779286 17.732605 0.136626785735
60.0 19.138139 0.065482386957 17.622639 0.0964788109643
61.0 19.674033 0.155251776137 18.14947 0.13108488368
62.0 18.79181 0.115932197522 17.291783 0.170759325422
63.0 18.538207 0.176113541819 17.041914 0.169952780614
64.0 18.742698 0.149107880835 17.244231 0.0708295677657
65.0 18.66678 0.173126049598 17.169646 0.197666238189
66.0 18.889372 0.121610375207 17.387519 0.0844335806428
67.0 19.309346 0.0768329702258 17.798179 0.130706130811
68.0 18.832006 0.14150897574 17.328095 0.152954160423
69.0 19.011601 0.113657345046 17.502849 0.144651393078
70.0 19.207091 0.0913499114904 17.696238 0.186148755276
71.0 18.908293 0.060182923076 17.401081 0.11892667683
72.0 19.328863 0.0298697594202 17.812535 0.108107923486
73.0 19.947403 0.109663707927 18.420782 0.178701605616
74.0 20.130824 0.138008399726 18.600712 0.0915400660153
75.0 21.090841 0.177035993916 19.544878 0.156610674603
76.0 21.438408 0.118617459679 19.886186 0.0704603532631
77.0 21.41713 0.143279360242 19.867006 0.0493239636684
78.0 21.16918 0.102987956686 19.622125 0.190277021008
79.0 21.923144 0.191413428081 20.362251 0.0955522331568
80.0 21.92638 0.175466192981 20.366605 0.193302340144
81.0 21.777077 0.0754842125871 20.21969 0.160859690799
82.0 21.909437 0.00370488514745 20.348709 0.109659654568
83.0 22.533559 0.0767718309941 20.962911 0.016670675532
84.0 23.345845 0.0775706234446 21.759981 0.172526921779
85.0 23.478158 0.157377210894 21.888336 0.00833357226999
86.0 23.117798 0.147548339857 21.534938 0.0286646308071
87.0 23.381566 0.133812214386 21.79272 0.115157678725
88.0 23.702075 0.123679937888 22.10836 0.192807937919
89.0 23.549084 0.0851796773029 21.958072 0.0617654348936
90.0 24.255446 0.0800728255575 22.651706 0.199533788974
91.0 24.637215 0.0754192749371 23.027692 0.105190219477
92.0 23.940709 0.115138295518 22.343184 0.0235948595483
93.0 23.079027 0.193692691612 21.497673 0.0433620441853
94.0 22.891417 0.0629037823594 21.314812 0.0622395922158
95.0 23.581764 0.0263278848276 21.991755 0.161322720018
96.0 23.637166 0.197694128799 22.046717 0.194664698569
97.0 23.464796 0.0395850792136 21.876511 0.178177831279
98.0 23.064569 0.192919504103 21.484736 0.0744259991618
99.0 23.382769 0.158035065799 21.796501 0.149468043501
100.0 18.237281 0.0473758089759 16.751423 0.0196712229476
101.0 17.661404 0.0574903132854 16.187455 0.158834024961
102.0 17.879048 0.0117498194292 16.400497 0.0365977700563
103.0 18.6263 0.15235661551 17.135773 0.0798753191957
104.0 19.464918 0.188686269345 17.9594 0.184237553791
105.0 20.003915 0.0403755075356 18.486717 0.181546903651
106.0 20.872006 0.0938961755032 19.338148 0.0869582060144
107.0 20.942353 0.105129042128 19.406369 0.15743963485
108.0 20.587816 0.158110208149 19.059347 0.0384578465525
109.0 21.254722 0.183634668668 19.714652 0.00830051347208
110.0 21.343512 0.0287089124135 19.802306 0.0345641316809
111.0 22.167629 0.133952347965 20.613126 0.0185170240281
112.0 21.503543 0.0441864494511 19.961584 0.134185621592
113.0 22.120039 0.0514839897945 20.565635 0.101357484261
114.0 21.337142 0.198106556736 19.797425 0.0561328632668
115.0 22.111951 0.140824647387 20.556001 0.12849304598
116.0 21.429851 0.156194982506 19.887752 0.0457999939461
117.0 21.650018 0.0259520543977 20.104966 0.142914985155
118.0 22.414211 0.192509795463 20.853117 0.0231871685679
119.0 22.443046 0.101299154175 20.882346 0.0904645427929
120.0 22.737733 0.137930824879 21.170722 0.0626632686038
121.0 22.846807 0.0161023572691 21.279227 0.00683819730098
122.0 23.565247 0.0208979797237 21.985493 0.168872110927
123.0 24.076283 0.183045453227 22.487105 0.0234329053577
124.0 23.227336 0.00409548286378 21.6549 0.0938803128256
125.0 24.014451 0.0660114098297 22.42886 0.122526685058
126.0 24.023274 0.00895649024872 22.438309 0.137782528857
127.0 24.145691 0.186582585857 22.557361 0.125354912551
128.0 24.600982 0.110756803338 23.004817 0.0187811910276
129.0 24.46612 0.0885939926894 22.872767 0.150160578669
130.0 24.563135 0.156935279889 22.967807 0.0563689308381
131.0 24.206285 0.0654473251705 22.617448 0.169358477637
132.0 13.128909 0.194111402589 11.756582 0.0593436914663
133.0 12.668034 0.179868536558 11.303903 0.149226474126
134.0 12.819903 0.0824365813769 11.452189 0.0334882942553
135.0 12.882944 0.0466258584343 11.51388 0.0944558121436
136.0 13.64423 0.104603143029 12.260107 0.179571694143
137.0 12.984867 0.123777215495 11.612147 0.196946818371
138.0 13.799782 0.181698093124 12.411122 0.0307188122632
139.0 13.575836 0.133611746975 12.190069 0.0360746856516
140.0 13.624846 0.0679413658469 12.239782 0.0121285167
141.0 14.337993 0.18161717214 12.938757 0.103923958763
142.0 14.615369 0.199792206006 13.211009 0.0969783138726
143.0 15.193964 0.191877072373 13.780433 0.0757002090916
144.0 15.5699 0.0254904084026 14.150567 0.189900709811
145.0 15.977249 0.00145135289059 14.552253 0.0131495171819
146.0 15.386785 0.0164066481143 13.97402 0.0942589171242
147.0 15.938015 0.183502363325 14.517117 0.181353030788
148.0 15.310034 0.0176098626662 13.901774 0.0110425382873
149.0 14.743616 0.0503796720848 13.347237 0.14798726728
150.0 15.732677 0.0362171750853 14.319683 0.126249602129
151.0 15.012036 0.0663747010518 13.613224 0.0811015590289
152.0 14.802912 0.123639626288 13.409353 0.196178549279
153.0 14.720976 0.187236276962 13.329827 0.00169204494652
154.0 14.722566 0.0788581727345 13.333093 0.0216705778182
155.0 14.249141 0.0932036572272 12.86892 0.00116511701052
156.0 14.676616 0.0744199689096 13.28892 0.0286595973058
157.0 14.942227 0.0404925060884 13.550264 0.0996110514795
158.0 14.779671 0.0113008690842 13.392343 0.0882512989361
159.0 15.171935 0.128602572891 13.777587 0.185650377816
160.0 15.268321 0.162058820079 13.873104 0.110946734133
161.0 15.835075 0.077771736498 14.427931 0.0513290925068
162.0 16.400012 0.0563698863902 14.982611 0.0151361538987
163.0 16.756826 0.158825795976 15.334092 0.0779664422173
164.0 16.464329 0.124149794679 15.048097 0.170225626308
165.0 16.000328 0.117463474837 14.591265 0.122976230121
166.0 16.016164 0.124665151904 14.605677 0.0319641362818
167.0 15.60669 0.112431499264 14.203468 0.154997029915
168.0 15.334714 0.0151151376419 13.935041 0.000829264995066
169.0 19.457124 0.194939370209 17.973284 0.169161325578
170.0 19.192466 0.191180601249 17.713005 0.061930938653
171.0 20.057268 0.165471154033 18.563727 0.0590439310425
172.0 19.486041 0.183598803337 18.002251 0.0944968109069
173.0 18.876601 0.127476023445 17.404539 0.173044434787
174.0 18.312439 0.0217658166664 16.851397 0.0109191474373
175.0 18.46915 0.14294546497 17.004946 0.159262095667
176.0 19.019735 0.188568729855 17.543537 0.111377610123
177.0 19.40543 0.166497699495 17.922237 0.0268108167096
178.0 18.780202 0.0223477234303 17.306831 0.0167913973152
179.0 18.138878 0.0621381630618 16.679485 0.0328121453993
180.0 18.289933 0.0108031294043 16.826244 0.0930950495678
181.0 18.118866 0.0484269277577 16.656545 0.148742809719
182.0 17.871005 0.101985928953 16.412302 0.0681071912609
183.0 18.354993 0.0200815731432 16.888242 0.173561645177
184.0 19.157505 0.00987649100577 17.675635 0.0548844571547
185.0 18.476078 0.066012365027 17.006059 0.157365585858
186.0 17.836013 0.0981591535068 16.378037 0.102118075069
187.0 17.971433 0.0322973224574 16.510867 0.164287916393
188.0 18.035728 0.164369690966 16.574479 0.150056297954
189.0 17.285767 0.134692601356 15.838688 0.104261992092
190.0 17.750358 0.0324870227471 16.294856 0.0804120303108
191.0 17.301261 0.040974984844 15.854812 0.0743970290645
192.0 17.923542 0.0187233962469 16.466147 0.0509866179477
193.0 18.866473 0.100546345135 17.392965 0.155540531234
194.0 19.705616 0.0478354148047 18.218346 0.18657336348
195.0 19.873135 0.0743145445975 18.38331 0.192547522967
196.0 19.41527 0.146345311526 17.935446 0.0637910073998
197.0 19.810356 0.013694884677 18.324371 0.0729188057575
198.0 20.068219 0.104519562423 18.576245 0.0759599897361
199.0 19.245246 0.0212124804058 17.769087 0.112329587404
200.0 19.004378 0.0210135463001 17.532651 0.120297449418
201.0 18.971507 0.18470534672 17.500877 0.189042210764
202.0 19.149609 0.124643949487 17.674169 0.165786566081
203.0 18.218073 0.00924516280801 16.758084 0.00253109941196
204.0 18.967366 0.0511763305944 17.491705 0.15683248568
205.0 18.287793 0.0228983606079 16.824363 0.164394319594
206.0 17.03937 0.104423856419 15.6043 0.0233901308781
207.0 17.498938 0.187085898491 16.054572 0.081422397703
208.0 16.931918 0.172645660184 15.499963 0.0650995244559
209.0 16.60503 0.0615015475745 15.178206 0.166574719199
210.0 16.883857 0.164264871635 15.452428 0.122332139606
211.0 17.593592 0.161769893056 16.147342 0.14642474827
212.0 17.493954 0.17369764632 16.049373 0.179991230282
213.0 17.87411 0.0801592810209 16.423783 0.172495345591
214.0 18.382507 0.127673269724 16.921477 0.108705593347
215.0 18.453004 0.108776298585 16.989362 0.0563471127953
216.0 18.095798 0.0717525824988 16.638985 0.0363041790873
217.0 18.103139 0.0561233457454 16.645742 0.185650252085
218.0 19.004148 0.0414262307494 17.53178 0.143543723799
219.0 19.235012 0.190474447007 17.759948 0.00212086622121
220.0 18.278514 0.0776343939569 16.819386 0.0521266874086
221.0 18.259948 0.0864921258079 16.801849 0.0355526578847
222.0 17.437187 0.0282839879114 15.995064 0.0976712646928
223.0 17.207243 0.154284830883 15.768193 0.18619204921
224.0 16.716683 0.169062149122 15.285151 0.00573637431469
225.0 17.02254 0.14139463756 15.585622 0.129746945999
226.0 17.18162 0.187787129522 15.741092 0.196784735661
227.0 17.397015 0.17150860687 15.953265 0.198221447167
228.0 17.705972 0.0680982650262 16.258074 0.047614012303
229.0 18.098061 0.199467184189 16.644964 0.140910972315
230.0 18.068789 0.188802446108 16.616709 0.156929388209
231.0 18.876175 0.171295610394 17.408877 0.0830752940303
232.0 22.841708 0.00573679538561 21.306493 0.138955300477
233.0 21.927837 0.0959576333952 20.408257 0.00596351784704
234.0 21.005225 0.137312034498 19.501879 0.0349151010337
235.0 20.357466 0.16303230432 18.868232 0.0363002356107
236.0 20.483253 0.111135085428 18.992543 0.0932372646471
237.0 19.907099 0.148204577356 18.42609 0.104390962168
238.0 19.594561 0.1439973168 18.119282 0.143665203371
239.0 19.645392 0.185085253248 18.169603 0.11256626915
240.0 19.692032 0.0904107452583 18.214685 0.0688676215405
241.0 19.88159 0.081987743769 18.400993 0.045856159517
242.0 19.524662 0.00411948768715 18.052042 0.0966793355591
243.0 20.006164 0.0647622955473 18.524237 0.0330574627316
244.0 19.517614 0.0732033735798 18.0462 0.0841299311768
245.0 19.824228 0.149610918815 18.348675 0.106101307607
246.0 20.556441 0.0937378633982 19.066376 0.132126125227
247.0 21.135275 0.130423347964 19.634124 0.0583493496559
248.0 21.854246 0.0318618050757 20.339874 0.0349389760628
249.0 21.292883 0.019741277328 19.787853 0.0151785969171
250.0 21.887956 0.178455721182 20.37011 0.109835822136
251.0 22.472423 0.0143446348382 20.945324 0.0921835308381
252.0 22.810443 0.119915665368 21.277971 0.0786747237355
253.0 23.618591 0.00049352960969 22.069888 0.123152504801
254.0 23.651723 0.060536875702 22.102053 0.0827450576646
255.0 23.114926 0.00580969882039 21.573828 0.0691422484659
256.0 23.630982 0.171293701386 22.078747 0.0480458509972
257.0 23.968408 0.0802919477282 22.420592 0.145903491135
258.0 24.613881 0.0445715736463 23.05557 0.0910913370179
259.0 24.185555 0.0534603085217 22.635999 0.107443739006
260.0 23.554516 0.106839298588 22.018067 0.186226969449
261.0 23.616692 0.0570366452901 22.079027 0.151761950578
262.0 23.181447 0.105849293552 21.6529 0.0821699040911
263.0 22.565617 0.0265881809384 21.046882 0.191822468175
264.0 23.420327 0.163658482082 21.885463 0.0979272439272
265.0 22.776898 0.166590795904 21.254322 0.0145848038558
266.0 22.258789 0.180257212312 20.746781 0.16595111364
267.0 21.725742 0.102310118501 20.224675 0.180021379377
268.0 22.361091 0.00872179278501 20.84694 0.0221612450298
269.0 21.763567 0.00135372695693 20.25946 0.0280309491645
270.0 20.938715 0.0544071265891 19.451316 0.0136315989216
271.0 20.417714 0.0840442111383 18.941356 0.185701456385
272.0 19.695715 0.0488488737973 18.234558 0.126855472289
273.0 19.91587 0.0525594696087 18.449112 0.0792700840929
274.0 19.247815 0.0489924606194 17.794244 0.156463510702
275.0 19.613922 0.0553567142712 18.153936 0.118896592656
276.0 18.806705 0.00445596867535 17.361064 0.0144745836122
277.0 19.031615 0.0259518208847 17.582157 0.172687715924
278.0 18.501191 0.101193913255 17.061125 0.0383567232742
279.0 17.940161 0.139504312357 16.509996 0.0852517011482
280.0 18.21112 0.0322288940994 16.776646 0.0498558652221
281.0 18.497239 0.0986824890197 17.056291 0.0284104213598
282.0 18.157445 0.121528342192 16.723373 0.10162586903
283.0 18.480243 0.0263406275121 17.039095 0.157916492613
284.0 18.749232 0.137572428634 17.303761 0.130188654686
285.0 18.431129 0.140092821992 16.992051 0.0988296909957
286.0 18.722374 0.102334099041 17.277664 0.00213181832165
287.0 18.494184 0.169569313493 17.054264 0.17858340153
288.0 16.54653 0.109302810213 15.136051 0.162174450704
289.0 16.539585 0.0948578776844 15.1277 0.050276526214
290.0 17.126429 0.144188762042 15.701751 0.104792672325
291.0 17.195961 0.0936525630733 15.77138 0.0504165128073
292.0 17.895965 0.0562655618743 16.45828 0.171946119284
293.0 18.141272 0.149413436575 16.700299 0.137787840569
294.0 18.111142 0.105339110563 16.671514 0.00955258782756
295.0 17.421892 0.118895978053 15.994873 0.0659956425023
296.0 17.94946 0.0304190435405 16.512188 0.0477766359602
297.0 18.042347 0.160023480797 16.603467 0.155030817708
298.0 17.548513 0.108598365055 16.120808 0.0638133840654
299.0 16.803442 0.0355261627221 15.39071 0.0779854145006
300.0 17.681854 0.132286895492 16.254571 0.106542670634
301.0 17.144209 0.0841130436263 15.725946 0.139778173331
302.0 17.719949 0.125253310878 16.290535 0.129314472229
303.0 18.285706 0.196314107841 16.844008 0.166554555977
304.0 17.359809 0.0177073423465 15.933375 0.0165904270205
305.0 17.40068 0.0463309389583 15.972437 0.0386346962728
306.0 16.477093 0.124302151242 15.065228 0.0533787021253
307.0 16.113963 0.126179594177 14.70956 0.0363801188039
308.0 16.443811 0.105357570384 15.03471 0.171968218253
309.0 16.675489 0.180607112427 15.260869 0.0418290660928
310.0 17.463309 0.155113346824 16.034756 0.0315737386299
311.0 17.338882 0.174141431973 15.912968 0.00641177549609
312.0 24.311626 0.0284189163757 22.763263 0.184350384367
313.0 25.118155 0.194957943877 23.55414 0.162003693048
314.0 25.513508 0.142981984219 23.942582 0.0796266062779
315.0 26.193206 0.086683649283 24.608427 0.0505764051828
316.0 26.160527 0.129914475064 24.577173 0.0318062039682
317.0 26.783467 0.0673331120004 25.188114 0.185304209821
318.0 27.541115 0.139688720553 25.933281 0.134537559301
319.0 26.653395 0.141939580862 25.06125 0.0641468324914
320.0 27.145033 0.0998969619729 25.54254 0.146584179834
321.0 27.32826 0.130681962798 25.722566 0.0195265860975
322.0 26.438356 0.0631754690262 24.846813 0.0812449415209
323.0 25.873464 0.144703947241 24.29279 0.0569146630815
324.0 25.155187 0.195347312285 23.587411 0.178020697753
325.0 24.293874 0.0857768138911 22.743117 0.00452789856734
326.0 23.741653 0.166096623045 22.201916 0.0453613767814
327.0 23.452027 0.02986899304 21.918334 0.0249327778914
328.0 22.769752 0.0735496611517 21.249338 0.00133925143807
329.0 23.40266 0.0802590282679 21.870827 0.103749130943
330.0 23.797882 0.0858612096897 22.25726 0.076158618875
331.0 23.045022 0.130838819307 21.518423 0.113726864858
332.0 23.456336 0.189059410534 21.922706 0.11849684158
333.0 23.472273 0.0760633160858 21.939684 0.197594409121
334.0 23.094349 0.165525505559 21.567151 0.193710110917
335.0 23.124006 0.0898998728682 21.597977 0.0750537990493
336.0 23.575056 0.130931033837 22.040863 0.143880401676
337.0 23.442533 0.184200402248 21.910393 0.0355451022327
338.0 22.689308 0.0114560414725 21.17075 0.0161565203208
339.0 22.795886 0.0479915963158 21.277228 0.176850746314
340.0 22.644315 0.0576772049924 21.129139 0.173009884871
341.0 22.966635 0.00780367712425 21.44362 0.0535777895048
342.0 16.941383 0.0781420730311 15.526293 0.0940444778472
343.0 17.104754 0.0766372313915 15.684759 0.0644809187648
344.0 18.134098 0.180854113025 16.696867 0.183220530063
345.0 19.058097 0.137339489907 17.603904 0.0309299832957
346.0 19.321822 0.00849327265188 17.861056 0.173573093487
347.0 18.994771 0.131616990768 17.540579 0.0712029627721
348.0 18.600211 0.0641732590408 17.152954 0.172213456207
349.0 19.463279 0.0344294263186 18.001403 0.191176136083
350.0 18.713218 0.00739884298162 17.263401 0.114432482138
351.0 17.924254 0.167039611746 16.491032 0.170780694566
352.0 17.230781 0.192098442451 15.812031 0.179405167523
353.0 16.953338 0.148947663922 15.537865 0.144613019847
354.0 16.926425 0.0595250226193 15.511288 0.117975978941
355.0 17.468677 0.112543162854 16.041999 0.1058136395
356.0 17.051596 0.0188507998897 15.632777 0.0528808448548
357.0 17.523208 0.00694388479258 16.094715 0.0814491174596
358.0 17.539921 0.0913211041043 16.110208 0.146087116338
359.0 18.337064 0.163957430646 16.891607 0.0189592305044
360.0 18.641004 0.110273506651 17.191639 0.17022105118
361.0 18.378024 0.0802473371557 16.931636 0.0510406644669
362.0 19.086794 0.149048947805 17.626723 0.0879788498462
363.0 19.960312 0.0844531546344 18.484857 0.122286788743
364.0 20.043371 0.0480577269339 18.566746 0.134528118443
365.0 19.367343 0.137317847269 17.902182 0.0945847415533
366.0 19.170993 0.17329440645 17.708185 0.0981132689736
367.0 19.550554 0.089922413503 18.081082 0.137295909271
368.0 19.643114 0.162945617397 18.173817 0.0928524901718
369.0 20.237529 0.0495330119585 18.756208 0.122292870964
370.0 20.381026 0.0929955172312 18.897515 0.0199473587639
371.0 19.790349 0.0374517859549 18.316781 0.017869321686
372.0 20.473533 0.0194229139779 18.986222 0.176986980669
373.0 20.403852 0.174077147341 18.916042 0.0266358265669
374.0 21.111524 0.0269810644013 19.610836 0.0760123259115
375.0 24.236168 0.00633304003388 22.676348 0.177377518073
376.0 24.135973 0.0157836081796 22.576131 0.17479243782
377.0 23.963621 0.0297685671628 22.40897 0.0356512755706
378.0 24.130641 0.0116526427162 22.572889 0.164972953181
379.0 24.842161 0.0142108473941 23.272638 0.0967373930266
380.0 24.927722 0.151965339981 23.356057 0.119824902964
381.0 24.222244 0.0395190675104 22.665119 0.0682686473689
382.0 23.450283 0.123255618859 21.906826 0.127784134661
383.0 24.307753 0.0794166921323 22.747423 0.142347451317
384.0 24.519617 0.0761540194894 22.956074 0.0387793296578
385.0 24.066781 0.0395038943227 22.511041 0.0582672054697
386.0 24.274082 0.0874377606278 22.71433 0.102830762624
387.0 23.904497 0.176320722405 22.353434 0.133754308591
388.0 24.301072 0.0797693407591 22.744435 0.109646779143
389.0 24.642147 0.115116293135 23.07925 0.058306566986
390.0 24.704098 0.0425306376692 23.142112 0.115565102978
391.0 24.55924 0.160437714504 22.999595 0.166006823237
392.0 25.235851 0.150098739169 23.665462 0.175137291784
393.0 25.867053 0.162825884095 24.283254 0.0869371565158
394.0 26.305774 0.037829816426 24.712246 0.113536282957
395.0 26.963104 0.139817257933 25.35701 0.0533623171396
396.0 26.48171 0.075774764746 24.884159 0.139157799163
397.0 27.18904 0.0845155470545 25.579278 0.168841088325
398.0 27.800092 0.0265319031431 26.181854 0.1319127977
399.0 27.780634 0.11686878634 26.164252 0.126239895905
400.0 28.591385 0.121660417394 26.962617 0.0600303244081
401.0 29.327654 0.03672047293 27.690607 0.0861846230615
402.0 28.695882 0.00861260166672 27.068534 0.0761775775178
403.0 28.617007 0.131744410547 26.990159 0.114346895675
404.0 27.980758 0.00876829480628 26.365085 0.0722017815214
405.0 28.370133 0.068226710391 26.748121 0.11308023271
406.0 27.786543 0.151883403537 26.174958 0.158792972521
407.0 27.343929 0.17221388298 25.741715 0.116352270244
408.0 27.439479 0.0476746826904 25.83617 0.019982858292
409.0 27.021839 0.0728428111565 25.42555 0.0312067822115
410.0 26.31265 0.0537059644496 24.727667 0.183284009918
411.0 17.721824 0.0620083186687 16.308818 0.0931844616627
412.0 18.259971 0.124666619926 16.835521 0.0193180924748
413.0 17.77322 0.122797004696 16.356744 0.140472639689
414.0 17.032809 0.115772138171 15.630798 0.0978000689401
415.0 16.709206 0.0836289123175 15.312219 0.0143707594869
416.0 16.718189 0.0559440986931 15.319125 0.128527755871
417.0 16.841942 0.177782538946 15.441286 0.194281147817
418.0 17.31832 0.0118706636093 15.907125 0.0875894712966
419.0 17.299736 0.0243308511618 15.889702 0.0968690789882
420.0 17.068568 0.0770752807798 15.662925 0.0954144473508
421.0 16.341315 0.121262694107 14.950914 0.0934934423128
422.0 16.613543 0.0397300969029 15.217885 0.164055318483
423.0 17.527093 0.101977753651 16.114719 0.152497194089
424.0 18.273666 0.0785580228711 16.846353 0.143347919344
425.0 18.979069 0.163213402874 17.540788 0.0596706742937
426.0 19.029243 0.162914586143 17.589145 0.133383185713
427.0 19.525916 0.185941873699 18.077292 0.0462517309557
428.0 20.149905 0.130624702544 18.690672 0.0840075079809
429.0 20.418079 0.112001286903 18.955033 0.00350854964098
430.0 21.015891 0.0566968964936 19.543653 0.0791360921384
431.0 21.69155 0.0310313351628 20.206387 0.0885607311919
432.0 21.934363 0.154931232692 20.443063 0.037203170389
433.0 22.690897 0.175656512301 21.185567 0.0838381707721
434.0 22.342701 0.00288118099002 20.842674 0.174032875347
435.0 22.558918 0.00247789878876 21.054291 0.0971902235924
436.0 23.140328 0.129718349901 21.623882 0.169581537214
437.0 22.781049 0.153519462578 21.270049 0.0977666925039
438.0 23.454953 0.116216702988 21.933449 0.106986805325
439.0 22.528392 0.169566451648 21.022606 0.0872193314143
440.0 23.231248 0.127489118518 21.711299 0.100098762972
441.0 19.845923 0.10514520915 18.382516 0.0334980903348
442.0 19.042695 0.0913724093201 17.593318 0.0171871415968
443.0 19.349312 0.152375079898 17.893037 0.138716819122
444.0 18.939251 0.1927708429 17.491436 0.178457743989
445.0 18.530936 0.165843724951 17.092638 0.0677863617761
446.0 19.067731 0.134985503754 17.620588 0.0573803749947
447.0 19.855327 0.15255325749 18.392767 0.122598991572
448.0 19.124945 0.120282372063 17.674538 0.0378690673788
449.0 18.796401 0.188290136009 17.351952 0.0820080401031
450.0 18.265472 0.17145649698 16.831193 0.0210862227886
451.0 17.56757 0.0596758888847 16.147462 0.188144899141
452.0 16.858887 0.0948057830624 15.451091 0.096188025851
453.0 16.30069 0.148757528781 14.901763 0.0514168699952
454.0 15.337865 0.0657043397699 13.954948 0.0976983929806
455.0 15.397573 0.0474185346575 14.014172 0.0148132143995
456.0 16.024258 0.104228056269 14.629281 0.0905878440049
457.0 15.591188 0.131308177814 14.203733 0.171992744042
458.0 15.237477 0.199279991488 13.85621 0.002672721621
459.0 16.001903 0.173904192013 14.607173 0.0202652428932
460.0 15.194709 0.112862834484 13.816889 0.0694883287761
461.0 16.216463 0.182897170496 14.821304 0.164332893457
462.0 15.422198 0.0233026172137 14.041459 0.0935865098814
463.0 15.003796 0.186209884071 13.63164 0.00530832821385
464.0 14.884583 0.0521848259681 13.515997 0.123069439048
465.0 14.341439 0.0779747398234 12.98224 0.0662006943386
466.0 13.519208 0.00332039741046 12.175865 0.156513984784
467.0 14.06407 0.0644752610558 12.709474 0.13808822209
468.0 14.823492 0.0138396304565 13.454181 0.00201080109449
469.0 15.793113 0.0347489880954 14.407122 0.0636590196202
470.0 17.01916 0.127229380247 15.617983 0.154106670142
471.0 16.768137 0.0219722018519 15.370152 0.0779534660853
472.0 15.942193 0.0930785880444 14.557864 0.0627997607643
473.0 15.986277 0.0627645106297 14.602106 0.010558509677
474.0 15.121786 0.0527328842887 13.752105 0.174708135054
475.0 15.41001 0.173416081518 14.03528 0.125742608929
476.0 16.121263 0.129958199705 14.734599 0.121864165671
477.0 16.469085 0.188163346594 15.075927 0.194091017878
478.0 17.237412 0.0537727584104 15.830931 0.12847899504
479.0 16.34709 0.0316345862348 14.955734 0.0826882325811
480.0 16.73179 0.161492301991 15.333277 0.113091346527
481.0 16.053508 0.144390580859 14.666834 0.148505508192
482.0 15.984875 0.0519427441125 14.600657 0.0841118771685
483.0 15.81903 0.0299329155057 14.43731 0.159701038534
484.0 16.415969 0.0311529395048 15.021717 0.114926463923
485.0 15.79915 0.0125912350688 14.418236 0.17311398504
486.0 15.926212 0.00354711728874 14.541365 0.0800335502148
487.0 15.170978 0.116753875142 13.79875 0.184505734878
488.0 16.021992 0.0479154676335 14.6329 0.187721884033
489.0 16.69624 0.0185422471555 15.294177 0.0102707750163
490.0 16.261819 0.0489093306231 14.868238 0.013569952159
491.0 16.086699 0.185120362379 14.697301 0.0404220434288
492.0 16.903512 0.195624576847 15.500409 0.0857076474438
493.0 17.679624 0.016262760771 16.263117 0.134829444968
494.0 24.187834 0.0467112269493 22.651014 0.119566861849
495.0 23.375907 0.0431966307445 21.854692 0.175683502899
496.0 23.024204 0.038469732496 21.50791 0.0578101236035
497.0 23.618649 0.145150831726 22.091128 0.0299919446039
498.0 23.224954 0.0261213171484 21.705668 0.113688911624
499.0 23.940343 0.0795982410719 22.406485 0.100465598584
500.0 23.537601 0.0548652047995 22.011549 0.0436871315797
