0.0 15.813302 0.109039048413 14.446359 0.048250746265
1.0 16.842855 0.137685741795 15.458859 0.195548213372
2.0 16.646552 0.0957344320039 15.26819 0.115575294153
3.0 16.987093 0.100108520539 15.603354 0.0332072208203
4.0 17.70213 0.0331915371605 16.306244 0.00944555364304
5.0 17.338943 0.134470360733 15.949613 0.178339980379
6.0 16.616369 0.197234544756 15.238985 0.0656410405542
7.0 17.503536 0.0154366450706 16.110686 0.0071297413042
8.0 17.036232 0.125517478789 15.651968 0.148337607901
9.0 16.301411 0.188191367665 14.928881 0.136038844338
10.0 16.723126 0.0997721884517 15.344056 0.00572373906166
11.0 17.632175 0.14385563821 16.237553 0.107359530478
12.0 18.216144 0.0369127553159 16.811038 0.0185353112513
13.0 18.892162 0.108203437872 17.474875 0.00198756333901
14.0 18.314673 0.0547713349434 16.909118 0.0672277504188
15.0 18.515247 0.0314505035193 17.104208 0.195074696129
16.0 18.238406 0.0883323958806 16.831155 0.193967791741
17.0 18.183225 0.088334938573 16.775542 0.0981599384546
18.0 18.430476 0.0305724591007 17.017921 0.0104472249182
19.0 19.249754 0.165144919724 17.820337 0.131234843089
20.0 19.25508 0.155564971642 17.825122 0.0560888097663
21.0 19.647639 0.190004536054 18.211628 0.109760990489
22.0 19.508054 0.151576423627 18.073828 0.194120468925
23.0 19.915014 0.0679269356637 18.474901 0.0242347695858
24.0 20.292269 0.110809377457 18.847143 0.0921331587507
25.0 21.013751 0.128574206954 19.553417 0.155489313557
26.0 21.454273 0.0315015253502 19.98394 0.180268603795
27.0 22.297254 0.0831494409765 20.812607 0.00623686777552
28.0 22.130289 0.0948736501017 20.647754 0.0339197758888
29.0 22.677637 0.0468955430573 21.184552 0.0610954354861
30.0 22.909833 0.176351865928 21.413021 0.123900818716
31.0 23.538257 0.128112919235 22.029405 0.0260412583578
32.0 22.694778 0.0336645521733 21.199612 0.164814812664
33.0 22.148285 0.0218681621436 20.663928 0.172649011585
34.0 21.413559 0.145154673502 19.942221 0.127203802625
35.0 20.773989 0.0702468521787 19.312705 0.0983951897857
36.0 19.969312 0.176572665512 18.523633 0.130361797175
37.0 19.659588 0.0928149961379 18.219075 0.109594217362
38.0 21.5917 0.153657250644 20.126417 0.0765577717068
39.0 21.911456 0.11223699589 20.439712 0.0174413985401
40.0 22.144656 0.0537869739733 20.669461 0.0221384373408
41.0 21.500372 0.0266790163653 20.037623 0.153648045943
42.0 20.746195 0.0526631700255 19.297768 0.166369054166
43.0 19.851897 0.127524621556 18.420191 0.0697098793702
44.0 20.730454 0.192112303355 19.281712 0.180383838582
45.0 20.496019 0.0993256712775 19.052395 0.177326637204
46.0 21.257929 0.0730672351637 19.801255 0.0592894768627
47.0 20.450507 0.0783050330323 19.01081 0.00695111702987
48.0 21.468679 0.0342048424233 20.012057 0.0768500727437
49.0 21.928521 0.131490228542 20.464769 0.0324673494678
50.0 22.327001 0.0640154311759 20.857882 0.171775155399
51.0 22.374501 0.19482515436 20.902989 0.0534921572494
52.0 23.197521 0.0318630204144 21.710124 0.181024620905
53.0 24.026092 0.155470334428 22.52374 0.131177980768
54.0 24.836117 0.0916934353499 23.317705 0.095359268512
55.0 25.129823 0.173221930585 23.604673 0.107869592886
56.0 24.857579 0.171958517556 23.339232 0.0909016163143
57.0 24.823838 0.00650542939606 23.305166 0.12430841824
58.0 25.74082 0.0600487062194 24.207245 0.0240430135521
59.0 25.895969 0.064525505217 24.359643 0.186474066688
60.0 25.352143 0.192511447118 23.8242 0.00785935973277
61.0 24.923855 0.0943466141532 23.403618 0.0451854130126
62.0 25.760602 0.169695003146 24.226592 0.0479677749837
63.0 26.234383 0.115684147177 24.691906 0.118033466958
64.0 26.8221 0.0238095915475 25.268065 0.0973179130242
65.0 27.142441 0.134140180864 25.581239 0.0453363543192
66.0 20.874912 0.131472468461 19.436151 0.145364057684
67.0 20.994668 0.00797991552265 19.55373 0.0914495831072
68.0 21.154998 0.16212265091 19.710548 0.151212422451
69.0 21.597917 0.029394102285 20.145461 0.0389034414481
70.0 21.987939 0.0911215080753 20.527151 0.168859100162
71.0 21.182648 0.169320589809 19.73552 0.080096154464
72.0 21.342211 0.129620628282 19.892664 0.00598578768519
73.0 21.621148 0.133045973756 20.164863 0.0887746487019
74.0 22.091697 0.170120342059 20.627813 0.12797007081
75.0 22.229937 0.0635954917666 20.763347 0.173949753225
76.0 21.958291 0.164348233614 20.49491 0.141214431596
77.0 21.529367 0.112334599809 20.075764 0.170317958812
78.0 21.736058 0.0460671307211 20.276994 0.0953188625347
79.0 21.251191 0.0405584281474 19.800852 0.194902984261
80.0 21.980556 0.00462494146121 20.517384 0.00557218293787
81.0 22.256804 0.0101646898556 20.788219 0.143292554564
82.0 22.046186 0.0598501644194 20.583085 0.0423876161388
83.0 22.452211 0.122417495501 20.982548 0.00874099382834
84.0 22.509225 0.125023727049 21.039357 0.133237348048
85.0 22.232299 0.157357808187 20.769335 0.0224058301243
86.0 21.818606 0.17496352943 20.363301 0.103370715324
87.0 21.72292 0.100933723504 20.270603 0.140871728754
88.0 20.834545 0.0214610609611 19.396852 0.149573662759
89.0 21.066583 0.142919142389 19.624861 0.00979880573007
90.0 20.637732 0.0597501329013 19.202858 0.100242344751
91.0 21.567357 0.148487363723 20.116129 0.138820809328
92.0 21.548289 0.132509598914 20.098905 0.131173270585
93.0 21.413021 0.171520423521 19.965598 0.0137913046801
94.0 23.950676 0.0541170294452 22.458048 0.0470565161801
95.0 24.702143 0.189632554806 23.194754 0.0839523129382
96.0 24.06794 0.181877614947 22.571801 0.0948949253598
97.0 23.454354 0.197348123705 21.968166 0.193414335801
98.0 23.022755 0.157697838357 21.544967 0.00405209094898
99.0 22.99071 0.073654753049 21.514356 0.146216432908
100.0 22.341953 0.129100423758 20.875885 0.135629747818
101.0 22.29938 0.154456276189 20.833387 0.0414841941305
102.0 22.428271 0.0478550977422 20.960589 0.0614892964662
103.0 21.76565 0.146208514561 20.310849 0.144402551233
104.0 21.889208 0.187724204558 20.432983 0.111160169573
105.0 21.190853 0.160893884353 19.745921 0.0590954370433
106.0 20.315309 0.177813498905 18.885554 0.0922114375085
107.0 20.351076 0.0756033966668 18.922608 0.0694860368262
108.0 20.019709 0.184194974482 18.596057 0.0363105840819
109.0 19.892089 0.0468001484664 18.469778 0.0399346088687
110.0 20.110846 0.0188572682937 18.682811 0.0069208384867
111.0 20.467769 0.0718083693499 19.034727 0.127868902375
112.0 20.678572 0.0208179051545 19.241293 0.0221910084911
113.0 20.040691 0.142736527834 18.615069 0.0388691065809
114.0 20.832832 0.177814597935 19.391155 0.119499561246
115.0 20.507104 0.0977412633062 19.072853 0.143495453677
116.0 20.511449 0.0839724298961 19.076558 0.00213782509193
117.0 21.468562 0.0479982654419 20.017925 0.189665074754
118.0 21.456093 0.182494464591 20.005201 0.0292632039881
119.0 17.719427 0.062113117698 16.332446 0.194252986449
120.0 18.324058 0.185732529684 16.925423 0.146148629598
121.0 19.147882 0.0357161519461 17.734297 0.00278597116412
122.0 19.259631 0.0686981270003 17.842216 0.0744724181371
123.0 18.441791 0.155636729214 17.038104 0.00435901254034
124.0 19.270864 0.0359533318926 17.850132 0.158428945334
125.0 18.827213 0.00552648346676 17.416676 0.169457029398
126.0 19.098043 0.0537183976422 17.683564 0.0600066066906
127.0 19.209849 0.142289192852 17.792765 0.000569694283872
128.0 19.511915 0.13251112871 18.090642 0.0770314886876
129.0 19.867898 0.178890175591 18.439544 0.123853642115
130.0 20.388818 0.19904845988 18.950958 0.191372503409
131.0 19.625742 0.155494292256 18.202886 0.0058301475967
132.0 20.195628 0.06491812117 18.761328 0.151107161379
133.0 20.270068 0.0414827942034 18.833463 0.139401336544
134.0 20.709936 0.0114122304429 19.264691 0.174538617478
135.0 19.936376 0.0225070355416 18.507394 0.119849585219
136.0 20.746163 0.0671475769208 19.301922 0.0368864639426
137.0 20.939045 0.0281762198201 19.491952 0.132847199375
138.0 21.551523 0.0328097441301 20.09149 0.139505543007
139.0 20.760958 0.00674762996859 19.31734 0.135300741529
140.0 20.085095 0.199866647486 18.652096 0.0769388201186
141.0 19.391528 0.140483176902 17.970135 0.0650769955177
142.0 18.837038 0.0664936750952 17.426256 0.166227252987
143.0 19.524336 0.15442990766 18.100669 0.182603566169
144.0 19.127332 0.145698371687 17.712156 0.0473933701306
145.0 19.709719 0.199742877079 18.285524 0.00238187055041
146.0 23.580638 0.0897590289768 22.080538 0.0969850362461
147.0 24.584455 0.18245594899 23.06741 0.090297020763
148.0 24.577543 0.14026586359 23.061577 0.114024408456
149.0 24.212702 0.0667348417749 22.703789 0.169604622734
150.0 24.977922 0.162084132694 23.455151 0.0313196704655
151.0 24.781644 0.0932321326964 23.264336 0.130810506703
152.0 24.045787 0.0824466116272 22.540905 0.0920340907761
153.0 23.585754 0.10202571994 22.088623 0.0497018911501
154.0 23.726307 0.146339231849 22.227116 0.0746928836668
155.0 23.665051 0.0905977695518 22.167836 0.130114950839
156.0 23.344574 0.188605416875 21.851914 0.151891641312
157.0 23.159615 0.0475260712804 21.668811 0.148446103206
158.0 22.669028 0.17623866354 21.185695 0.00572896692137
159.0 23.168971 0.149804768434 21.674525 0.101284111816
160.0 23.479031 0.0598995144043 21.978042 0.107923772687
161.0 23.721299 0.0165345864028 22.217826 0.111991678906
162.0 22.726378 0.144082330687 21.239543 0.153488820459
163.0 23.384802 0.0318514800312 21.884957 0.0203691779369
164.0 23.076861 0.110547866547 21.583306 0.080204616931
165.0 22.356501 0.0132811727255 20.874649 0.0129591232727
166.0 21.482988 0.0470918154241 20.016648 0.110606005002
167.0 20.707109 0.0510817294918 19.253966 0.0233240470707
168.0 21.412092 0.135379725257 19.945394 0.136398330708
169.0 20.92114 0.0626468531331 19.464972 0.0370272037731
170.0 20.952346 0.0676830181176 19.494449 0.0881326258275
171.0 20.908316 0.115485716142 19.453041 0.0203965096645
172.0 19.467821 0.0395634722876 18.032804 0.165417374193
173.0 18.726109 0.147574618288 17.306871 0.108479815
174.0 17.760387 0.170693403173 16.358028 0.0798425947202
175.0 18.7651 0.0255681369024 17.346071 0.0847151602542
176.0 19.060393 0.113484605852 17.635882 0.166942659743
177.0 19.403907 0.197501280861 17.975129 0.10138036335
178.0 19.281685 0.031650359767 17.853737 0.153038564679
179.0 19.777816 0.174519127791 18.339777 0.0713086151041
180.0 20.199568 0.125090066759 18.754973 0.0505532784466
181.0 19.61408 0.186340862604 18.179545 0.186096772103
182.0 19.6635 0.00718844369344 18.226219 0.0287087298783
183.0 19.272043 0.0392569078579 17.843007 0.175655330284
184.0 19.921452 0.0244575795855 18.481241 0.0077464402359
185.0 19.278036 0.148329281881 17.849516 0.124399192775
186.0 20.062527 0.0165012922006 18.621412 0.149113843234
187.0 20.02429 0.0985851266617 18.584079 0.0934160431029
188.0 19.719359 0.0789219204933 18.28629 0.0223810181874
189.0 19.640198 0.125564961178 18.208593 0.12545422983
190.0 19.739277 0.0531986999318 18.306181 0.186652208098
191.0 19.629559 0.0517407748017 18.197851 0.154304541595
192.0 20.410007 0.191887572436 18.961923 0.0671869763043
193.0 21.295708 0.0987362331463 19.830395 0.0655561343129
194.0 21.606427 0.135563286331 20.136924 0.0799524534718
195.0 21.124528 0.177720436095 19.664614 0.150273926128
196.0 20.32321 0.0323087566629 18.878849 0.186615064057
197.0 19.65058 0.0844233486552 18.217911 0.144960164218
198.0 18.694798 0.128208549789 17.279057 0.118918354702
199.0 17.852293 0.0338593123088 16.451523 0.152807204215
200.0 18.796428 0.121787013343 17.379279 0.0578183000575
201.0 17.274748 0.119419316084 15.885173 0.0840674330306
202.0 16.55795 0.150679123838 15.182984 0.17250737095
203.0 16.648779 0.176389126297 15.270903 0.170726045922
204.0 16.823262 0.14858147518 15.443263 0.0137021125027
205.0 16.216328 0.106085727326 14.846821 0.0871619478888
206.0 16.302747 0.0234292005221 14.933386 0.0756211981034
207.0 15.888927 0.146297717137 14.525771 0.0651418840556
208.0 16.186792 0.0304148467821 14.817561 0.0325345905681
209.0 15.519755 0.1865461365 14.164469 0.0016565630068
210.0 16.188749 0.0920282190648 14.820601 0.0234174565071
211.0 17.07993 0.121560015715 15.695486 0.0676523813691
212.0 17.681296 0.0400934652805 16.286037 0.151776761113
213.0 17.302817 0.148963339429 15.914351 0.151163704594
214.0 17.275312 0.0736117468016 15.889184 0.165181122205
215.0 16.684289 0.174594081675 15.308295 0.147496477967
216.0 16.162292 0.0245399428248 14.795843 0.130784404734
217.0 16.284108 0.187709159804 14.915775 0.179219538572
218.0 15.947379 0.138979006904 14.584183 0.152441001599
219.0 16.738276 0.0386952328245 15.359697 0.179749354058
220.0 16.781027 0.192535985555 15.400949 0.184489917063
221.0 16.900003 0.0807682240477 15.517036 0.030196909651
222.0 17.346195 0.17584844183 15.954061 0.0591516911587
223.0 17.631214 0.121208144777 16.234091 0.133203191759
224.0 17.205812 0.176074748861 15.81653 0.0875812221346
225.0 16.540909 0.0129311984931 15.162313 0.0524849310726
226.0 16.598741 0.193138928363 15.217499 0.0673704448999
227.0 16.940199 0.022073700137 15.550904 0.0711895189927
228.0 17.839158 0.193817484812 16.432605 0.134506243748
229.0 18.349002 0.119708262793 16.933288 0.043735673924
230.0 18.6041 0.120801842417 17.184636 0.0111522620128
231.0 19.406921 0.0993029955833 17.97353 0.0594778033704
232.0 19.152511 0.151219133515 17.724416 0.189726958008
233.0 18.479084 0.0747068554906 17.06371 0.109836744996
234.0 17.847156 0.00861908330039 16.44405 0.0113239831782
235.0 17.039777 0.0498700385068 15.652181 0.0543166117738
236.0 17.542504 0.136352519219 16.14579 0.00679060870175
237.0 17.698463 0.015788447348 16.29414 0.0965548544003
238.0 17.675197 0.136934514042 16.27034 0.00752473581801
239.0 18.443135 0.0562704403273 17.023935 0.0635459701637
240.0 18.03679 0.106012519775 16.625655 0.152136693742
241.0 18.614595 0.0957187616589 17.194736 0.135485784927
242.0 17.95549 0.0940325362602 16.547101 0.0731220446191
243.0 17.030869 0.0351721749878 15.639157 0.115887909231
244.0 17.688562 0.144048356856 16.285225 0.00731807169804
245.0 17.946444 0.133697179692 16.538636 0.0307981116942
246.0 18.714789 0.195244243078 17.293346 0.101110084451
247.0 19.544074 0.0419699576693 18.107879 0.0886001269828
248.0 19.868493 0.0366446074971 18.42577 0.0876796597451
249.0 19.190812 0.0499494089347 17.759119 0.0948989916073
250.0 19.98524 0.0935044394808 18.540554 0.0257300405321
251.0 20.049897 0.0606537510395 18.603164 0.130809894956
252.0 19.96671 0.0355310246784 18.5233 0.169455834798
253.0 19.317111 0.0888560169576 17.887781 0.107976920807
254.0 20.276894 0.0407171454553 18.831515 0.10304939343
255.0 21.146635 0.0711986613117 19.6848 0.0677130876065
256.0 21.663295 0.0494785838159 20.190419 0.104666110649
257.0 20.889596 0.017011544156 19.429602 0.0484849190312
258.0 21.20131 0.107329334939 19.736571 0.116843310125
259.0 21.060177 0.0148304215964 19.597525 0.0409448729076
260.0 21.048627 0.0217170710895 19.586383 0.027540339225
261.0 21.603267 0.0904663158699 20.129178 0.115898973744
262.0 20.707146 0.119969437221 19.247792 0.0408300528567
263.0 20.153985 0.13852145417 18.706445 0.156801112781
264.0 20.183051 0.0303979037155 18.734453 0.150340555536
265.0 20.49289 0.0894366141426 19.040663 0.190368608528
266.0 19.943385 0.0853680006714 18.501009 0.109334021722
267.0 19.819265 0.0214703761055 18.37975 0.0679199957091
268.0 20.48695 0.130618885165 19.03714 0.179057517211
269.0 20.435115 0.0534787914272 18.985877 0.0296507265855
270.0 20.770146 0.10677447605 19.316728 0.0729630116942
271.0 20.44556 0.143230173172 18.997111 0.0598147148559
272.0 25.568406 0.0145687316715 24.025911 0.193504229998
273.0 25.538398 0.0905340459641 23.995829 0.118289027751
274.0 25.458042 0.0629589468179 23.915547 0.123506601681
275.0 24.641855 0.101131498175 23.11398 0.0278574624047
276.0 24.858536 0.0247560571771 23.326035 0.197203066474
277.0 25.002134 0.0843918931794 23.466657 0.113576362218
278.0 25.308374 0.0809631265607 23.767313 0.0565711571817
279.0 25.945023 0.194068394591 24.391028 0.133525546702
280.0 25.29947 0.0614631622954 23.757272 0.0387771243369
281.0 25.537525 0.0406930736654 23.990839 0.193137694334
282.0 25.303799 0.101885234286 23.76096 0.00996532900854
283.0 25.505236 0.0938948829546 23.957501 0.125326621752
284.0 24.838558 0.163090634349 23.301792 0.150789966881
285.0 25.808547 0.02657566832 24.255405 0.00261787869504
286.0 26.174509 0.000348357060211 24.614365 0.0466227586782
287.0 25.456008 0.00231678037114 23.907421 0.188892084818
288.0 26.265606 0.0997294958252 24.700913 0.025379091971
289.0 25.967145 0.139598717422 24.407683 0.000853201038359
290.0 25.269861 0.00127057342699 23.722927 0.030760359527
291.0 25.786508 0.129529019416 24.232209 0.182336367547
292.0 25.380187 0.017886973651 23.834082 0.0349459054069
293.0 26.000776 0.137411386945 24.441886 0.00357162321739
294.0 25.592423 0.106217159978 24.041639 0.134425993394
295.0 26.192512 0.0119630574396 24.632169 0.184606106119
296.0 26.624786 0.101663240867 25.056854 0.0230058345716
297.0 26.391917 0.120987683953 24.829236 0.00975043925008
298.0 26.506038 0.112473678255 24.940191 0.166934917405
299.0 25.746107 0.1117606211 24.193841 0.101962304574
300.0 25.042668 0.0826379321805 23.502232 0.132202831451
301.0 25.93134 0.0445278023317 24.376604 0.0893485158459
302.0 26.540144 0.0282542415987 24.973464 0.0829660455763
303.0 17.375734 0.120554781721 15.988607 0.0127444021614
304.0 17.107896 0.141846262619 15.725848 0.0152841121378
305.0 18.06246 0.0681739367212 16.664415 0.0577890181708
306.0 17.322703 0.032154231228 15.938424 0.153924099048
307.0 17.864781 0.0877443781543 16.471998 0.0810644173262
308.0 17.039147 0.186524908308 15.662786 0.144010512403
309.0 17.629151 0.0876868120737 16.242477 0.0140771618188
310.0 17.101332 0.0668758259306 15.722996 0.0981378249033
311.0 16.240892 0.00197877280491 14.878208 0.140018770257
312.0 17.075552 0.0651341548382 15.696855 0.09945869636
313.0 16.071115 0.0905509616863 14.709586 0.0695223579943
314.0 15.392715 0.0630639207777 14.04544 0.123303924978
315.0 15.45884 0.0703213209149 14.109745 0.0841483446304
316.0 14.986125 0.14274718025 13.646683 0.0855912864783
317.0 15.412455 0.00186915809017 14.06412 0.193809608864
318.0 15.866427 0.0150755374282 14.510098 0.183883285687
319.0 15.624635 0.0574764566033 14.274726 0.075951175209
320.0 15.452333 0.175585806438 14.103974 0.0364787620856
321.0 15.329918 0.188173271481 13.982113 0.165692006978
322.0 15.809268 0.191752409271 14.453178 0.193263408838
323.0 15.40864 0.130072068731 14.05981 0.063651967801
324.0 15.649127 0.00857195174056 14.296726 0.0542333689524
325.0 15.382692 0.0312278948553 14.03506 0.165781889743
326.0 15.848808 0.0657412513623 14.493007 0.153030893339
327.0 24.02365 0.0586813801994 22.514809 0.142050354333
328.0 23.043241 0.0522109850503 21.551621 0.185840062272
329.0 23.306303 0.147924583426 21.808642 0.0274485439985
330.0 23.885196 0.109945374069 22.378811 0.185644387187
331.0 22.919649 0.180826505537 21.429467 0.139691260815
332.0 23.138851 0.0154815452815 21.645008 0.188660142462
333.0 23.528519 0.186368031294 22.025807 0.104966019663
334.0 23.908151 0.16003153149 22.398813 0.11292671936
335.0 23.177501 0.0793135114768 21.681685 0.034489906158
336.0 23.698899 0.0944338945014 22.193568 0.063969644742
337.0 22.758989 0.129447750968 21.270039 0.0578316752663
338.0 22.394688 0.0081727742525 20.912353 0.128020393449
339.0 22.469806 0.0330623722857 20.984406 0.0582687042967
340.0 22.097459 0.169706681399 20.620577 0.169100376564
341.0 22.267821 0.138599794159 20.786517 0.166971418031
342.0 21.971047 0.0816470012712 20.494857 0.183917380348
343.0 22.725058 0.125916723614 21.236232 0.183099586553
344.0 22.896987 0.137962411285 21.4058 0.123729913079
345.0 23.42273 0.189118813521 21.922224 0.100168262139
346.0 23.858401 0.0149622908446 22.351551 0.173825900342
347.0 23.822361 0.137028584629 22.315484 0.0401568547176
348.0 24.815182 0.0613488732558 23.291883 0.0600632121387
349.0 24.512304 0.125729836449 22.993555 0.0751894607005
350.0 23.927892 0.0212126814283 22.418682 0.156270741269
351.0 21.800825 0.0953964466794 20.335549 0.0751690778909
352.0 22.735201 0.0279815341568 21.25288 0.184948108308
353.0 23.310728 0.125577813381 21.817803 0.162317025158
354.0 23.986233 0.0840331974283 22.479429 0.111787300991
355.0 24.842284 0.0514266876135 23.320121 0.142344396079
356.0 25.456501 0.163159549278 23.922318 0.0962727183615
357.0 26.185392 0.124881461407 24.639195 0.155153469942
358.0 25.558074 0.10228393667 24.025014 0.187523786709
359.0 24.605412 0.086295686382 23.08881 0.180498227082
360.0 24.496251 0.0079328576413 22.982177 0.0289154177572
361.0 24.370499 0.0063799825931 22.857454 0.0433373051775
362.0 24.697941 0.0125824178424 23.178983 0.164168119946
363.0 25.293401 0.0805940921968 23.763947 0.00998907703653
364.0 25.265589 0.0838987856632 23.738306 0.151836772006
365.0 24.294918 0.12984499696 22.783919 0.0482814430453
366.0 23.915216 0.125588326037 22.412733 0.0146273776547
367.0 23.065658 0.0530316947909 21.576986 0.0319356825702
368.0 23.846823 0.183737222641 22.34429 0.183440063577
369.0 23.54164 0.0572997481481 22.043005 0.153937445154
370.0 22.843056 0.143892643104 21.357276 0.167290662425
371.0 22.2936 0.0555861560911 20.819766 0.140365347282
372.0 22.786764 0.0936793444831 21.302651 0.0674270378529
373.0 23.037785 0.0627777729848 21.547685 0.140234224887
374.0 22.721383 0.147004056862 21.236928 0.103066966127
375.0 22.613594 0.0191603624951 21.132579 0.0324336242719
376.0 21.783781 0.165502299298 20.318053 0.148054967864
377.0 21.116022 0.140907907291 19.662286 0.0860503733712
378.0 20.962213 0.00300400267797 19.513055 0.190196538024
379.0 21.817187 0.0631449066755 20.350861 0.0590070034964
380.0 21.131599 0.125600630401 19.67993 0.0457260345987
381.0 21.702296 0.0548046301266 20.238671 0.187099572363
382.0 19.977015 0.174814286123 18.554401 0.119174715762
383.0 20.201413 0.149282068948 18.772756 0.0647528072622
384.0 20.672411 0.0884721711378 19.235641 0.094199886791
385.0 19.960631 0.128300506342 18.535417 0.111784455034
386.0 19.907364 0.0147195087415 18.484241 0.134860055621
387.0 20.199402 0.0409232342969 18.770105 0.101657712211
388.0 20.355067 0.158029766988 18.922124 0.0439532953475
389.0 20.378275 0.117091443846 18.946062 0.16552716344
390.0 20.518621 0.00680831040435 19.085402 0.0818026674976
391.0 20.17977 0.175384735974 18.753932 0.123628158268
392.0 20.230325 0.042566836364 18.802449 0.097507613204
393.0 19.26571 0.151006006 17.85506 0.189152172339
394.0 19.134386 0.0364640439065 17.724322 0.00562351019752
395.0 18.368103 0.0526229790302 16.971379 0.0760538798135
396.0 18.876974 0.082677379782 17.469611 0.0488303687567
397.0 19.095772 0.0449059556466 17.683132 0.135616618736
398.0 19.84903 0.0416336158827 18.420854 0.184048769437
399.0 19.011165 0.0339459801405 17.598778 0.101124805496
400.0 18.820037 0.198006423704 17.410984 0.182320067864
401.0 18.9711 0.0856360332678 17.56031 0.0193433550276
402.0 18.983246 0.127312841904 17.57385 0.116793622734
403.0 18.741168 0.0326857150098 17.337365 0.0796850522956
404.0 19.615899 0.0120955497253 18.194874 0.197923141149
405.0 20.332365 0.0476772109131 18.897243 0.116933743985
406.0 19.97065 0.11908836874 18.543068 0.0968541514403
407.0 19.439479 0.0276546474863 18.020037 0.162826722772
408.0 19.181531 0.134606084678 17.765489 0.0179238239094
409.0 19.750151 0.0259248103704 18.322692 0.0796081027206
410.0 20.239352 0.104791416517 18.801297 0.0638118432052
411.0 19.548082 0.0454142101618 18.122203 0.0745189539396
412.0 19.450254 0.0759333475296 18.024589 0.0962990797377
413.0 20.183652 0.0153970012998 18.744448 0.0564247275007
414.0 20.91618 0.128450153085 19.461697 0.195529496655
415.0 21.091058 0.0635958840497 19.633452 0.0103694302951
416.0 21.487651 0.0511854149838 20.022209 0.169773115863
417.0 21.240338 0.040193219606 19.779496 0.157283890251
418.0 22.358023 0.07737850107 20.884988 0.03283244584
419.0 22.512542 0.117124733072 21.037881 0.102847013854
420.0 23.132627 0.134016032842 21.64474 0.127577895757
421.0 23.385332 0.0562722649373 21.892616 0.0853852422176
422.0 23.095971 0.191339523628 21.607538 0.101348996971
423.0 23.257948 0.13331352378 21.768457 0.179555523624
424.0 23.933715 0.0712432479154 22.433756 0.089135356394
425.0 23.104974 0.000701341007136 21.620558 0.164786092461
426.0 23.339258 0.0382546699868 21.84868 0.00349384988504
427.0 23.711924 0.169553671294 22.213419 0.11674461814
428.0 24.323013 0.00788569850914 22.811924 0.0619925525549
429.0 24.131854 0.00133742171642 22.62572 0.101109633187
430.0 23.263819 0.145382773324 21.772525 0.0509167579752
431.0 23.104518 0.179192765366 21.617252 0.122401412587
432.0 22.856925 0.156038757167 21.37293 0.0469181290169
433.0 22.454528 0.0411950900214 20.978858 0.0720912619515
434.0 21.655792 0.0759033225403 20.193602 0.0580456471587
435.0 22.473856 0.115524141564 20.994637 0.0192171811626
436.0 21.947483 0.133075697179 20.477454 0.194869798446
437.0 22.946425 0.0682223958498 21.459977 0.0083621095676
438.0 23.620023 0.173998925008 22.121552 0.125491080747
439.0 23.064744 0.0026326860547 21.575941 0.193797988515
440.0 23.345734 0.0322616365203 21.850122 0.0372111341987
441.0 23.411433 0.035008652011 21.914108 0.093684838429
442.0 24.187467 0.0462754989884 22.677885 0.119585862883
443.0 24.190798 0.0336825462337 22.681439 0.128252157454
444.0 24.421598 0.0378978936094 22.909335 0.0131098979621
445.0 24.264279 0.180465880377 22.756608 0.0496401442645
446.0 24.935227 0.144863923002 23.4151 0.0812818488147
447.0 25.398948 0.0880840900524 23.868697 0.10633394681
448.0 25.057432 0.0547655831103 23.532953 0.0943513036545
449.0 25.599338 0.147126904658 24.063619 0.0218485246477
450.0 25.84716 0.0431314766978 24.306042 0.0678514946691
451.0 25.734406 0.0227531621946 24.196852 0.190694350713
452.0 24.791906 0.122342681539 23.270636 0.0658075880868
453.0 19.269849 0.103441209052 17.860396 0.143668471929
454.0 19.820379 0.0934751929161 18.400057 0.0430073607762
455.0 18.899111 0.0944982279616 17.495444 0.0341790044066
456.0 19.047518 0.0663125981411 17.641504 0.18352679312
457.0 18.702313 0.0215344704034 17.303219 0.0350263084997
458.0 18.865368 0.0469067393175 17.462922 0.195273396774
459.0 17.989419 0.00286148533717 16.602457 0.0646159518085
460.0 17.089086 0.0443308585648 15.717857 0.118456989094
461.0 16.656182 0.112002954884 15.292759 0.193736562108
462.0 16.480463 0.188705447555 15.119777 0.0085007160418
463.0 16.664609 0.0236837563235 15.302078 0.148986134023
464.0 16.803858 0.0521792369853 15.439344 0.168381112033
465.0 16.121263 0.0899608759477 14.769092 0.104692099733
466.0 15.685918 0.171344292585 14.342786 0.118573325327
467.0 15.229632 0.17431215315 13.89708 0.111496802128
468.0 14.909686 0.0631871864114 13.583659 0.155793833743
469.0 14.566659 0.0825018994534 13.246474 0.156069737002
470.0 14.14664 0.125903320855 12.833261 0.194642263315
471.0 13.811751 0.0321738813479 12.504553 0.13649683038
472.0 13.624594 0.05127713322 12.322749 0.19468666848
473.0 13.970882 0.0512108327713 12.663588 0.00138172417621
474.0 13.616142 0.153437575486 12.313585 0.0442911192447
475.0 14.387838 0.0092070492682 13.071756 0.131226174065
476.0 14.353591 0.19106856623 13.039164 0.108272564869
477.0 13.796085 0.054056170026 12.490507 0.12650639395
478.0 14.231092 0.0306326630701 12.917197 0.00437893899121
479.0 14.851531 0.0814742790062 13.528054 0.0175574698574
480.0 15.006428 0.119815784833 13.679737 0.0276790998656
481.0 14.698258 0.0984944227596 13.377624 0.180139381346
482.0 13.985215 0.093938826006 12.677344 0.0958516566235
483.0 13.492188 0.190236680924 12.19177 0.00344241934339
484.0 13.901649 0.0230188993437 12.594158 0.1254496994
485.0 14.460855 0.0816099368751 13.142773 0.0609328574986
486.0 14.754214 0.170823603427 13.4288 0.198434280293
487.0 14.452312 0.196934154029 13.132766 0.0682521697506
488.0 21.040757 0.159424885733 19.602897 0.0658452502957
489.0 21.541723 0.149928067638 20.096583 0.154499819704
490.0 21.866917 0.194047771306 20.415944 0.109007769937
491.0 20.94171 0.00477206212769 19.507307 0.168081775524
492.0 21.494007 0.108321429784 20.05092 0.162291436194
493.0 20.904719 0.144113163737 19.472898 0.00788372335772
494.0 20.115849 0.169819474291 18.699904 0.062853466026
495.0 19.270416 0.18993494895 17.869148 0.168330004052
496.0 18.614083 0.188358035951 17.224005 0.132840964083
497.0 18.497878 0.176760161845 17.108341 0.0376511093155
498.0 19.155072 0.0811129275542 17.752105 0.144691715425
499.0 19.463093 0.041198855343 18.054561 0.115471354911
500.0 20.202966 0.126966891035 18.778941 0.0115712877991
