2457258.5 17.2148535198 0 15.7691806348 0
2457259.5 17.1674755781 0 15.7177695021 0
2457260.5 17.1985947834 0 15.7502598467 0
2457261.5 17.1835351801 0 15.7312442459 0
2457262.5 17.2160030332 0 15.7671203114 0
2457263.5 16.9100949503 0 15.4124911849 0
2457264.5 17.0371224281 0 15.5547612191 0
2457265.5 17.0867585777 0 15.6093294769 0
2457266.5 17.0088258249 0 15.5160993516 0
2457267.5 17.0715571928 0 15.5919218911 0
2457268.5 17.1425911082 0 15.6647650308 0
2457269.5 16.8629974006 0 15.3341092777 0
2457270.5 17.016109568 0 15.5035018181 0
2457271.5 16.9888250212 0 15.4677112632 0
2457272.5 16.8959744361 0 15.3679662102 0
2457273.5 16.8305294411 0 15.2980877429 0
2457274.5 16.8518577021 0 15.3223567163 0
2457275.5 18.1571393025 0 16.7865760019 0
2457276.5 18.2048806849 0 16.8333567173 0
2457277.5 18.2238537833 0 16.8508128659 0
2457278.5 18.3404771105 0 16.9817046075 0
2457279.5 18.0361310789 0 16.6415878332 0
2457280.5 18.0569605334 0 16.6620435172 0
2457281.5 17.96412526 0 16.5616517984 0
2457282.5 18.0171334118 0 16.6146092856 0
2457283.5 18.0658651425 0 16.6728894962 0
2457284.5 16.9023165327 0 15.3572828259 0
2457285.5 16.9244999378 0 15.3895789999 0
2457286.5 16.8561065315 0 15.309137232 0
2457287.5 16.8964694076 0 15.36383727 0
2457288.5 17.3180209992 0 15.8459641953 0
2457289.5 17.3430375411 0 15.8750106759 0
2457290.5 17.4094990574 0 15.9556544391 0
2457291.5 17.448614121 0 16.0032124543 0
2457292.5 17.4007411191 0 15.9565433858 0
2457293.5 17.4266014399 0 15.9897781979 0
2457294.5 17.4251938608 0 15.9884292716 0
2457295.5 17.3098596558 0 15.8598609167 0
2457296.5 17.1560696163 0 15.6948055379 0
2457297.5 17.2023719144 0 15.7453694689 0
2457298.5 16.8428516888 0 15.3266944803 0
2457299.5 16.897340358 0 15.3869295381 0
2457300.5 16.8505824085 0 15.3348469731 0
2457301.5 16.8863626936 0 15.3780731411 0
2457302.5 16.7372570793 0 15.2121851826 0
2457303.5 16.6427392921 0 15.1054775768 0
2457304.5 17.4965311913 0 16.0839858243 0
2457305.5 17.516105901 0 16.1052720995 0
2457306.5 17.3911846519 0 15.9704815051 0
2457307.5 17.2996590833 0 15.8701173274 0
2457308.5 17.1570904289 0 15.716266292 0
2457309.5 16.9908685169 0 15.5330669818 0
2457310.5 16.9962156501 0 15.5427108729 0
2457311.5 17.0760423989 0 15.6376973928 0
2457312.5 17.2307644766 0 15.8082988914 0
2457313.5 17.3387099598 0 15.9259470259 0
2457314.5 17.2458591065 0 15.8201957451 0
2457315.5 17.4226571235 0 16.0121407926 0
2457316.5 17.2765090718 0 15.8511849623 0
2457317.5 17.1187814966 0 15.6809553456 0
2457318.5 16.9878463749 0 15.536794494 0
2457319.5 16.5475197789 0 15.035784476 0
2457320.5 16.596728415 0 15.100527203 0
2457321.5 16.6872627089 0 15.200051394 0
2457322.5 16.7623286758 0 15.2914690794 0
2457323.5 16.6643120721 0 15.1778535501 0
2457324.5 16.7505117997 0 15.2706719942 0
2457325.5 16.6687286316 0 15.1461158314 0
2457326.5 16.6591754341 0 15.1256558884 0
2457327.5 16.5834015081 0 15.035195188 0
2457328.5 16.5587150049 0 14.9951208238 0
2457329.5 16.6178642846 0 15.0689544522 0
2457330.5 16.6343239712 0 15.0993426214 0
2457331.5 17.7549883666 0 16.3679178706 0
2457332.5 17.904663913 0 16.5346964944 0
2457333.5 17.760751526 0 16.3806734694 0
2457334.5 17.8159831917 0 16.4364179798 0
2457335.5 17.6799847682 0 16.287437846 0
2457336.5 17.5728422017 0 16.1730006569 0
2457337.5 16.4876601203 0 14.9276298824 0
2457338.5 16.4828987346 0 14.9176788553 0
2457339.5 16.5000546501 0 14.950159221 0
2457340.5 16.3897696792 0 14.827599451 0
2457341.5 16.4211198039 0 14.8586191994 0
2457342.5 16.4688704724 0 14.9090496434 0
2457343.5 17.0912020936 0 15.6307868177 0
2457344.5 17.1108098724 0 15.6479822484 0
2457345.5 17.0914211703 0 15.6314801917 0
2457346.5 16.9880130349 0 15.5205860646 0
2457347.5 16.9458952767 0 15.4667510667 0
2457348.5 17.571226488 0 16.1734257994 0
2457349.5 17.7241408082 0 16.336735867 0
2457350.5 17.8315917704 0 16.457967019 0
2457351.5 17.9429816432 0 16.5806758413 0
2457352.5 18.1143283581 0 16.7685330935 0
2457353.5 17.4950170654 0 16.0868297569 0
2457354.5 17.5069487515 0 16.0948664974 0
2457355.5 17.6214186787 0 16.2250753511 0
2457356.5 17.7612763671 0 16.3821506786 0
2457357.5 17.5281340811 0 16.1057427723 0
2457358.5 17.67670665 0 16.2676159648 0
2457359.5 17.5565849728 0 16.1331123241 0
2457360.5 17.486306552 0 16.0563673018 0
2457361.5 17.530491134 0 16.1014559525 0
2457362.5 17.5955182011 0 16.1729159042 0
2457363.5 18.1227149115 0 16.7510895763 0
2457364.5 18.2284130872 0 16.8646023905 0
2457365.5 18.2395331621 0 16.8788529606 0
2457366.5 18.2812884057 0 16.9265666239 0
2457367.5 18.3752474504 0 17.031726389 0
2457368.5 18.2196240078 0 16.8612139094 0
2457369.5 18.1094588938 0 16.7384231348 0
2457370.5 18.0943827373 0 16.725540384 0
2457371.5 18.1797093107 0 16.8216176885 0
2457372.5 18.128162766 0 16.7608662238 0
2457373.5 18.1425741885 0 16.7741453762 0
2457374.5 18.2313509254 0 16.8670949444 0
2457375.5 18.1511310414 0 16.7840126585 0
2457376.5 18.1748691943 0 16.8151951842 0
2457377.5 18.1636430601 0 16.8070953613 0
2457378.5 18.2773126197 0 16.9286860046 0
2457379.5 18.2400531521 0 16.891010448 0
2457380.5 16.9456965105 0 15.4515417933 0
2457381.5 17.0014801703 0 15.5076025197 0
2457382.5 17.0482147558 0 15.5564592268 0
2457383.5 17.0432837482 0 15.5455670581 0
2457384.5 16.9607005941 0 15.4588010018 0
2457385.5 16.9467839784 0 15.4411333231 0
2457386.5 18.0163204787 0 16.6350261476 0
2457387.5 17.829139335 0 16.4329462493 0
2457388.5 17.7293798097 0 16.3277989571 0
2457389.5 17.7509973571 0 16.3459798449 0
2457390.5 17.8792140063 0 16.4881619506 0
2457391.5 17.8045427447 0 16.4063386708 0
2457392.5 17.7881340432 0 16.3918554429 0
2457393.5 17.7003132896 0 16.2971099644 0
2457394.5 17.7861746128 0 16.389367138 0
2457395.5 16.5654253509 0 15.0355399943 0
2457396.5 16.5732085287 0 15.0419762093 0
2457397.5 16.7178341316 0 15.2039013205 0
2457398.5 16.6495656577 0 15.1266706526 0
2457399.5 16.4866857619 0 14.9324755319 0
2457400.5 16.4113626244 0 14.8406779725 0
2457401.5 16.4891008334 0 14.9338333378 0
2457402.5 16.5189928256 0 14.9782090154 0
2457403.5 17.8340169717 0 16.4592984766 0
2457404.5 17.9525085572 0 16.5879323622 0
2457405.5 17.7744914355 0 16.3969282353 0
2457406.5 17.6519447911 0 16.2588954244 0
2457407.5 17.7914223599 0 16.4127250534 0
2457408.5 17.7732763764 0 16.387862932 0
2457409.5 16.9426998807 0 15.4570097616 0
2457410.5 17.0250733414 0 15.5496998243 0
2457411.5 17.1233897702 0 15.6536209455 0
2457412.5 17.2280252696 0 15.7692260574 0
2457413.5 17.2952569752 0 15.8443670237 0
2457414.5 17.9393392394 0 16.5625273367 0
2457415.5 17.8857881309 0 16.4975034188 0
2457416.5 17.9281289457 0 16.5407366431 0
2457417.5 17.8055520406 0 16.4016568159 0
2457418.5 17.8423130863 0 16.4435693067 0
2457419.5 16.9731759821 0 15.4588407634 0
2457420.5 17.0548667356 0 15.5498556544 0
2457421.5 16.9818474214 0 15.4719071077 0
2457422.5 16.9344491404 0 15.4165294134 0
2457423.5 16.8831616016 0 15.358447505 0
2457424.5 16.8909738908 0 15.367505529 0
2457425.5 16.8649937247 0 15.3356975775 0
2457426.5 16.9698087865 0 15.4554477166 0
2457427.5 16.9351465198 0 15.4075847677 0
2457428.5 17.0595315693 0 15.5585101541 0
2457429.5 17.0515543288 0 15.5537266918 0
2457430.5 17.0996873961 0 15.6026137813 0
2457431.5 17.0615299963 0 15.5505237257 0
2457432.5 17.4692707623 0 16.0276389349 0
2457433.5 17.4283726316 0 15.981894449 0
2457434.5 17.3894191175 0 15.9347372838 0
2457435.5 17.3149942756 0 15.8527388593 0
2457436.5 17.2300809319 0 15.7562278981 0
2457437.5 17.1756907014 0 15.693915817 0
2457438.5 18.3057816844 0 16.9471564975 0
2457439.5 18.385965431 0 17.0344666665 0
2457440.5 18.4583796323 0 17.1140762683 0
2457441.5 18.5303974764 0 17.1893876496 0
2457442.5 18.449798127 0 17.1022119508 0
2457443.5 16.9368127532 0 15.4062721176 0
2457444.5 17.0191899118 0 15.4988142493 0
2457445.5 17.0226007249 0 15.5077527697 0
2457446.5 16.9649645271 0 15.4456993082 0
2457447.5 17.0370430363 0 15.5297329251 0
2457448.5 17.0451539084 0 15.5380345009 0
2457449.5 17.1644591844 0 15.6703834841 0
2457450.5 17.1603158495 0 15.6740968548 0
2457451.5 17.155580125 0 15.6612334942 0
2457452.5 17.2018231512 0 15.7118820491 0
2457453.5 17.0135580603 0 15.4941002792 0
2457454.5 17.0078276118 0 15.4897293154 0
2457455.5 17.0739247036 0 15.5655949391 0
2457456.5 17.0309359608 0 15.525027473 0
2457457.5 17.1626123017 0 15.6681284741 0
2457458.5 17.7082550505 0 16.2835423567 0
2457459.5 17.6141881798 0 16.174877785 0
2457460.5 17.6289180683 0 16.1947077763 0
2457461.5 17.4349054681 0 15.9870898346 0
2457462.5 17.9215480653 0 16.5285055954 0
2457463.5 18.0765302803 0 16.6936889138 0
2457464.5 18.1866359511 0 16.8161114361 0
2457465.5 18.1234575163 0 16.7457857016 0
2457466.5 18.2255827255 0 16.8560543309 0
2457467.5 18.2844282969 0 16.9194518166 0
2457468.5 17.8029518356 0 16.3819746411 0
2457469.5 17.8220826567 0 16.406926862 0
2457470.5 17.9139727218 0 16.5025300033 0
2457471.5 17.8006548287 0 16.3734355113 0
2457472.5 17.8586694113 0 16.4395917147 0
2457473.5 17.4473638999 0 15.9841433403 0
2457474.5 17.367735389 0 15.8948356105 0
2457475.5 17.3679757182 0 15.8962190444 0
2457476.5 17.2562337562 0 15.7697143611 0
2457477.5 16.888061945 0 15.3478177312 0
2457478.5 16.8746113968 0 15.3355760006 0
2457479.5 16.8848059418 0 15.3434184586 0
2457480.5 16.8629913622 0 15.3056062778 0
2457481.5 18.3255963599 0 16.9610072024 0
2457482.5 18.3106961712 0 16.946732449 0
2457483.5 18.2112392838 0 16.8313396671 0
2457484.5 18.2956065523 0 16.9186042659 0
2457485.5 18.2542839794 0 16.8770518188 0
2457486.5 18.3594547006 0 16.9946084706 0
2457487.5 17.1666398229 0 15.6560422661 0
2457488.5 17.2507284912 0 15.7506870163 0
2457489.5 17.2936819266 0 15.7984091683 0
2457490.5 17.3516320915 0 15.8574151343 0
2457491.5 18.4164500663 0 17.0478875199 0
2457492.5 18.3378445773 0 16.9720297232 0
2457493.5 18.1477089572 0 16.766658262 0
2457494.5 18.1018650685 0 16.7121263853 0
2457495.5 18.1026603093 0 16.7144036726 0
2457496.5 18.0634603579 0 16.6692937753 0
2457497.5 16.8594279263 0 15.3029559977 0
2457498.5 16.7389670407 0 15.1658081079 0
2457499.5 16.7657347572 0 15.2055820932 0
2457500.5 16.729952995 0 15.1734678245 0
2457501.5 16.7574857681 0 15.2091658863 0
2457502.5 17.4790873045 0 16.0356267539 0
2457503.5 17.5511872211 0 16.1109983274 0
2457504.5 17.3931114649 0 15.9393460826 0
2457505.5 17.4162516292 0 15.968483217 0
2457506.5 17.4239186777 0 15.9739841883 0
2457507.5 17.3722885646 0 15.9177536249 0
2457508.5 18.2339015769 0 16.8751022177 0
2457509.5 18.2330809796 0 16.8751003859 0
2457510.5 18.143135144 0 16.7744864993 0
2457511.5 18.2913676478 0 16.9328818334 0
2457512.5 18.3270942686 0 16.9696229141 0
2457513.5 18.2799015481 0 16.9138219512 0
2457514.5 16.9274306677 0 15.3810222402 0
2457515.5 16.9988594325 0 15.4606103031 0
2457516.5 17.0704228819 0 15.5355530568 0
2457517.5 17.0089211381 0 15.4577359328 0
2457518.5 17.2719602471 0 15.7713082793 0
2457519.5 17.1742387679 0 15.660760483 0
2457520.5 16.9307921761 0 15.4141574599 0
2457521.5 16.8839277476 0 15.36387947 0
2457522.5 16.8773289585 0 15.3475376182 0
2457523.5 17.5910368332 0 16.1556867437 0
2457524.5 17.4312386508 0 15.9786851835 0
2457525.5 17.285301627 0 15.8156836346 0
2457526.5 17.3608118048 0 15.9002154998 0
2457527.5 18.0866269133 0 16.7084373253 0
2457528.5 18.0969116355 0 16.7141825206 0
2457529.5 17.9465717626 0 16.5469671888 0
2457530.5 17.7665379457 0 16.3509587154 0
2457531.5 17.9386581145 0 16.5384028825 0
2457532.5 17.8344980825 0 16.4187300283 0
2457533.5 17.5860471133 0 16.1361740179 0
2457534.5 17.4763876337 0 16.0182573909 0
2457535.5 17.4104704269 0 15.9497356324 0
2457536.5 17.38043487 0 15.9155774382 0
2457537.5 17.0393207652 0 15.5195192786 0
2457538.5 16.9071785061 0 15.3716480108 0
2457539.5 16.9546023097 0 15.4318185498 0
2457540.5 16.9011425845 0 15.3713164396 0
2457541.5 16.8269890196 0 15.2916919124 0
2457542.5 16.840513474 0 15.2967532438 0
2457543.5 16.8318693963 0 15.2803265863 0
2457544.5 16.7544528772 0 15.1990740865 0
2457545.5 17.9610400239 0 16.5655865022 0
2457546.5 17.8892958296 0 16.4817603094 0
2457547.5 18.0953519187 0 16.7039254374 0
2457548.5 18.115776983 0 16.72508293 0
2457549.5 18.1601500642 0 16.7755322391 0
2457550.5 18.0916348277 0 16.6953796885 0
2457551.5 17.0433350793 0 15.4978763083 0
2457552.5 16.9290876598 0 15.3679418306 0
2457553.5 16.7004449933 0 15.1400746272 0
2457554.5 16.6994826039 0 15.1281520003 0
2457555.5 16.6789730047 0 15.1012404083 0
2457556.5 17.1242819755 0 15.6260912732 0
2457557.5 17.0356057738 0 15.5311869395 0
2457558.5 17.1400185506 0 15.6459407341 0
2457559.5 17.2777399451 0 15.7988423425 0
2457560.5 18.2565257796 0 16.8909162692 0
2457561.5 18.2398097581 0 16.8729105031 0
2457562.5 18.3105353632 0 16.9454639025 0
2457563.5 18.3975975424 0 17.0352695775 0
2457564.5 18.5113107022 0 17.1636448627 0
2457565.5 16.9336078494 0 15.3952746892 0
2457566.5 16.9589993029 0 15.4242396623 0
2457567.5 16.8509657351 0 15.3010766767 0
2457568.5 16.8934340234 0 15.3486805082 0
2457569.5 16.9160516265 0 15.3725310128 0
2457570.5 17.4971796664 0 16.0361375356 0
2457571.5 17.4682896486 0 16.0003381509 0
2457572.5 17.4355212205 0 15.9620625217 0
2457573.5 17.5531261952 0 16.0886771813 0
2457574.5 18.2248613104 0 16.8335153754 0
2457575.5 18.108774872 0 16.7058621076 0
2457576.5 17.9125111879 0 16.4947361888 0
2457577.5 17.907539096 0 16.4867762835 0
2457578.5 17.7466696099 0 16.3110566317 0
2457579.5 17.7439090731 0 16.3150402548 0
2457580.5 17.7625220328 0 16.3382471781 0
2457581.5 17.806042288 0 16.3855902945 0
2457582.5 17.7152311666 0 16.2811137385 0
2457583.5 17.623584793 0 16.1799459496 0
2457584.5 17.6393719985 0 16.199506057 0
2457585.5 17.6869361664 0 16.2480692838 0
2457586.5 17.5166356332 0 16.0670592143 0
2457587.5 16.991162021 0 15.4671122721 0
2457588.5 16.9046889508 0 15.3660925612 0
2457589.5 16.9897176867 0 15.456761198 0
2457590.5 16.9675092733 0 15.4208845665 0
2457591.5 17.1780764387 0 15.6683840465 0
2457592.5 17.087410285 0 15.5714748685 0
2457593.5 17.0989119627 0 15.5921620116 0
2457594.5 17.1425887646 0 15.6350018491 0
2457595.5 17.0113946062 0 15.4893802746 0
2457596.5 16.8446236515 0 15.2963554676 0
2457597.5 16.8852311296 0 15.340725934 0
2457598.5 16.82315505 0 15.2720075777 0
2457599.5 16.8713564769 0 15.320893432 0
2457600.5 16.8002437421 0 15.2406168873 0
2457601.5 18.0567879055 0 16.6675669456 0
2457602.5 18.0018571767 0 16.6014909293 0
2457603.5 17.9316501717 0 16.5275652783 0
2457604.5 17.8108147188 0 16.3906357853 0
2457605.5 17.6557119112 0 16.2185317933 0
2457606.5 18.1570172001 0 16.7754141392 0
2457607.5 18.1993161787 0 16.8243845271 0
2457608.5 18.2765009593 0 16.903925576 0
2457609.5 18.2952324827 0 16.9240405692 0
2457610.5 17.4514926129 0 15.9890022795 0
2457611.5 17.4774601034 0 16.0183883077 0
2457612.5 17.4914359199 0 16.039495729 0
2457613.5 17.6299766397 0 16.1945831396 0
2457614.5 18.403131099 0 17.0458797214 0
2457615.5 18.3171660766 0 16.9551490712 0
2457616.5 18.4782605991 0 17.1305487985 0
2457617.5 18.5796503449 0 17.2464348883 0
2457618.5 18.5991288217 0 17.2621969748 0
2457619.5 18.7243149305 0 17.3979049665 0
2457620.5 17.0713406241 0 15.562066172 0
2457621.5 17.1354114781 0 15.6352431139 0
2457622.5 17.1346132176 0 15.6266977255 0
2457623.5 17.0815759395 0 15.5684731888 0
2457624.5 18.3122787201 0 16.9455218869 0
2457625.5 18.1775250415 0 16.7999177909 0
2457626.5 18.22624591 0 16.8534858022 0
2457627.5 18.2830133064 0 16.9145270976 0
2457628.5 18.4543385947 0 17.0969117562 0
2457629.5 18.5320445112 0 17.1826196993 0
2457630.5 18.215972324 0 16.8285685251 0
2457631.5 18.3469574041 0 16.973964236 0
2457632.5 18.3371734728 0 16.9673909353 0
2457633.5 18.4145182022 0 17.053157469 0
2457634.5 17.1839692693 0 15.6684234325 0
2457635.5 17.1873350844 0 15.6772115961 0
2457636.5 17.0544834646 0 15.5281033681 0
2457637.5 17.0234677054 0 15.4800959896 0
2457638.5 17.1251979778 0 15.5911939877 0
2457639.5 17.1751206423 0 15.6403405057 0
2457640.5 18.3809976426 0 17.0019199775 0
2457641.5 18.4820717532 0 17.116974779 0
2457642.5 18.5904601685 0 17.2348628998 0
2457643.5 18.6195880615 0 17.2612510782 0
2457644.5 18.7174906734 0 17.3692734534 0
2457645.5 18.6775608176 0 17.3196179879 0
2457646.5 18.7236632778 0 17.3755850659 0
2457647.5 18.6995653792 0 17.3546137361 0
2457648.5 18.82042539 0 17.4823874982 0
2457649.5 18.2078367153 0 16.8041239142 0
2457650.5 18.3296357911 0 16.9365697631 0
2457651.5 18.229954275 0 16.8270614559 0
2457652.5 18.2287369971 0 16.8213712617 0
2457653.5 18.5320447921 0 17.1222697933 0
2457654.5 18.4993823742 0 17.0799553878 0
2457655.5 18.7336072061 0 17.3439305207 0
2457656.5 18.6880480513 0 17.2947338021 0
2457657.5 18.7084219696 0 17.3198902064 0
2457658.5 18.7015928022 0 17.3187447743 0
2457659.5 17.7995902664 0 16.311322164 0
2457660.5 17.8872324099 0 16.4040428978 0
2457661.5 17.9668388533 0 16.4905430322 0
2457662.5 18.0149446681 0 16.5432800786 0
2457663.5 18.7021028782 0 17.3097995108 0
2457664.5 18.6785922956 0 17.2797280267 0
2457665.5 18.7430028936 0 17.3564700152 0
2457666.5 18.6131210109 0 17.2118501513 0
2457667.5 18.7046970339 0 17.3058563512 0
2457668.5 18.6328250293 0 17.232502804 0
2457669.5 17.9084410325 0 16.4213923603 0
2457670.5 17.9578368973 0 16.4843514594 0
2457671.5 17.9601031227 0 16.4947026377 0
2457672.5 17.9380741222 0 16.4663855252 0
2457673.5 17.9028912777 0 16.4284187776 0
2457674.5 18.231912177 0 16.7963387707 0
2457675.5 18.0892760318 0 16.638762405 0
2457676.5 18.0812838196 0 16.6297384676 0
2457677.5 18.0410000824 0 16.589838842 0
2457678.5 18.2648455709 0 16.8439013477 0
2457679.5 18.2667854076 0 16.8408311377 0
2457680.5 18.1542489263 0 16.7229121209 0
2457681.5 18.0000651238 0 16.5529504609 0
2457682.5 17.2394080661 0 15.6825451854 0
2457683.5 17.3068610199 0 15.7669645089 0
2457684.5 17.2999444032 0 15.7512132445 0
2457685.5 16.9294426003 0 15.368139016 0
2457686.5 17.5486828826 0 16.090469654 0
2457687.5 17.5466317884 0 16.0802395272 0
2457688.5 17.7133897583 0 16.2630872497 0
2457689.5 17.6492958914 0 16.186399926 0
2457690.5 17.6665367938 0 16.19749201 0
2457691.5 17.5608356026 0 16.0753990519 0
2457692.5 18.1159042988 0 16.7042446718 0
2457693.5 18.0345345305 0 16.6183404109 0
2457694.5 18.0681242809 0 16.65888619 0
2457695.5 18.0609269204 0 16.6558991767 0
2457696.5 16.9606477394 0 15.4034648311 0
2457697.5 16.9635599029 0 15.4134140883 0
2457698.5 17.0547406447 0 15.5162930537 0
2457699.5 17.1087876468 0 15.5714669657 0
2457700.5 18.3297106251 0 16.9439866699 0
2457701.5 18.1154284248 0 16.7135267013 0
2457702.5 18.1179207493 0 16.71066647 0
2457703.5 18.2996892529 0 16.9090114689 0
2457704.5 17.8554225365 0 16.4217381793 0
2457705.5 17.9169198767 0 16.4931359244 0
2457706.5 18.003356643 0 16.5905969219 0
2457707.5 17.9087067763 0 16.4822513401 0
2457708.5 17.7956635587 0 16.3545528987 0
2457709.5 17.781088255 0 16.3320493522 0
2457710.5 17.7721688342 0 16.319912257 0
2457711.5 17.8511265226 0 16.4148266554 0
2457712.5 17.7344478766 0 16.2813052555 0
2457713.5 17.797551947 0 16.3565671086 0
2457714.5 17.7944657397 0 16.3592986688 0
2457715.5 18.0783324285 0 16.6767260311 0
2457716.5 18.02389334 0 16.6134829423 0
2457717.5 18.0482004943 0 16.6247226937 0
2457718.5 18.1631533996 0 16.7516082579 0
2457719.5 17.1659811005 0 15.6211796603 0
2457720.5 17.2556527558 0 15.7217292374 0
2457721.5 17.3893857776 0 15.8700326393 0
2457722.5 17.5125010924 0 16.0101855388 0
2457723.5 17.5025032254 0 15.9924997769 0
2457724.5 17.5835835748 0 16.0798308526 0
2457725.5 18.3551884386 0 16.9525032547 0
2457726.5 18.1687431953 0 16.7505771313 0
2457727.5 18.1865053781 0 16.7768673266 0
2457728.5 18.141922133 0 16.7200874372 0
2457729.5 17.4770029253 0 15.9602142572 0
2457730.5 17.6134945061 0 16.1113781099 0
2457731.5 17.5517865082 0 16.0496265181 0
2457732.5 17.5694702173 0 16.0721519543 0
2457733.5 18.6714962412 0 17.298993929 0
2457734.5 18.6940896275 0 17.3227895178 0
2457735.5 18.7760940648 0 17.4190616029 0
2457736.5 18.8223471225 0 17.4666385276 0
2457737.5 18.7755216619 0 17.4176396041 0
2457738.5 18.5970610271 0 17.2258663657 0
2457739.5 18.6421160629 0 17.2745736245 0
2457740.5 18.5067226237 0 17.1232278391 0
2457741.5 18.6413686918 0 17.267617964 0
2457742.5 18.6376596565 0 17.2614035864 0
2457743.5 17.4562521979 0 15.9300369844 0
2457744.5 17.4516307151 0 15.9299541392 0
2457745.5 17.3451960491 0 15.8166036757 0
2457746.5 17.2736688921 0 15.7367025904 0
2457747.5 17.2560828396 0 15.7057958715 0
2457748.5 17.2137460927 0 15.6609149374 0
2457749.5 17.5087439136 0 15.9981733841 0
2457750.5 17.6666328665 0 16.1728170877 0
2457751.5 17.565575241 0 16.0606478209 0
2457752.5 17.3026876583 0 15.7909201235 0
2457753.5 17.2516488496 0 15.7231986097 0
2457754.5 18.4197183608 0 17.0414673349 0
2457755.5 18.3085563063 0 16.9229762711 0
2457756.5 18.3278990418 0 16.9384931994 0
2457757.5 18.2738798126 0 16.8801251096 0
2457758.5 18.121234687 0 16.7116020603 0
2457759.5 18.2227178933 0 16.8241811683 0
2457760.5 18.3309166056 0 16.9493426466 0
2457761.5 18.3560348573 0 16.978811957 0
2457762.5 18.2242038363 0 16.8381082824 0
2457763.5 18.2495811857 0 16.8684249912 0
2457764.5 16.9853049337 0 15.4286011024 0
2457765.5 16.8849901694 0 15.3164001407 0
2457766.5 16.8517238305 0 15.288367804 0
2457767.5 16.7781303412 0 15.1990366558 0
2457768.5 16.7267194822 0 15.1444862489 0
2457769.5 16.8120107978 0 15.2527109071 0
2457770.5 16.855642214 0 15.3133419766 0
2457771.5 16.9453023442 0 15.4189864097 0
2457772.5 16.8398287725 0 15.3029221279 0
2457773.5 17.9703891356 0 16.5794841442 0
2457774.5 18.0012826399 0 16.6188644876 0
2457775.5 18.0511094145 0 16.6776175429 0
2457776.5 18.1290629725 0 16.7583644423 0
2457777.5 18.0125907561 0 16.6351583152 0
2457778.5 18.0307326163 0 16.6501422542 0
2457779.5 17.9610362056 0 16.5737343926 0
2457780.5 17.9982962971 0 16.6123314015 0
2457781.5 17.8258824118 0 16.4249624064 0
2457782.5 17.9157645123 0 16.5182127817 0
2457783.5 18.0178404173 0 16.6307764904 0
2457784.5 17.2319581114 0 15.7464971438 0
2457785.5 17.1679496717 0 15.6708663465 0
2457786.5 17.2203069578 0 15.7304603346 0
2457787.5 17.2494692275 0 15.7674009444 0
2457788.5 17.1836317195 0 15.6904979103 0
2457789.5 16.840293471 0 15.2882324403 0
2457790.5 16.8076311784 0 15.2495912963 0
2457791.5 16.7859475353 0 15.2308489564 0
2457792.5 16.811645586 0 15.2512697833 0
2457793.5 16.8320959153 0 15.2773208459 0
2457794.5 17.0214011098 0 15.5110324242 0
2457795.5 17.1284825674 0 15.6353787758 0
2457796.5 17.114494109 0 15.614008169 0
2457797.5 17.0678974314 0 15.5640804495 0
2457798.5 17.0597595474 0 15.5570180216 0
2457799.5 17.1304066529 0 15.6441097522 0
2457800.5 17.0501393509 0 15.5585628209 0
2457801.5 16.9176075082 0 15.4147430426 0
2457802.5 16.9045201718 0 15.3936753468 0
2457803.5 17.3960850661 0 15.9505506878 0
2457804.5 17.4833782324 0 16.0503861592 0
2457805.5 17.6397820364 0 16.221856519 0
2457806.5 17.7075330569 0 16.2913116961 0
2457807.5 17.799857132 0 16.3894662953 0
2457808.5 17.8027819241 0 16.3876684268 0
2457809.5 17.719319282 0 16.2992523532 0
2457810.5 17.7990814717 0 16.3910669472 0
2457811.5 16.8009797717 0 15.2542838918 0
2457812.5 16.7502113249 0 15.204777174 0
2457813.5 16.8514758529 0 15.3194834092 0
2457814.5 16.9362699778 0 15.4099501506 0
2457815.5 17.9544681026 0 16.5551410946 0
2457816.5 18.0201398362 0 16.6300361275 0
2457817.5 17.8703372984 0 16.4678670825 0
2457818.5 17.9726991923 0 16.5771956248 0
2457819.5 18.0994464378 0 16.7195449685 0
2457820.5 18.0431648655 0 16.6521906042 0
2457821.5 17.3860080703 0 15.9514169477 0
2457822.5 17.333922405 0 15.8899055248 0
2457823.5 17.2979054715 0 15.8562003979 0
2457824.5 17.3326708722 0 15.8892792905 0
2457825.5 17.4949478987 0 16.066027818 0
2457826.5 16.9872097796 0 15.4963569458 0
2457827.5 16.9361272213 0 15.4424965013 0
2457828.5 17.0129401838 0 15.5242700209 0
2457829.5 17.0632488745 0 15.5864627341 0
2457830.5 17.1131863243 0 15.6424276185 0
2457831.5 17.053268986 0 15.5764135913 0
2457832.5 17.1665104423 0 15.7013415535 0
2457833.5 17.2264949346 0 15.7760062662 0
2457834.5 17.2639933941 0 15.8159591507 0
2457835.5 17.3094751493 0 15.8737025406 0
2457836.5 17.3279700449 0 15.8998545842 0
2457837.5 17.64054264 0 16.244622784 0
2457838.5 17.4901515733 0 16.0815329151 0
2457839.5 17.609691827 0 16.2118819003 0
2457840.5 17.5572975787 0 16.1553927845 0
2457841.5 16.5122355453 0 14.9603960708 0
2457842.5 16.6427757725 0 15.1056393566 0
2457843.5 16.609695278 0 15.0757401675 0
2457844.5 16.6236400638 0 15.0913455117 0
2457845.5 17.558508754 0 16.1505232107 0
2457846.5 17.6537638567 0 16.254353567 0
2457847.5 17.7370023566 0 16.3464307768 0
2457848.5 17.6283958906 0 16.2254723768 0
2457849.5 17.7487174596 0 16.3588169329 0
2457850.5 17.0827914639 0 15.612122786 0
2457851.5 17.1802506581 0 15.7160111652 0
2457852.5 17.2120500065 0 15.7498525559 0
2457853.5 17.108264513 0 15.6373737537 0
2457854.5 17.0297003516 0 15.5431539431 0
2457855.5 16.7705459159 0 15.2462975272 0
2457856.5 16.7763788119 0 15.2434899723 0
2457857.5 16.7327665399 0 15.1900726726 0
2457858.5 16.4771969219 0 14.9376237505 0
2457859.5 16.4811598959 0 14.9365898989 0
2457860.5 16.5122184971 0 14.97740906 0
2457861.5 16.4822309292 0 14.9511209664 0
2457862.5 16.4296415435 0 14.8942642712 0
2457863.5 16.3612285137 0 14.819590402 0
2457864.5 16.3527435633 0 14.8161366723 0
2457865.5 16.3920029583 0 14.8607898377 0
2457866.5 16.30294369 0 14.7570268464 0
2457867.5 16.4006631417 0 14.8694043712 0
2457868.5 17.7234275169 0 16.3605124975 0
2457869.5 17.8717054996 0 16.5252127335 0
2457870.5 17.9053456422 0 16.5610681935 0
2457871.5 17.8824473722 0 16.533883239 0
2457872.5 18.0166073473 0 16.679023466 0
2457873.5 17.0465695504 0 15.6066674851 0
2457874.5 16.9977192466 0 15.5485813861 0
2457875.5 17.1559312078 0 15.7230622971 0
2457876.5 17.2033232107 0 15.7793621238 0
2457877.5 16.3386118303 0 14.7951877437 0
2457878.5 16.2368132891 0 14.680173019 0
2457879.5 16.2954983342 0 14.7547116748 0
2457880.5 16.2799558156 0 14.7405112157 0
2457881.5 17.6023473639 0 16.2349198577 0
2457882.5 17.6157266219 0 16.2500462352 0
2457883.5 17.6603849893 0 16.3028117561 0
2457884.5 17.6982845324 0 16.3428480025 0
2457885.5 17.8268529176 0 16.4818002638 0
2457886.5 16.7434206091 0 15.2784086833 0
2457887.5 16.6550208266 0 15.1798171611 0
2457888.5 16.7575433014 0 15.2990841889 0
2457889.5 16.7203998104 0 15.2575400764 0
2457890.5 17.6059908801 0 16.2400166203 0
2457891.5 17.8142356378 0 16.4655426992 0
2457892.5 17.7734936905 0 16.4196954232 0
2457893.5 17.8690603493 0 16.5233103365 0
2457894.5 17.7643598348 0 16.4180833008 0
2457895.5 16.6341757648 0 15.1592063466 0
2457896.5 16.602966965 0 15.1181797676 0
2457897.5 16.7461229085 0 15.2743612854 0
2457898.5 16.8486737621 0 15.3857398045 0
2457899.5 16.8506450928 0 15.3841641795 0
2457900.5 16.9863658507 0 15.5310697109 0
2457901.5 16.84585392 0 15.3787774614 0
2457902.5 16.8257145815 0 15.3534831819 0
2457903.5 16.7620931424 0 15.2882712353 0
2457904.5 16.8467411008 0 15.382098285 0
2457905.5 16.8291050975 0 15.3586314921 0
2457906.5 17.3010330998 0 15.8861726809 0
2457907.5 17.4136293823 0 16.0095363117 0
2457908.5 17.5302192614 0 16.1382083902 0
2457909.5 17.4818769872 0 16.0791565236 0
2457910.5 17.7907585633 0 16.4201439056 0
2457911.5 17.8615760501 0 16.4974710758 0
2457912.5 17.7746590739 0 16.4026533762 0
2457913.5 17.645604066 0 16.2620681528 0
2457914.5 17.0428354171 0 15.5959087301 0
2457915.5 17.1150689979 0 15.6739003213 0
2457916.5 17.1561748185 0 15.7234192823 0
2457917.5 17.2669782786 0 15.842079413 0
2457918.5 17.1232577677 0 15.6857743368 0
2457919.5 17.4023862336 0 15.9945449727 0
2457920.5 17.5888186788 0 16.1978954369 0
2457921.5 17.6198057141 0 16.2334208766 0
2457922.5 17.7379353435 0 16.3612254706 0
2457923.5 17.7325632578 0 16.355627461 0
2457924.5 17.592873191 0 16.2105524249 0
2457925.5 16.7040229713 0 15.2148261645 0
2457926.5 16.7900083157 0 15.3076978425 0
2457927.5 16.6791208274 0 15.1839285585 0
2457928.5 16.6371015664 0 15.1360758436 0
2457929.5 16.6509555674 0 15.1496033944 0
2457930.5 16.6483316194 0 15.1537116946 0
2457931.5 16.6649161779 0 15.1778851415 0
2457932.5 16.6696868726 0 15.1900271438 0
2457933.5 16.759812544 0 15.2868821345 0
2457934.5 16.8229495935 0 15.3581315671 0
2457935.5 16.290959021 0 14.7352159107 0
2457936.5 16.3745651317 0 14.8265134133 0
2457937.5 16.4543930659 0 14.9153333231 0
2457938.5 16.4823555267 0 14.9559883869 0
2457939.5 16.543257588 0 15.0216765914 0
2457940.5 16.4602764733 0 14.9208397056 0
2457941.5 16.5041038328 0 14.9650498386 0
2457942.5 16.5469333382 0 15.0207057443 0
2457943.5 16.4901090578 0 14.9593748296 0
2457944.5 16.4738140335 0 14.9342665595 0
2457945.5 17.6064961625 0 16.215610654 0
2457946.5 17.4927217876 0 16.0857295382 0
2457947.5 17.6521446218 0 16.2600844579 0
2457948.5 17.7198271264 0 16.3400153377 0
2457949.5 17.7184248522 0 16.3407433409 0
2457950.5 17.9073708069 0 16.5464085641 0
2457951.5 16.4099812146 0 14.8521161466 0
2457952.5 16.4267552754 0 14.8795502379 0
2457953.5 16.3821215956 0 14.8295873137 0
2457954.5 16.4033419834 0 14.863135183 0
2457955.5 16.3642895446 0 14.8167500497 0
2457956.5 16.7694828048 0 15.2829352376 0
2457957.5 16.8061740762 0 15.3281929309 0
2457958.5 16.9252926299 0 15.463498293 0
2457959.5 16.7653665685 0 15.2877354491 0
2457960.5 17.9451082455 0 16.583879566 0
2457961.5 18.13319407 0 16.7873118319 0
2457962.5 18.1295138404 0 16.7840789144 0
2457963.5 18.1352590962 0 16.7901788331 0
2457964.5 18.1075559273 0 16.7615765787 0
2457965.5 17.1056397821 0 15.6469484023 0
2457966.5 17.0708564276 0 15.6132458303 0
2457967.5 17.0919183554 0 15.6339543917 0
2457968.5 17.2417541351 0 15.7984542448 0
2457969.5 17.2822073759 0 15.840861212 0
2457970.5 17.4545682459 0 16.0296617777 0
2457971.5 17.3978506116 0 15.9718813821 0
2457972.5 17.4791618587 0 16.0640914877 0
2457973.5 17.6503325045 0 16.2519504316 0
2457974.5 17.7086751085 0 16.3198708799 0
2457975.5 16.9107604499 0 15.4222364777 0
2457976.5 16.9280043009 0 15.448754001 0
2457977.5 16.9760703889 0 15.5089777274 0
2457978.5 17.0971102627 0 15.6458740093 0
2457979.5 17.3476588802 0 15.9229007498 0
2457980.5 17.3502474271 0 15.928596787 0
2457981.5 17.2744712973 0 15.8495964814 0
2457982.5 17.1561700723 0 15.7222948276 0
2457983.5 16.3660945502 0 14.820260938 0
2457984.5 16.4506474371 0 14.9151997612 0
2457985.5 16.4627407794 0 14.9235937911 0
2457986.5 16.5357278802 0 15.0108371113 0
2457987.5 16.4794268063 0 14.9460562278 0
2457988.5 17.7074106903 0 16.3309416342 0
2457989.5 17.7450563122 0 16.3703777759 0
2457990.5 17.7290868088 0 16.3512552954 0
2457991.5 17.6315697435 0 16.2430298435 0
2457992.5 16.8649235524 0 15.3923405927 0
2457993.5 16.6066110199 0 15.1217381828 0
2457994.5 16.5078276629 0 15.0138625315 0
2457995.5 16.4281885497 0 14.9181731389 0
2457996.5 16.5403915977 0 15.0424228622 0
2457997.5 16.5310458583 0 15.0245400448 0
2457998.5 16.4805224527 0 14.9655735334 0
2457999.5 16.5692249638 0 15.0686782131 0
2458000.5 16.5002435646 0 14.9902096752 0
2458001.5 16.4112682186 0 14.8857842403 0
2458002.5 16.8516318033 0 15.384563132 0
2458003.5 16.8939818916 0 15.4292203238 0
2458004.5 16.7976837854 0 15.3252298834 0
2458005.5 16.8155696846 0 15.3497528272 0
2458006.5 16.9356964816 0 15.4898312538 0
2458007.5 16.9974738563 0 15.559933237 0
2458008.5 17.0345486988 0 15.5953235502 0
2458009.5 16.9142067499 0 15.4657311935 0
2458010.5 16.8662370102 0 15.4156107052 0
2458011.5 17.1648753458 0 15.7492932133 0
2458012.5 17.1943070829 0 15.7852846223 0
2458013.5 17.0068833988 0 15.5817844772 0
2458014.5 16.9566020867 0 15.5252625789 0
2458015.5 16.7531974448 0 15.2975445212 0
2458016.5 16.6527163559 0 15.1852147105 0
2458017.5 16.7530299088 0 15.2972819353 0
2458018.5 16.7608970036 0 15.3081091698 0
2458019.5 16.7320571175 0 15.2812383458 0
2458020.5 16.6867882414 0 15.2241226566 0
2458021.5 16.5939606448 0 15.1248022262 0
2458022.5 16.4798433781 0 14.9987282623 0
2458023.5 17.4118840621 0 16.0402392559 0
2458024.5 17.8355453867 0 16.4812206445 0
2458025.5 17.7405671563 0 16.3724265824 0
2458026.5 17.7280326594 0 16.3543975326 0
2458027.5 17.6238381248 0 16.2415768654 0
2458028.5 17.6332619127 0 16.2495955042 0
2458029.5 16.7722302887 0 15.2918815481 0
2458030.5 16.8255512253 0 15.350202288 0
2458031.5 16.7624205917 0 15.2768676332 0
2458032.5 16.6828710336 0 15.1841148108 0
2458033.5 17.6504669366 0 16.2730944147 0
2458034.5 17.7747751357 0 16.4132329138 0
2458035.5 17.7169012111 0 16.3508694181 0
2458036.5 17.8310854339 0 16.476225138 0
2458037.5 17.9241388857 0 16.5809324064 0
2458038.5 17.7646316174 0 16.4062641285 0
2458039.5 17.6489188581 0 16.2751347225 0
2458040.5 17.8197954395 0 16.4625791579 0
2458041.5 18.0042628806 0 16.6617018365 0
2458042.5 17.848247388 0 16.4946118829 0
2458043.5 17.8018326886 0 16.4475677021 0
2458044.5 16.5869738202 0 15.0839416351 0
2458045.5 16.6949373509 0 15.2025857887 0
2458046.5 16.6249942475 0 15.1194096946 0
2458047.5 16.508781971 0 14.9882918041 0
2458048.5 17.0763899927 0 15.638842721 0
2458049.5 17.0976153068 0 15.6574730659 0
2458050.5 17.0405552886 0 15.5868470381 0
2458051.5 17.1742379636 0 15.7375045149 0
2458052.5 17.4869328558 0 16.0836116728 0
2458053.5 17.622350373 0 16.2305103785 0
2458054.5 17.6803983866 0 16.2921647946 0
2458055.5 17.7264659249 0 16.3455467216 0
2458056.5 17.9289607945 0 16.5640099922 0
2458057.5 17.9989818547 0 16.6412919129 0
2458058.5 18.0989025116 0 16.7509294453 0
2458059.5 18.1978847413 0 16.8639385941 0
2458060.5 16.4884865112 0 14.9444725917 0
2458061.5 16.5312357948 0 15.0038238485 0
2458062.5 16.6615729188 0 15.1476250866 0
2458063.5 16.5322211511 0 15.0052214633 0
2458064.5 16.5368577242 0 15.0105068573 0
2458065.5 16.412815996 0 14.8676142833 0
2458066.5 16.3384732555 0 14.784322933 0
2458067.5 16.3042108555 0 14.7514450257 0
2458068.5 16.3288565818 0 14.7874714333 0
2458069.5 16.3898794181 0 14.857721681 0
2458070.5 16.349521808 0 14.8103910821 0
2458071.5 17.7863702131 0 16.4265548891 0
2458072.5 17.6389801317 0 16.2656701858 0
2458073.5 17.7052591095 0 16.3387645811 0
2458074.5 17.8612673781 0 16.5058794037 0
2458075.5 17.9807013435 0 16.6370961718 0
2458076.5 17.3764906965 0 15.9706710242 0
2458077.5 17.2714965586 0 15.8573067998 0
2458078.5 17.2359384523 0 15.8197879277 0
2458079.5 17.2720755401 0 15.8605692226 0
2458080.5 17.1271894122 0 15.6989996868 0
2458081.5 17.1108607039 0 15.6764896179 0
2458082.5 16.8627782281 0 15.3947418338 0
2458083.5 16.7795032958 0 15.3071052748 0
2458084.5 16.8157009059 0 15.3423144257 0
2458085.5 16.7693947208 0 15.2828763447 0
2458086.5 16.7809322961 0 15.297560801 0
2458087.5 17.5168556042 0 16.1189083692 0
2458088.5 17.6788819579 0 16.2928856875 0
2458089.5 17.6250997011 0 16.236529759 0
2458090.5 17.7098922602 0 16.3353514465 0
2458091.5 16.5591426027 0 15.0490125762 0
2458092.5 16.5971102743 0 15.0977441589 0
2458093.5 16.5927533434 0 15.0767744524 0
2458094.5 16.5986755045 0 15.0796365619 0
2458095.5 16.6420582219 0 15.1276138272 0
2458096.5 16.7000546343 0 15.1959739293 0
2458097.5 16.8591150042 0 15.3838907675 0
2458098.5 16.8713771664 0 15.3967458897 0
2458099.5 16.9823784229 0 15.5200078438 0
2458100.5 17.0409521694 0 15.5809982569 0
2458101.5 17.1358725488 0 15.6923731404 0
2458102.5 17.6418803312 0 16.2556477252 0
2458103.5 17.5709348345 0 16.1736091516 0
2458104.5 17.6697213381 0 16.2878572817 0
2458105.5 17.6958462267 0 16.3115154514 0
2458106.5 17.6721764197 0 16.2857954319 0
2458107.5 16.6676799309 0 15.1611499675 0
2458108.5 16.5906927764 0 15.0794669284 0
2458109.5 16.5935916701 0 15.0838339583 0
2458110.5 16.6151296416 0 15.1028211131 0
2458111.5 16.6700548355 0 15.160310736 0
2458112.5 16.9920579709 0 15.5236187848 0
2458113.5 17.0237442491 0 15.5606655856 0
2458114.5 17.0837811442 0 15.6309749228 0
2458115.5 16.9451251789 0 15.4813701263 0
2458116.5 17.2050925911 0 15.7714485766 0
2458117.5 17.2781107184 0 15.8524019531 0
2458118.5 17.3134360691 0 15.8855436866 0
2458119.5 17.3188798467 0 15.8901300421 0
2458120.5 17.3512306126 0 15.9250061564 0
2458121.5 17.3087274827 0 15.876100169 0
2458122.5 17.7591741125 0 16.3774844898 0
2458123.5 17.7590457855 0 16.3822061325 0
2458124.5 17.757345748 0 16.3854230332 0
2458125.5 17.7932568656 0 16.4204495579 0
2458126.5 17.7339047321 0 16.3591707165 0
2458127.5 16.5882206525 0 15.0688598197 0
2458128.5 16.4530791973 0 14.9195837383 0
2458129.5 16.4682725251 0 14.9430839085 0
2458130.5 16.4630473836 0 14.9291647119 0
2458131.5 17.2362253896 0 15.8094659773 0
2458132.5 17.2844840585 0 15.8599949175 0
2458133.5 17.2336490781 0 15.8012923924 0
2458134.5 17.2072387305 0 15.7682976953 0
2458135.5 17.3254783838 0 15.894934634 0
2458136.5 16.8219240564 0 15.3189822498 0
2458137.5 16.7914156031 0 15.2834689416 0
2458138.5 16.7812027532 0 15.2720943408 0
2458139.5 16.6919662064 0 15.1764078521 0
2458140.5 17.911367798 0 16.5439392613 0
2458141.5 17.8168226282 0 16.4377395822 0
2458142.5 17.6408392679 0 16.2485036095 0
2458143.5 17.7151455212 0 16.3276281953 0
2458144.5 17.6707014087 0 16.2795457713 0
2458145.5 17.5703146936 0 16.1627473717 0
2458146.5 17.3116902059 0 15.8730717497 0
2458147.5 17.1342069431 0 15.6783036773 0
2458148.5 17.0793899449 0 15.6167593285 0
2458149.5 17.0777638193 0 15.6084211382 0
2458150.5 16.6047410512 0 15.0561745328 0
2458151.5 16.6920874344 0 15.1562623165 0
2458152.5 16.7203150901 0 15.1981371413 0
2458153.5 16.6648371874 0 15.1385060077 0
2458154.5 16.6480402955 0 15.1101477632 0
2458155.5 16.8013722206 0 15.2969197881 0
2458156.5 16.7808214449 0 15.2733481579 0
2458157.5 16.6853840266 0 15.1682758985 0
2458158.5 16.6507832212 0 15.1201652508 0
2458159.5 17.6747569411 0 16.2825831357 0
2458160.5 17.8008458934 0 16.4253404348 0
2458161.5 17.9345262023 0 16.5755210864 0
2458162.5 18.0984690741 0 16.7552787917 0
2458163.5 18.0277742546 0 16.6820268227 0
2458164.5 18.1137732964 0 16.7798310052 0
2458165.5 17.8762518435 0 16.514946998 0
2458166.5 17.9715741418 0 16.6219576858 0
2458167.5 17.7958297933 0 16.4310315806 0
2458168.5 17.8138200989 0 16.4500107291 0
2458169.5 16.3142189014 0 14.7613321227 0
2458170.5 16.2345075162 0 14.6706655048 0
2458171.5 16.1703620372 0 14.5914614137 0
2458172.5 16.0750757752 0 14.4811032436 0
2458173.5 16.1717112126 0 14.5917342138 0
2458174.5 16.8334178273 0 15.3720151655 0
2458175.5 16.7467026937 0 15.2707195011 0
2458176.5 16.6778833062 0 15.1880536474 0
2458177.5 16.7111934935 0 15.2291376257 0
2458178.5 16.7102671733 0 15.2320916391 0
2458179.5 16.7551639679 0 15.2885570017 0
2458180.5 17.0021094034 0 15.5616430016 0
2458181.5 16.9043420097 0 15.4536981067 0
2458182.5 17.0436003286 0 15.6045594438 0
2458183.5 16.8612422438 0 15.4123651426 0
2458184.5 16.8439144007 0 15.3881427747 0
2458185.5 16.8009210306 0 15.3441285212 0
2458186.5 17.1256032018 0 15.7103013287 0
2458187.5 17.3040999614 0 15.9042866493 0
2458188.5 17.3866749466 0 15.9997089616 0
2458189.5 17.5284738654 0 16.1538798707 0
2458190.5 17.0903991901 0 15.667626546 0
2458191.5 17.0846043458 0 15.6605998657 0
2458192.5 17.1853587096 0 15.7783774699 0
2458193.5 17.0557512247 0 15.6361458963 0
2458194.5 16.9023127761 0 15.4672463359 0
2458195.5 16.1940896275 0 14.6634704446 0
2458196.5 16.2504222735 0 14.7294799037 0
2458197.5 16.2017793315 0 14.6684311724 0
2458198.5 16.1346166217 0 14.5843681297 0
2458199.5 16.081626115 0 14.5156194968 0
2458200.5 16.1625142115 0 14.608996668 0
2458201.5 17.5965750688 0 16.2348484146 0
2458202.5 17.5434262153 0 16.1789736442 0
2458203.5 17.6754930636 0 16.3191025789 0
2458204.5 17.5353673531 0 16.1635891926 0
2458205.5 17.2125906328 0 15.8083727262 0
2458206.5 17.1383333488 0 15.7242292222 0
2458207.5 17.2694953808 0 15.8685531157 0
2458208.5 17.2354601083 0 15.8257754424 0
2458209.5 16.2922172655 0 14.7625781817 0
2458210.5 16.3069392124 0 14.7753113718 0
2458211.5 16.3931070252 0 14.8714626249 0
2458212.5 16.46373108 0 14.951127194 0
2458213.5 16.5334275827 0 15.0254066239 0
2458214.5 16.8104039784 0 15.3458714459 0
2458215.5 16.7033670028 0 15.2222397384 0
2458216.5 16.6616085327 0 15.1749744089 0
2458217.5 16.638876853 0 15.1470479608 0
2458218.5 16.5326883284 0 15.0282399389 0
2458219.5 16.6148514147 0 15.1164257121 0
2458220.5 17.2255290292 0 15.8013216903 0
2458221.5 17.0278003718 0 15.6083289202 0
2458222.5 16.88924286 0 15.4581840552 0
2458223.5 16.8387978048 0 15.4040615286 0
2458224.5 16.9926593108 0 15.5735149793 0
2458225.5 16.7472067998 0 15.3050431772 0
2458226.5 16.6192474598 0 15.1659380183 0
2458227.5 16.647916457 0 15.1966276326 0
2458228.5 16.770648513 0 15.3339017849 0
2458229.5 16.8394239492 0 15.4127471242 0
2458230.5 17.0086165798 0 15.5975629951 0
2458231.5 16.0995185226 0 14.5560498213 0
2458232.5 16.1760972232 0 14.6402703094 0
2458233.5 16.0966984421 0 14.5523254097 0
2458234.5 16.0415255029 0 14.4909744953 0
2458235.5 16.0003504274 0 14.4394011269 0
2458236.5 15.9744510554 0 14.4131545729 0
2458237.5 17.301241929 0 15.9191587424 0
2458238.5 17.3810866536 0 16.0113589299 0
2458239.5 17.1773744441 0 15.7905141587 0
2458240.5 17.276190086 0 15.8972469234 0
2458241.5 17.2501443907 0 15.8684646838 0
2458242.5 17.3564072319 0 15.9820666563 0
2458243.5 17.484490813 0 16.1249577396 0
2458244.5 17.5550208944 0 16.2018180863 0
2458245.5 17.5696264879 0 16.2218980046 0
2458246.5 17.6136183052 0 16.2700183914 0
2458247.5 17.6459022042 0 16.302787606 0
2458248.5 16.1595682282 0 14.6450311838 0
2458249.5 16.1784923182 0 14.6651193766 0
2458250.5 16.3049928857 0 14.8085472455 0
2458251.5 16.2731564942 0 14.7713021676 0
2458252.5 16.2778849477 0 14.7773940632 0
2458253.5 16.1833939945 0 14.6672901543 0
2458254.5 16.135202121 0 14.6088474713 0
2458255.5 16.0642714524 0 14.5318533624 0
2458256.5 16.119103741 0 14.5992864737 0
2458257.5 16.0135261486 0 14.4771303657 0
2458258.5 17.1243948971 0 15.7309589669 0
2458259.5 17.1998457796 0 15.8153398553 0
2458260.5 17.0632285426 0 15.6640534808 0
2458261.5 17.1270430852 0 15.7320800763 0
2458262.5 17.402870624 0 16.0378816978 0
2458263.5 17.329743233 0 15.9537786216 0
2458264.5 17.2134883836 0 15.8228008389 0
2458265.5 17.3361412728 0 15.9569202422 0
2458266.5 17.4337720468 0 16.0603124727 0
2458267.5 17.1413902909 0 15.7321433649 0
2458268.5 16.9927715887 0 15.5706014975 0
2458269.5 17.0155117803 0 15.5962657432 0
2458270.5 17.0715469487 0 15.6617576397 0
2458271.5 16.966498497 0 15.5448073397 0
2458272.5 16.2860619555 0 14.7749521427 0
2458273.5 16.3395294033 0 14.8414639258 0
2458274.5 16.4100345275 0 14.9282587985 0
2458275.5 16.408802634 0 14.9203714484 0
2458276.5 16.4222353866 0 14.9391214552 0
2458277.5 16.4095269676 0 14.9214000632 0
2458278.5 17.3298156317 0 15.9538405652 0
2458279.5 17.3132550486 0 15.9383221599 0
2458280.5 17.2787587696 0 15.9041553089 0
2458281.5 17.362122994 0 15.9988305612 0
2458282.5 17.3285697483 0 15.9587319214 0
2458283.5 16.0920038382 0 14.5606864273 0
2458284.5 16.2003129198 0 14.6747793943 0
2458285.5 16.2641598277 0 14.7454665469 0
2458286.5 16.2522772402 0 14.7267025688 0
2458287.5 17.5643255178 0 16.1982800263 0
2458288.5 17.7203933318 0 16.3711298869 0
2458289.5 17.6410582065 0 16.2871159147 0
2458290.5 17.7260412014 0 16.3790984965 0
2458291.5 16.6589417309 0 15.1888926428 0
2458292.5 16.6205541507 0 15.1520689316 0
2458293.5 16.6422178556 0 15.1755972072 0
2458294.5 16.620486533 0 15.150224896 0
2458295.5 16.5402013985 0 15.0528263684 0
2458296.5 16.4929138877 0 14.9987651347 0
2458297.5 16.6516049669 0 15.1736468124 0
2458298.5 16.7327360118 0 15.2605444763 0
2458299.5 16.8443861938 0 15.3870242831 0
2458300.5 16.9464396261 0 15.5052656654 0
2458301.5 16.7626572972 0 15.3046913696 0
2458302.5 16.9547816855 0 15.5191095651 0
2458303.5 17.059563411 0 15.641208342 0
2458304.5 17.0151678539 0 15.5937959402 0
2458305.5 16.8663490606 0 15.4312317632 0
2458306.5 16.7715673274 0 15.3230155604 0
2458307.5 16.7873394282 0 15.3417010299 0
2458308.5 17.5784789779 0 16.2187999859 0
2458309.5 17.5494032728 0 16.1897503253 0
2458310.5 17.4181449456 0 16.0425664901 0
2458311.5 17.3083916101 0 15.924525978 0
2458312.5 17.1410134551 0 15.743064673 0
2458313.5 16.0207252753 0 14.4651476134 0
2458314.5 15.9798790801 0 14.4177110166 0
2458315.5 15.9527130654 0 14.3757618789 0
2458316.5 16.1631862669 0 14.584549545 0
2458317.5 16.1725350785 0 14.5865270856 0
2458318.5 16.1786202652 0 14.5994861656 0
2458319.5 16.4076499448 0 14.8753953182 0
2458320.5 16.3565970302 0 14.8199785082 0
2458321.5 16.3243638108 0 14.7864979177 0
2458322.5 16.3652187782 0 14.8353218435 0
2458323.5 16.4384177317 0 14.9156878941 0
2458324.5 16.4194220884 0 14.8866847279 0
2458325.5 16.2746590569 0 14.7240510446 0
2458326.5 16.3170098054 0 14.7713056856 0
2458327.5 16.360649352 0 14.819361466 0
2458328.5 16.3898692638 0 14.8456847778 0
2458329.5 16.4652399945 0 14.9373101097 0
2458330.5 16.5819518154 0 15.0660910183 0
2458331.5 16.6032578496 0 15.0913007514 0
2458332.5 16.65918144 0 15.162928395 0
2458333.5 16.7946608341 0 15.312179072 0
2458334.5 16.6959635396 0 15.204279071 0
2458335.5 16.8760374671 0 15.4035972448 0
2458336.5 17.0121827075 0 15.5538151099 0
2458337.5 17.0226671759 0 15.5696058962 0
2458338.5 17.1092261832 0 15.6684248392 0
2458339.5 17.1390923004 0 15.6986117947 0
2458340.5 17.5730572545 0 16.1793940546 0
2458341.5 17.5465788606 0 16.1522570365 0
2458342.5 17.6030843302 0 16.2105607021 0
2458343.5 17.4715328093 0 16.0683059101 0
2458344.5 17.6218958444 0 16.2337289631 0
2458345.5 17.1585473417 0 15.7127217299 0
2458346.5 17.0748828436 0 15.6152512217 0
2458347.5 17.0938331898 0 15.6395655247 0
2458348.5 17.0385602814 0 15.5762518721 0
2458349.5 17.431503651 0 16.0331346453 0
2458350.5 17.4747390118 0 16.0844408721 0
2458351.5 17.4951705449 0 16.1097776997 0
2458352.5 17.6385417788 0 16.269662076 0
2458353.5 17.6480151093 0 16.2794653333 0
2458354.5 17.6175825069 0 16.2427903876 0
2458355.5 17.6173181711 0 16.2436126719 0
2458356.5 17.7900143333 0 16.4303904587 0
2458357.5 17.7601172503 0 16.3924217451 0
2458358.5 17.6899357038 0 16.3196676793 0
2458359.5 17.1357289284 0 15.7078779756 0
2458360.5 17.0474945375 0 15.612436503 0
2458361.5 17.2214622626 0 15.8027316501 0
2458362.5 17.1706679098 0 15.7414499664 0
2458363.5 17.0160407362 0 15.5722242419 0
2458364.5 17.5361962588 0 16.1456600974 0
2458365.5 17.4464085757 0 16.0510465649 0
2458366.5 17.5908569097 0 16.2116087827 0
2458367.5 17.664852157 0 16.2912806675 0
2458368.5 17.825174657 0 16.4654078742 0
2458369.5 16.4414969779 0 14.9047974197 0
2458370.5 16.387945578 0 14.8349319452 0
2458371.5 16.4569321068 0 14.9099556527 0
2458372.5 16.50474095 0 14.9658260067 0
2458373.5 17.1539424486 0 15.7042088195 0
2458374.5 17.2908842852 0 15.8555092599 0
2458375.5 17.3235072514 0 15.8894312583 0
2458376.5 17.2342311691 0 15.7861427434 0
2458377.5 17.1397504878 0 15.6862111866 0
2458378.5 16.9595119843 0 15.4961491063 0
2458379.5 16.6430361003 0 15.1327361699 0
2458380.5 16.6792411393 0 15.1740814744 0
2458381.5 16.7057581392 0 15.2075237244 0
2458382.5 16.7960917691 0 15.3107011 0
2458383.5 16.8886380216 0 15.419216729 0
2458384.5 16.4079727492 0 14.8587507454 0
2458385.5 16.431217378 0 14.8894524584 0
2458386.5 16.3504946003 0 14.8031811667 0
2458387.5 16.4077452277 0 14.8681949449 0
2458388.5 16.4159597898 0 14.88685298 0
2458389.5 17.2485644946 0 15.8319608486 0
2458390.5 17.1057394543 0 15.6724993596 0
2458391.5 16.9968534509 0 15.5529180629 0
2458392.5 16.9460243313 0 15.4942346364 0
2458393.5 16.8417029718 0 15.3800840789 0
2458394.5 16.7668091242 0 15.2937801568 0
2458395.5 17.508364402 0 16.117630495 0
2458396.5 17.4718152357 0 16.0823175728 0
2458397.5 17.5341366641 0 16.1563567898 0
2458398.5 17.3694573204 0 15.9750649728 0
2458399.5 17.22027507 0 15.8103468679 0
2458400.5 17.255198578 0 15.8536596342 0
2458401.5 17.1251964402 0 15.710869145 0
2458402.5 17.2377183461 0 15.8326974664 0
2458403.5 17.1624157726 0 15.7526073446 0
2458404.5 17.0639171343 0 15.6487214259 0
2458405.5 17.0734547464 0 15.6570635338 0
2458406.5 17.5571347182 0 16.1866431312 0
2458407.5 17.5414746916 0 16.1726501754 0
2458408.5 17.4662258763 0 16.0933446121 0
2458409.5 17.3904345133 0 16.0110095344 0
2458410.5 17.1320354885 0 15.729564521 0
2458411.5 17.2077164113 0 15.8149977949 0
2458412.5 17.1676602341 0 15.7729113996 0
2458413.5 17.0795535761 0 15.6716065618 0
2458414.5 16.9764604688 0 15.564775234 0
2458415.5 16.926338078 0 15.507320792 0
2458416.5 16.6729052087 0 15.2275125286 0
2458417.5 16.6883299913 0 15.2395979245 0
2458418.5 16.7336291794 0 15.2951803967 0
2458419.5 16.7146917643 0 15.2793853976 0
2458420.5 16.3947377722 0 14.9187552929 0
2458421.5 16.437522876 0 14.9664911341 0
2458422.5 16.3965391427 0 14.9159621885 0
2458423.5 16.4189610671 0 14.9469729839 0
2458424.5 16.2613826936 0 14.7721635582 0
2458425.5 15.9661930014 0 14.4348135797 0
2458426.5 15.9367986334 0 14.3992835114 0
2458427.5 15.8501382285 0 14.3033280226 0
2458428.5 15.8425114967 0 14.2864077375 0
2458429.5 16.7377842589 0 15.3136555802 0
2458430.5 16.7157389129 0 15.2937196766 0
2458431.5 16.7765828906 0 15.3618123843 0
2458432.5 16.8102003453 0 15.3982900646 0
2458433.5 16.1537224425 0 14.6603547589 0
2458434.5 16.1524101726 0 14.6532385253 0
2458435.5 16.204091275 0 14.7134466889 0
2458436.5 16.0770836351 0 14.5716713477 0
2458437.5 16.0103069507 0 14.4984153905 0
2458438.5 16.1211212896 0 14.6209541463 0
2458439.5 16.0122392545 0 14.4985898383 0
2458440.5 16.0002950478 0 14.4916676863 0
2458441.5 16.1216177979 0 14.6262140148 0
2458442.5 15.985552343 0 14.4731626155 0
2458443.5 16.9603841648 0 15.5716935968 0
2458444.5 16.9830857049 0 15.6002504768 0
2458445.5 17.0863364386 0 15.7165582391 0
2458446.5 17.1947422226 0 15.8378109888 0
2458447.5 17.0052872094 0 15.6317632218 0
2458448.5 16.1120071429 0 14.6404168708 0
2458449.5 16.170107459 0 14.70306053 0
2458450.5 16.2657102447 0 14.8053480124 0
2458451.5 16.1389960538 0 14.6649957593 0
2458452.5 16.1623773799 0 14.6926517049 0
2458453.5 16.026759178 0 14.5363500227 0
2458454.5 16.0856557577 0 14.608484032 0
2458455.5 16.2028886604 0 14.7402992146 0
2458456.5 16.2598626925 0 14.8026858477 0
2458457.5 16.8632117856 0 15.4739448493 0
2458458.5 16.8725948899 0 15.488216537 0
2458459.5 16.8755230108 0 15.4929242938 0
2458460.5 16.7969772603 0 15.4061557915 0
2458461.5 16.6588656757 0 15.2525934806 0
2458462.5 16.887983469 0 15.5093900568 0
2458463.5 16.7978577874 0 15.414552956 0
2458464.5 16.7348557356 0 15.3460231499 0
2458465.5 16.7179154886 0 15.3319649341 0
2458466.5 16.6024775802 0 15.2064325166 0
2458467.5 16.6673198314 0 15.2761446225 0
2458468.5 16.6774963927 0 15.2912742623 0
2458469.5 16.601363746 0 15.2024849116 0
2458470.5 15.9614098492 0 14.4890277737 0
2458471.5 16.0622530442 0 14.5997820174 0
2458472.5 16.0323546622 0 14.5620397889 0
2458473.5 15.9233438682 0 14.4372019092 0
2458474.5 15.981074291 0 14.4991263555 0
2458475.5 15.9702763627 0 14.4924327489 0
2458476.5 16.2069327053 0 14.7551708481 0
2458477.5 16.0495014853 0 14.5914547064 0
2458478.5 16.1160417893 0 14.6691490209 0
2458479.5 16.0653547638 0 14.6101652012 0
2458480.5 16.0938856675 0 14.638689017 0
2458481.5 16.7215696256 0 15.3365788988 0
2458482.5 16.6725256383 0 15.2826302407 0
2458483.5 16.7716622493 0 15.3893514631 0
2458484.5 16.5893112228 0 15.1918998002 0
2458485.5 16.6436408145 0 15.2499461945 0
2458486.5 16.6812660103 0 15.294395681 0
2458487.5 16.7396341011 0 15.3590474663 0
2458488.5 16.6280203584 0 15.2368078883 0
2458489.5 16.061860899 0 14.6040990477 0
2458490.5 16.0096174783 0 14.5462635411 0
2458491.5 16.0500648176 0 14.5897732183 0
2458492.5 16.03956163 0 14.5738792386 0
2458493.5 15.9716719896 0 14.4976037217 0
2458494.5 16.2641079997 0 14.8232175177 0
2458495.5 16.2257913107 0 14.7831290351 0
2458496.5 16.2322900594 0 14.7957174323 0
2458497.5 16.412960004 0 14.9926301204 0
2458498.5 16.569544273 0 15.1626957948 0
2458499.5 15.8952386927 0 14.4030800297 0
2458500.5 15.8753673159 0 14.3759726884 0
2458501.5 15.9703270476 0 14.4825833457 0
2458502.5 15.9989286408 0 14.51265113 0
2458503.5 16.0746965008 0 14.5929066927 0
2458504.5 16.0949894239 0 14.6185148052 0
2458505.5 15.7380655291 0 14.2116125653 0
2458506.5 15.8219697415 0 14.3082085963 0
2458507.5 15.6965277765 0 14.1679952421 0
2458508.5 15.638092844 0 14.0993791502 0
2458509.5 15.5997780176 0 14.0457650131 0
2458510.5 15.709707925 0 14.1695827738 0
2458511.5 15.7086392803 0 14.1692134554 0
2458512.5 15.7002819356 0 14.1514176098 0
2458513.5 15.6593570326 0 14.1081632754 0
2458514.5 15.6807713878 0 14.1326713683 0
2458515.5 15.6271613476 0 14.0619899389 0
2458516.5 15.5498830396 0 13.9774386279 0
2458517.5 16.5856886598 0 15.1653053101 0
2458518.5 16.6909968695 0 15.2857021519 0
2458519.5 16.7749947657 0 15.3758045165 0
2458520.5 16.8462908789 0 15.4555702718 0
2458521.5 16.9239172947 0 15.5415590209 0
2458522.5 15.7092287617 0 14.1747141709 0
2458523.5 15.6521831336 0 14.1057544842 0
2458524.5 15.7122782691 0 14.1760283944 0
2458525.5 15.7249246029 0 14.1936909804 0
2458526.5 15.7062801804 0 14.1755328972 0
2458527.5 15.7309334232 0 14.2053517652 0
2458528.5 16.4326715898 0 15.0079453206 0
2458529.5 16.3002972641 0 14.8583151796 0
2458530.5 16.4042720193 0 14.9707271874 0
2458531.5 16.2974004411 0 14.8520422456 0
2458532.5 15.6590852466 0 14.1169425039 0
2458533.5 15.7415619526 0 14.2129191325 0
2458534.5 15.7442087021 0 14.2222451743 0
2458535.5 15.7226082563 0 14.189791562 0
2458536.5 15.6887659555 0 14.1521070645 0
2458537.5 15.6316070314 0 14.0856807084 0
2458538.5 15.6745538873 0 14.133108103 0
2458539.5 15.7597912683 0 14.2284278516 0
2458540.5 15.8818172225 0 14.3674477665 0
2458541.5 16.536061616 0 15.1092733033 0
2458542.5 16.4376889728 0 15.0127256101 0
2458543.5 16.4284576258 0 14.9996515346 0
2458544.5 16.4120456182 0 14.9837782022 0
2458545.5 15.8048463833 0 14.2917548451 0
2458546.5 15.7090649848 0 14.1849057668 0
2458547.5 15.6556922588 0 14.1255336769 0
2458548.5 15.6947954491 0 14.1744512124 0
2458549.5 15.6938121357 0 14.1715836205 0
2458550.5 15.804912236 0 14.3020661984 0
2458551.5 15.7460517611 0 14.2272021373 0
2458552.5 15.7644196008 0 14.2413413352 0
2458553.5 15.7835996825 0 14.2629072702 0
2458554.5 17.0612429353 0 15.6928182029 0
2458555.5 16.9774490302 0 15.5960068547 0
2458556.5 17.1346930948 0 15.7702280448 0
2458557.5 17.2048402368 0 15.844315038 0
2458558.5 16.0428172472 0 14.5418104398 0
2458559.5 16.0230759199 0 14.5120178376 0
2458560.5 16.0046020688 0 14.495635536 0
2458561.5 15.9895212975 0 14.4831470829 0
2458562.5 16.1307714841 0 14.6392877677 0
2458563.5 16.0772142278 0 14.5719597155 0
2458564.5 16.4379689869 0 14.9887043334 0
2458565.5 16.5482172384 0 15.1069608227 0
2458566.5 16.3739410973 0 14.9168237025 0
2458567.5 16.3458163252 0 14.8851960514 0
2458568.5 16.3521228894 0 14.8885584917 0
2458569.5 16.4275794296 0 14.9751506674 0
2458570.5 16.3277893671 0 14.865319673 0
2458571.5 16.2310875354 0 14.7582132242 0
2458572.5 16.3244884615 0 14.8594697633 0
2458573.5 16.2082015882 0 14.7325953102 0
2458574.5 16.0206810773 0 14.5142470846 0
2458575.5 16.0192693557 0 14.5113904525 0
2458576.5 15.933417034 0 14.4110368626 0
2458577.5 15.946257238 0 14.42460794 0
2458578.5 16.0751467943 0 14.5679922396 0
2458579.5 16.0197450025 0 14.5062858447 0
2458580.5 16.2102551473 0 14.7451805917 0
2458581.5 16.1785280004 0 14.7110935328 0
2458582.5 16.1382406044 0 14.6684375726 0
2458583.5 16.18647408 0 14.7179447637 0
2458584.5 16.2481368037 0 14.7818076707 0
2458585.5 16.3184810885 0 14.8562807252 0
2458586.5 16.6523487506 0 15.2292314891 0
2458587.5 16.7387704492 0 15.3246404099 0
2458588.5 16.6880477814 0 15.2732082303 0
2458589.5 16.7407973181 0 15.3266011891 0
2458590.5 16.8300103233 0 15.4230628605 0
2458591.5 16.7068123909 0 15.2832117105 0
2458592.5 16.8516551081 0 15.4394080751 0
2458593.5 16.8586223347 0 15.4480963097 0
2458594.5 16.8208228141 0 15.408002065 0
2458595.5 16.9683047332 0 15.5702792589 0
2458596.5 16.0570327939 0 14.5434926524 0
2458597.5 16.0231458465 0 14.5088900568 0
2458598.5 16.0863648479 0 14.5799059828 0
2458599.5 16.0477417065 0 14.5395154097 0
2458600.5 15.9797396085 0 14.4627970371 0
2458601.5 16.0654106668 0 14.5608407428 0
2458602.5 16.5244715339 0 15.0863917615 0
2458603.5 16.5160247046 0 15.0788716684 0
2458604.5 16.594486285 0 15.1651934263 0
2458605.5 16.6902864003 0 15.270954698 0
2458606.5 16.337811544 0 14.8716150291 0
2458607.5 16.4274063822 0 14.9784729597 0
2458608.5 16.3055716473 0 14.8429755298 0
2458609.5 16.3384084443 0 14.8754659857 0
2458610.5 16.2084953298 0 14.7332668522 0
2458611.5 16.3033006408 0 14.8433467109 0
2458612.5 15.7349949631 0 14.1945520691 0
2458613.5 15.7634931442 0 14.2225220905 0
2458614.5 15.7523978115 0 14.2126514893 0
2458615.5 15.96470275 0 14.43552475 0
2458616.5 16.0355672911 0 14.5138758037 0
2458617.5 16.029147029 0 14.5094054305 0
2458618.5 15.9712527944 0 14.4473790261 0
2458619.5 16.0239842018 0 14.5033304831 0
2458620.5 16.2159193836 0 14.7276585359 0
2458621.5 16.108652183 0 14.6069339672 0
2458622.5 16.0319051968 0 14.5210455346 0
2458623.5 15.9668392982 0 14.445114107 0
2458624.5 15.9762933165 0 14.4527603316 0
2458625.5 16.8308488864 0 15.4170837538 0
2458626.5 16.9815126467 0 15.5801401666 0
2458627.5 16.8962134885 0 15.4804792398 0
2458628.5 16.9304586408 0 15.5139684658 0
2458629.5 16.9213470507 0 15.5030979309 0
2458630.5 16.8176815555 0 15.3914945912 0
2458631.5 16.466006759 0 14.9900289239 0
2458632.5 16.542510264 0 15.0733053382 0
2458633.5 16.5559326627 0 15.0871056206 0
2458634.5 16.5383509388 0 15.0705382836 0
2458635.5 16.6895964693 0 15.2388528978 0
2458636.5 16.8061167725 0 15.363824671 0
2458637.5 16.6433206587 0 15.175352307 0
2458638.5 16.5254388204 0 15.047147147 0
2458639.5 16.5849456833 0 15.1196004738 0
2458640.5 16.4671598092 0 14.9913066629 0
2458641.5 16.5454345916 0 15.0823310001 0
2458642.5 16.6329092545 0 15.1804054376 0
2458643.5 15.9972486176 0 14.4392624926 0
2458644.5 15.9756163022 0 14.4220284115 0
2458645.5 16.0140791286 0 14.4657236078 0
2458646.5 15.986401478 0 14.427266645 0
2458647.5 15.9705202556 0 14.4084962649 0
2458648.5 16.5570313509 0 15.0943709269 0
2458649.5 16.5148094022 0 15.0439000325 0
2458650.5 16.5247456657 0 15.0530031764 0
2458651.5 16.6181779841 0 15.1607797494 0
2458652.5 16.4955042762 0 15.0228763749 0
2458653.5 16.3302438305 0 14.8442625204 0
2458654.5 16.4008777425 0 14.9305937477 0
2458655.5 16.3553992971 0 14.8811158471 0
2458656.5 16.4994250282 0 15.0412997509 0
2458657.5 16.3833387085 0 14.9112925725 0
2458658.5 16.3603992254 0 14.880001213 0
2458659.5 16.2603277588 0 14.7674917496 0
2458660.5 17.3292124567 0 15.9647391827 0
2458661.5 17.2867717701 0 15.919549432 0
2458662.5 17.4186767141 0 16.061118002 0
2458663.5 17.4892223655 0 16.1413888842 0
2458664.5 15.9822622332 0 14.4556171916 0
2458665.5 16.0282598916 0 14.5043789049 0
2458666.5 15.939362073 0 14.3999792756 0
2458667.5 15.9975849041 0 14.462362205 0
2458668.5 16.050661589 0 14.5297770959 0
2458669.5 16.8073678262 0 15.3878495809 0
2458670.5 16.8595350627 0 15.4412167804 0
2458671.5 16.9014296966 0 15.4879248189 0
2458672.5 16.9894042205 0 15.5872424802 0
2458673.5 17.0978371809 0 15.7058514062 0
2458674.5 16.5475979046 0 15.0885576014 0
2458675.5 16.5228206907 0 15.0643917601 0
2458676.5 16.5286964195 0 15.0757300392 0
2458677.5 16.5279892072 0 15.0699419917 0
2458678.5 16.6249001658 0 15.1816722751 0
2458679.5 16.4770614884 0 15.0201713683 0
2458680.5 16.3262777998 0 14.8494635986 0
2458681.5 16.3923505008 0 14.9282303421 0
2458682.5 16.50525682 0 15.0576843987 0
2458683.5 16.608067776 0 15.1751953651 0
2458684.5 16.8245774327 0 15.4213807921 0
2458685.5 16.82050224 0 15.4155500481 0
2458686.5 16.6995272748 0 15.2784944159 0
2458687.5 16.8482930308 0 15.4443258933 0
2458688.5 16.0436309047 0 14.5304624027 0
2458689.5 16.0444215907 0 14.5305046763 0
2458690.5 16.1655393598 0 14.6657839607 0
2458691.5 16.1238386986 0 14.6147225052 0
2458692.5 16.1654205676 0 14.6569265594 0
2458693.5 16.1615580182 0 14.6455511904 0
2458694.5 16.5913644651 0 15.1371345215 0
2458695.5 16.5542010612 0 15.0933369073 0
2458696.5 16.6411585044 0 15.1875308947 0
2458697.5 16.7405405158 0 15.2934359627 0
2458698.5 16.8575643624 0 15.4249866314 0
2458699.5 16.971876179 0 15.5556257392 0
2458700.5 17.3754688899 0 16.0013922529 0
2458701.5 17.4236120065 0 16.0509982568 0
2458702.5 17.4239257636 0 16.0477485461 0
2458703.5 17.5088933253 0 16.1393786269 0
2458704.5 17.3779005271 0 15.9967052289 0
2458705.5 16.2288053253 0 14.7065764619 0
2458706.5 16.3657992372 0 14.8582780169 0
2458707.5 16.2887578383 0 14.7684027504 0
2458708.5 16.2422710659 0 14.7113257062 0
2458709.5 16.2270461335 0 14.6867100634 0
2458710.5 16.286334225 0 14.762328681 0
2458711.5 17.1927425133 0 15.7929977542 0
2458712.5 17.2886147104 0 15.8961726949 0
2458713.5 17.2034248307 0 15.8029736455 0
2458714.5 17.1047559692 0 15.6956100632 0
2458715.5 16.3988368073 0 14.9029957271 0
2458716.5 16.3096338166 0 14.7983715621 0
2458717.5 16.402168214 0 14.9039096156 0
2458718.5 16.5142421132 0 15.0278436381 0
2458719.5 16.3834291638 0 14.8822764376 0
2458720.5 17.2430490366 0 15.84416453 0
2458721.5 17.0845665774 0 15.6701375041 0
2458722.5 17.0466975566 0 15.6224602338 0
2458723.5 16.9895880826 0 15.5608721368 0
2458724.5 16.9774396367 0 15.5515826323 0
2458725.5 16.5902173461 0 15.1210999968 0
2458726.5 16.6631500763 0 15.2026406144 0
2458727.5 16.7026353722 0 15.2492623299 0
2458728.5 16.6629481606 0 15.20217802 0
2458729.5 17.1543127439 0 15.7499099573 0
2458730.5 17.2151457951 0 15.8118149271 0
2458731.5 17.1245731374 0 15.7140630504 0
2458732.5 17.0774282922 0 15.6585367011 0
2458733.5 16.147978909 0 14.5913503754 0
2458734.5 16.0834979798 0 14.5096258861 0
2458735.5 16.0878545 0 14.5210469315 0
2458736.5 16.1440818817 0 14.5800615794 0
2458737.5 16.049122193 0 14.4707619655 0
2458738.5 16.1003237696 0 14.5369324646 0
2458739.5 17.4285749181 0 16.0454497184 0
2458740.5 17.2969468738 0 15.903418998 0
2458741.5 17.2874009111 0 15.8900947965 0
2458742.5 17.2161250734 0 15.8107101457 0
2458743.5 17.283055238 0 15.8827865039 0
2458744.5 17.1634107188 0 15.7478810895 0
2458745.5 17.1125926734 0 15.694811303 0
2458746.5 16.9417859451 0 15.5090632694 0
2458747.5 17.0379436227 0 15.6125954951 0
2458748.5 16.9509843335 0 15.5214118517 0
2458749.5 16.1332288666 0 14.5916484906 0
2458750.5 16.1295643882 0 14.596606951 0
2458751.5 16.1260436294 0 14.592145034 0
2458752.5 16.0807899542 0 14.5401763247 0
2458753.5 16.0520189008 0 14.5108194734 0
2458754.5 16.1631352382 0 14.6349614632 0
2458755.5 16.2076060884 0 14.6860423072 0
2458756.5 16.0802850428 0 14.5428147513 0
2458757.5 16.1177168151 0 14.5779927141 0
2458758.5 16.093135397 0 14.5555327386 0
2458759.5 16.2938336811 0 14.7944821934 0
2458760.5 15.9869020087 0 14.47680643 0
2458761.5 16.1058738516 0 14.612199112 0
2458762.5 16.0380251706 0 14.5357919652 0
2458763.5 15.940672017 0 14.4276248358 0
2458764.5 15.8789423692 0 14.3628386017 0
2458765.5 16.0015358996 0 14.4980200792 0
2458766.5 15.9422198691 0 14.421735801 0
2458767.5 16.9717033009 0 15.5812025935 0
2458768.5 16.9857463494 0 15.6000021459 0
2458769.5 16.9839905377 0 15.5963052306 0
2458770.5 16.9776322209 0 15.5892448325 0
2458771.5 17.0488824224 0 15.6698082761 0
2458772.5 15.8192426391 0 14.2875337484 0
2458773.5 15.7383021031 0 14.1896700753 0
2458774.5 15.7700265583 0 14.2350188802 0
2458775.5 15.8192915908 0 14.2953709595 0
2458776.5 15.8902986454 0 14.3765203735 0
2458777.5 15.8405098398 0 14.3236214002 0
2458778.5 15.7059612362 0 14.1735486022 0
2458779.5 15.7149585352 0 14.1814391772 0
2458780.5 15.7614910837 0 14.2376212363 0
2458781.5 15.6928237519 0 14.1594747678 0
2458782.5 15.6639828318 0 14.1228058089 0
2458783.5 16.7780086082 0 15.3851033978 0
2458784.5 16.8457861625 0 15.4558709376 0
2458785.5 16.802398506 0 15.4116331488 0
2458786.5 16.8935594745 0 15.5117789545 0
2458787.5 16.7207345201 0 15.3227482039 0
2458788.5 16.0920091814 0 14.6160024127 0
2458789.5 16.2071736229 0 14.7435727454 0
2458790.5 16.0793850678 0 14.5989299723 0
2458791.5 15.9741788472 0 14.4795814568 0
2458792.5 16.0552243319 0 14.5714167109 0
2458793.5 16.0041341036 0 14.5110450608 0
2458794.5 16.3780966566 0 14.9368982095 0
2458795.5 16.354784288 0 14.9128545627 0
2458796.5 16.4205801189 0 14.9836445061 0
2458797.5 16.3595895601 0 14.9136364013 0
2458798.5 16.3468417305 0 14.8961561064 0
2458799.5 17.1049777982 0 15.7332755113 0
2458800.5 16.9978628154 0 15.6114157287 0
2458801.5 17.1482177845 0 15.7778107978 0
2458802.5 17.1492925469 0 15.78135173 0
2458803.5 15.8098619234 0 14.2736514107 0
2458804.5 15.728072502 0 14.1829452082 0
2458805.5 15.6846331074 0 14.1227317592 0
2458806.5 15.7294459003 0 14.1723163993 0
2458807.5 15.7099826627 0 14.151687971 0
2458808.5 15.6968992462 0 14.1449712857 0
2458809.5 16.6868503623 0 15.2737919398 0
2458810.5 16.5522590262 0 15.1220777059 0
2458811.5 16.5258397871 0 15.0971923473 0
2458812.5 16.4035381305 0 14.9628589499 0
2458813.5 16.2890649524 0 14.8366698433 0
2458814.5 16.9435209349 0 15.5618011019 0
2458815.5 17.0295461752 0 15.6538640046 0
2458816.5 16.9890203139 0 15.6069982395 0
2458817.5 17.1577041696 0 15.7884906486 0
2458818.5 17.0613226669 0 15.6855540383 0
2458819.5 17.0100572518 0 15.6292257751 0
2458820.5 15.7385391573 0 14.1830920378 0
2458821.5 15.8265392552 0 14.2858811653 0
2458822.5 15.7229817855 0 14.1685110363 0
2458823.5 15.7724209928 0 14.2340805969 0
2458824.5 15.8516794456 0 14.3290009221 0
2458825.5 15.9153037032 0 14.3960721673 0
2458826.5 15.9624955714 0 14.4191172952 0
2458827.5 15.968278187 0 14.4350529507 0
2458828.5 15.9774976737 0 14.4375181204 0
2458829.5 15.8499275301 0 14.2942197921 0
2458830.5 15.8378896769 0 14.2869807311 0
2458831.5 16.9122917012 0 15.514222982 0
2458832.5 16.7750671559 0 15.3626492088 0
2458833.5 16.6159589787 0 15.1894073908 0
2458834.5 16.7774883252 0 15.3660411488 0
2458835.5 16.0865836907 0 14.5925731681 0
2458836.5 15.9995840943 0 14.4980433288 0
2458837.5 15.9209525662 0 14.4067094328 0
2458838.5 15.8826773217 0 14.3584924371 0
2458839.5 16.02165218 0 14.5147483418 0
2458840.5 16.0722256972 0 14.5745951661 0
2458841.5 16.0507341724 0 14.5479190219 0
2458842.5 15.9142827887 0 14.396773351 0
2458843.5 15.8605795365 0 14.3300085659 0
2458844.5 15.8481317223 0 14.3225539227 0
2458845.5 15.8168409499 0 14.2911324171 0
2458846.5 15.8430027528 0 14.3189889224 0
2458847.5 15.8652314806 0 14.3379619333 0
2458848.5 15.7963659305 0 14.2638823844 0
2458849.5 15.7122793152 0 14.1680139113 0
2458850.5 15.6476793843 0 14.0863039055 0
2458851.5 16.5905574549 0 15.1630389102 0
2458852.5 16.4821560926 0 15.0375445958 0
2458853.5 16.502124126 0 15.0574537096 0
2458854.5 16.5606850874 0 15.1261161404 0
2458855.5 16.1018746474 0 14.6043923883 0
2458856.5 16.1731740207 0 14.6792078468 0
2458857.5 16.1593967073 0 14.6635596412 0
2458858.5 16.0544954236 0 14.5494006484 0
2458859.5 16.2886525214 0 14.8221681114 0
2458860.5 16.2992746284 0 14.8235580088 0
2458861.5 16.4282391228 0 14.9651654924 0
2458862.5 16.4643290403 0 15.0096067345 0
2458863.5 16.5353763846 0 15.0844684435 0
2458864.5 16.3415267414 0 14.866545102 0
2458865.5 16.3658446941 0 14.888798575 0
2458866.5 16.2648707118 0 14.7706796467 0
2458867.5 16.2671816015 0 14.7680738603 0
2458868.5 16.391242119 0 14.9071750979 0
2458869.5 16.3852771868 0 14.8968134501 0
2458870.5 16.494756406 0 15.021950543 0
2458871.5 16.5776955652 0 15.1219806364 0
2458872.5 16.2460360585 0 14.7415059508 0
2458873.5 16.3220073359 0 14.8225783472 0
2458874.5 16.3139865281 0 14.820624433 0
2458875.5 16.3110675277 0 14.8210156713 0
2458876.5 17.0709324804 0 15.674714359 0
2458877.5 16.9432530326 0 15.5307600545 0
2458878.5 16.8849766131 0 15.4713579195 0
2458879.5 17.0226762695 0 15.6215025489 0
2458880.5 17.0035826994 0 15.6027611267 0
2458881.5 16.5484282811 0 15.0929261771 0
2458882.5 16.5842368463 0 15.1286523032 0
2458883.5 16.5439586154 0 15.0794519757 0
2458884.5 16.4837973042 0 15.0159749957 0
2458885.5 16.5707412508 0 15.1198303261 0
2458886.5 16.6261073573 0 15.187428826 0
2458887.5 16.6427668987 0 15.2072544334 0
2458888.5 16.7040083667 0 15.2771159378 0
2458889.5 16.7344125782 0 15.3066048991 0
2458890.5 16.7639369506 0 15.3446272582 0
2458891.5 16.7997782088 0 15.3876331122 0
2458892.5 16.8989176959 0 15.4951192416 0
2458893.5 16.1845186276 0 14.6923580612 0
2458894.5 16.166587772 0 14.678529345 0
2458895.5 16.4659497879 0 14.9887086314 0
2458896.5 16.5381552766 0 15.0672300338 0
2458897.5 16.4659749219 0 14.9879363382 0
2458898.5 16.3920436557 0 14.9073306049 0
2458899.5 16.0569017321 0 14.5238821972 0
2458900.5 16.0237031915 0 14.4827478512 0
2458901.5 16.0573136528 0 14.5245820113 0
2458902.5 16.0007010482 0 14.4559006603 0
2458903.5 15.9296793121 0 14.3732512002 0
2458904.5 16.0014198338 0 14.4617681499 0
2458905.5 17.0670474453 0 15.6704394513 0
2458906.5 17.23449555 0 15.8517846029 0
2458907.5 17.1643380333 0 15.7764785389 0
2458908.5 17.2094979566 0 15.8229933626 0
2458909.5 17.0685422901 0 15.6701022824 0
2458910.5 17.2001167443 0 15.8154772159 0
2458911.5 16.0849580425 0 14.5524771033 0
2458912.5 16.0030218187 0 14.4536934025 0
2458913.5 16.0255492093 0 14.4807411045 0
2458914.5 16.0510745789 0 14.5108436906 0
2458915.5 16.0126053246 0 14.4729207078 0
2458916.5 16.0244518773 0 14.4912320117 0
2458917.5 16.0894507329 0 14.5711913925 0
2458918.5 16.0960219009 0 14.5732619836 0
2458919.5 15.9935397861 0 14.4544840562 0
2458920.5 15.9716892603 0 14.4266825157 0
2458921.5 16.4377542757 0 14.9714217629 0
2458922.5 16.405750798 0 14.9286643834 0
2458923.5 16.4820604282 0 15.0174703259 0
2458924.5 16.4278382437 0 14.9544547565 0
2458925.5 16.3708013498 0 14.8917613541 0
2458926.5 16.4019975895 0 14.9337189308 0
2458927.5 16.786956522 0 15.3698992701 0
2458928.5 16.7355916906 0 15.307652005 0
2458929.5 16.7834546971 0 15.361536969 0
2458930.5 16.6345827694 0 15.1967269259 0
2458931.5 16.6464092368 0 15.20947792 0
2458932.5 16.6767855442 0 15.2379788709 0
2458933.5 16.4604556738 0 14.9926225717 0
2458934.5 16.3872884822 0 14.9138901186 0
2458935.5 16.3189917161 0 14.834934743 0
2458936.5 16.4272661046 0 14.9585071113 0
2458937.5 16.5278379751 0 15.0667473129 0
2458938.5 16.482731532 0 15.01871893 0
2458939.5 16.6201755457 0 15.1708491882 0
2458940.5 16.6796643762 0 15.2428234678 0
2458941.5 16.6104338578 0 15.160340185 0
2458942.5 16.6967285075 0 15.2566573458 0
2458943.5 16.8526481203 0 15.429634087 0
2458944.5 16.7728580874 0 15.3444504002 0
2458945.5 16.6805154286 0 15.2465969817 0
2458946.5 16.8054465441 0 15.3817278595 0
2458947.5 16.8672755847 0 15.4486947465 0
2458948.5 16.9669290085 0 15.5608108043 0
2458949.5 16.0927491682 0 14.5767869588 0
2458950.5 16.0520071704 0 14.5364272385 0
2458951.5 16.1285145747 0 14.6233951427 0
2458952.5 16.0774452923 0 14.5718199134 0
2458953.5 16.0545817425 0 14.5499628772 0
2458954.5 16.0742595353 0 14.5659083706 0
2458955.5 16.2013619837 0 14.7076492247 0
2458956.5 16.2444984328 0 14.759092988 0
2458957.5 16.4674764731 0 14.9891707662 0
2458958.5 16.4355072556 0 14.9565807479 0
2458959.5 16.6421754814 0 15.184501309 0
2458960.5 16.5201714291 0 15.0523460199 0
2458961.5 16.556489836 0 15.0997759015 0
2458962.5 16.5020297174 0 15.0374138897 0
2458963.5 16.1128937277 0 14.5923739976 0
2458964.5 16.0031137134 0 14.4699347181 0
2458965.5 15.9985783193 0 14.4635201571 0
2458966.5 16.0562570006 0 14.5259422993 0
2458967.5 16.5482597148 0 15.0942185144 0
2458968.5 16.4248881878 0 14.9537085206 0
2458969.5 16.4173684597 0 14.946542932 0
2458970.5 16.3268053745 0 14.846676094 0
2458971.5 16.0263829962 0 14.5033916419 0
2458972.5 16.0876815234 0 14.5813322595 0
2458973.5 15.9655941189 0 14.4443614844 0
2458974.5 16.0074953867 0 14.4975688616 0
2458975.5 15.8326609976 0 14.283210609 0
2458976.5 15.8588515284 0 14.3174811854 0
2458977.5 15.7826759208 0 14.2296207722 0
2458978.5 15.8101501622 0 14.2679935403 0
2458979.5 15.8307147379 0 14.2887116789 0
2458980.5 16.8942466072 0 15.4960839503 0
2458981.5 16.7672690241 0 15.3581602574 0
2458982.5 16.7336415078 0 15.3191449555 0
2458983.5 16.7876424703 0 15.3812842871 0
2458984.5 16.689501252 0 15.271727528 0
2458985.5 16.8067541596 0 15.4048738728 0
2458986.5 16.9178602639 0 15.5258532981 0
2458987.5 16.8188706383 0 15.4160578572 0
2458988.5 16.8179364148 0 15.4144949027 0
2458989.5 16.8857810396 0 15.4924017954 0
2458990.5 17.0365483863 0 15.6542011259 0
2458991.5 17.0310783505 0 15.6505364875 0
2458992.5 17.1508673285 0 15.7789989482 0
2458993.5 15.8331924869 0 14.2985347268 0
2458994.5 15.9055556766 0 14.3771711087 0
2458995.5 15.9352774987 0 14.4062210825 0
2458996.5 15.9470738414 0 14.4211705658 0
2458997.5 16.0581894675 0 14.5545180399 0
2458998.5 16.1073203821 0 14.6170487908 0
2458999.5 16.1395820593 0 14.6471942929 0
2459000.5 16.0652942297 0 14.5577145231 0
2459001.5 16.3914298344 0 14.9335708324 0
2459002.5 16.3265106085 0 14.856002082 0
2459003.5 16.2015002062 0 14.7166192255 0
2459004.5 16.1230866931 0 14.6223395663 0
2459005.5 16.0753993442 0 14.5604785347 0
2459006.5 16.5477166845 0 15.0958828287 0
2459007.5 16.5898764048 0 15.1379000523 0
2459008.5 16.5409888784 0 15.0837807104 0
2459009.5 16.5690835394 0 15.1165267586 0
2459010.5 17.372634179 0 16.0067865651 0
2459011.5 17.3268734538 0 15.9534091243 0
2459012.5 17.2347319321 0 15.8537287536 0
2459013.5 17.2990011469 0 15.9228949072 0
2459014.5 16.2531246486 0 14.7552817719 0
2459015.5 16.1802260269 0 14.6754660237 0
2459016.5 16.1060500519 0 14.5858329055 0
2459017.5 16.1183787295 0 14.5939033999 0
2459018.5 16.1545890519 0 14.6433616421 0
2459019.5 16.0901137081 0 14.5653531045 0
2459020.5 16.083820239 0 14.5618301866 0
2459021.5 15.9902429881 0 14.4615393468 0
2459022.5 15.9315577033 0 14.3886015442 0
2459023.5 16.286294463 0 14.7963643806 0
2459024.5 16.2837003024 0 14.793088619 0
2459025.5 16.41295402 0 14.936261199 0
2459026.5 16.4907170134 0 15.0291839779 0
2459027.5 16.6294423501 0 15.1809458049 0
2459028.5 16.1133689278 0 14.5916201661 0
2459029.5 16.0666580799 0 14.5445192198 0
2459030.5 15.9659995045 0 14.430024363 0
2459031.5 16.0416584056 0 14.5220573783 0
2459032.5 16.8017591042 0 15.3790311163 0
2459033.5 16.67020246 0 15.2307452847 0
2459034.5 16.798984926 0 15.3725025522 0
2459035.5 16.8174267559 0 15.3979485348 0
2459036.5 16.93436208 0 15.5292180453 0
2459037.5 15.9064870901 0 14.3637150019 0
2459038.5 15.934654336 0 14.4053737474 0
2459039.5 15.9000878847 0 14.3634050704 0
2459040.5 15.8697350735 0 14.3305212364 0
2459041.5 15.7311722804 0 14.1724714248 0
2459042.5 15.6863987245 0 14.1179240299 0
2459043.5 15.7185571379 0 14.1491787853 0
2459044.5 15.6140389413 0 14.0283498545 0
2459045.5 15.639788625 0 14.0678028061 0
2459046.5 15.6462057053 0 14.0773302194 0
2459047.5 15.7293192157 0 14.170984396 0
2459048.5 15.6597837783 0 14.0884264871 0
2459049.5 15.6832062183 0 14.1264185917 0
2459050.5 15.632748283 0 14.0647690557 0
2459051.5 15.5598761397 0 14.0029880428 0
2459052.5 15.6417505529 0 14.0949343407 0
2459053.5 15.6956541583 0 14.1574910945 0
2459054.5 15.6273021949 0 14.0720564037 0
2459055.5 15.7417599449 0 14.2014576699 0
2459056.5 15.7206046331 0 14.181843852 0
2459057.5 15.8299596424 0 14.3083831448 0
2459058.5 15.7805034014 0 14.2435433935 0
2459059.5 16.6758469399 0 15.2615338404 0
2459060.5 16.7696745091 0 15.3643618505 0
2459061.5 16.6422715648 0 15.2242055427 0
2459062.5 16.7427171657 0 15.3313433605 0
2459063.5 16.7712803918 0 15.3641179764 0
2459064.5 16.8748170995 0 15.4756974668 0
2459065.5 16.9269277861 0 15.5287265558 0
2459066.5 17.1272125182 0 15.7458113347 0
2459067.5 17.2116020488 0 15.8410140896 0
2459068.5 17.2233851768 0 15.857028958 0
2459069.5 17.2511540384 0 15.8850840785 0
2459070.5 17.3193357252 0 15.9556484175 0
2459071.5 15.9274979926 0 14.3779067131 0
2459072.5 15.8612215891 0 14.3058142592 0
2459073.5 15.807581378 0 14.2416480047 0
2459074.5 15.7737369865 0 14.2102435664 0
2459075.5 15.7538051735 0 14.1753398416 0
2459076.5 15.729693573 0 14.134917978 0
2459077.5 16.4048606757 0 14.9292643984 0
2459078.5 16.5190605673 0 15.0564460073 0
2459079.5 16.4025202116 0 14.9282598148 0
2459080.5 16.5125638856 0 15.053013551 0
2459081.5 16.7642599943 0 15.3158781807 0
2459082.5 16.1705534886 0 14.6332941553 0
2459083.5 16.1951010302 0 14.6533884259 0
2459084.5 16.1522146768 0 14.6077091012 0
2459085.5 16.1857191764 0 14.6487856733 0
2459086.5 16.3608409773 0 14.8454653406 0
2459087.5 16.3677468042 0 14.8587049884 0
