2457258.5 14.5970203685 0 13.0832999138 0
2457259.5 14.6496518239 0 13.1434787693 0
2457260.5 14.5894964469 0 13.0746028262 0
2457261.5 14.529144997 0 13.0026048399 0
2457262.5 14.9897169836 0 13.5291080895 0
2457263.5 15.0149373482 0 13.5535632719 0
2457264.5 15.1317033432 0 13.6843195269 0
2457265.5 15.1876968576 0 13.7476402707 0
2457266.5 15.7989465838 0 14.4235794794 0
2457267.5 15.7190145403 0 14.3382823927 0
2457268.5 15.5407326016 0 14.1436857129 0
2457269.5 15.6532079096 0 14.2714163576 0
2457270.5 15.7906297476 0 14.423010093 0
2457271.5 15.7247402392 0 14.350807492 0
2457272.5 15.7600531771 0 14.3930174063 0
2457273.5 15.8268184703 0 14.4683306819 0
2457274.5 15.9089013769 0 14.5601787177 0
2457275.5 14.7806280662 0 13.3065630491 0
2457276.5 14.8218123918 0 13.3539647461 0
2457277.5 14.8634463001 0 13.4017375899 0
2457278.5 14.9706743459 0 13.5216502325 0
2457279.5 14.8237407554 0 13.357876574 0
2457280.5 14.6104313661 0 13.1135214715 0
2457281.5 14.6414917391 0 13.1535743621 0
2457282.5 14.645175257 0 13.1557427069 0
2457283.5 14.7521775882 0 13.2753031203 0
2457284.5 14.8315314076 0 13.364157647 0
2457285.5 15.7592575898 0 14.3975173747 0
2457286.5 15.5909136654 0 14.2196259247 0
2457287.5 15.763638797 0 14.4070715949 0
2457288.5 15.5976258745 0 14.2265165755 0
2457289.5 15.5744985078 0 14.1999600545 0
2457290.5 15.603846311 0 14.2301095275 0
2457291.5 15.4959092485 0 14.1137747384 0
2457292.5 15.4580133595 0 14.0698074396 0
2457293.5 15.5629653419 0 14.1847781639 0
2457294.5 15.4367327153 0 14.0474800408 0
2457295.5 15.4975464433 0 14.1165025983 0
2457296.5 15.573588819 0 14.2019167282 0
2457297.5 15.5247535111 0 14.1452953875 0
2457298.5 15.5337429048 0 14.1550681924 0
2457299.5 14.2813898168 0 12.733254717 0
2457300.5 14.1844774085 0 12.6205497775 0
2457301.5 14.2260986325 0 12.6718139975 0
2457302.5 14.2940922747 0 12.7565173526 0
2457303.5 14.3029400083 0 12.7679250062 0
2457304.5 14.2620672809 0 12.7150833101 0
2457305.5 14.3153939769 0 12.7764057864 0
2457306.5 14.2964273642 0 12.749337732 0
2457307.5 14.3276189095 0 12.7860146539 0
2457308.5 14.6525082533 0 13.1608923865 0
2457309.5 14.7196509294 0 13.2392624281 0
2457310.5 14.6257024163 0 13.1339164311 0
2457311.5 14.5036803028 0 12.9960410866 0
2457312.5 14.2422167602 0 12.6854243662 0
2457313.5 14.3174759739 0 12.7737350775 0
2457314.5 14.2980761822 0 12.7552135874 0
2457315.5 14.3488990463 0 12.8123068872 0
2457316.5 14.4887178964 0 12.9736675212 0
2457317.5 14.4907272284 0 12.9710928126 0
2457318.5 14.5608262521 0 13.0474473806 0
2457319.5 14.5268737469 0 13.0103767426 0
2457320.5 15.3953321926 0 13.9891346397 0
2457321.5 15.4597090891 0 14.0632148061 0
2457322.5 15.4028948968 0 14.0004485114 0
2457323.5 15.3028497994 0 13.8858155545 0
2457324.5 15.2196523245 0 13.7909133849 0
2457325.5 14.4128447452 0 12.8645948425 0
2457326.5 14.4882115698 0 12.9557501657 0
2457327.5 14.4568252431 0 12.9174233832 0
2457328.5 14.4708339879 0 12.9347240313 0
2457329.5 14.397209484 0 12.8445288345 0
2457330.5 14.4289073457 0 12.8869545028 0
2457331.5 14.4283037361 0 12.8915760316 0
2457332.5 14.3553423729 0 12.8086816541 0
2457333.5 14.6622510975 0 13.1693027553 0
2457334.5 14.6155359859 0 13.1184890672 0
2457335.5 14.5062575948 0 12.9935346209 0
2457336.5 14.5279079086 0 13.0178813513 0
2457337.5 14.6184040214 0 13.1235780231 0
2457338.5 15.6644113999 0 14.2933439082 0
2457339.5 15.5252851236 0 14.1407569008 0
2457340.5 15.6338642618 0 14.2619214774 0
2457341.5 15.4882757752 0 14.102355506 0
2457342.5 15.3959313154 0 14.0013889952 0
2457343.5 15.2122501322 0 13.801311865 0
2457344.5 14.6487385343 0 13.1695205852 0
2457345.5 14.6933562829 0 13.2186417418 0
2457346.5 14.7326963121 0 13.2640484405 0
2457347.5 14.8085827444 0 13.3516849174 0
2457348.5 14.9191684287 0 13.4724074331 0
2457349.5 14.8337947646 0 13.3800470499 0
2457350.5 14.7816265194 0 13.3198574654 0
2457351.5 14.7297566739 0 13.2587691607 0
2457352.5 14.6770082961 0 13.199214668 0
2457353.5 14.7701927817 0 13.3048354462 0
2457354.5 14.7713083242 0 13.3060823007 0
2457355.5 15.36732323 0 13.9688885335 0
2457356.5 15.3926546424 0 13.9941569328 0
2457357.5 15.4479901778 0 14.0582401444 0
2457358.5 15.4077641542 0 14.0143989094 0
2457359.5 15.2236174687 0 13.7941973042 0
2457360.5 15.0606309933 0 13.6142405675 0
2457361.5 15.0049370846 0 13.5513704848 0
2457362.5 14.8951422485 0 13.425372222 0
2457363.5 15.8774777045 0 14.5179731624 0
2457364.5 15.8708418015 0 14.5135913565 0
2457365.5 15.7109500172 0 14.3406347313 0
2457366.5 15.7459580878 0 14.3788658278 0
2457367.5 14.7824739279 0 13.3066541119 0
2457368.5 14.7280971098 0 13.2406468417 0
2457369.5 14.8580007659 0 13.3846930864 0
2457370.5 14.7983264769 0 13.3177649702 0
2457371.5 14.7940474074 0 13.3106879241 0
2457372.5 14.4182897024 0 12.8792170855 0
2457373.5 14.3687151129 0 12.8166739322 0
2457374.5 14.3807534573 0 12.8372701326 0
2457375.5 14.3574051547 0 12.8091242417 0
2457376.5 14.309499426 0 12.7457278652 0
2457377.5 14.3208797375 0 12.752141021 0
2457378.5 14.5147094549 0 12.9852954073 0
2457379.5 14.5024732486 0 12.9707170483 0
2457380.5 14.5613937053 0 13.0393455103 0
2457381.5 14.6419241705 0 13.1343116758 0
2457382.5 14.9036731228 0 13.429324313 0
2457383.5 14.9295197596 0 13.457980492 0
2457384.5 14.9771793945 0 13.5161125489 0
2457385.5 14.9111775146 0 13.4384780576 0
2457386.5 15.0566417078 0 13.5988515738 0
2457387.5 15.6629818307 0 14.2737353912 0
2457388.5 15.7516331959 0 14.3688177058 0
2457389.5 15.6440700594 0 14.2478132309 0
2457390.5 15.7532611741 0 14.3652284719 0
2457391.5 15.8745737267 0 14.4956512291 0
2457392.5 15.2628425938 0 13.8140517187 0
2457393.5 15.15473463 0 13.7077176991 0
2457394.5 15.0712516462 0 13.6143947976 0
2457395.5 15.0055949667 0 13.536283316 0
2457396.5 15.1156580179 0 13.6610574608 0
2457397.5 15.0860860159 0 13.6287936683 0
2457398.5 15.5686128567 0 14.1686604706 0
2457399.5 15.7023196879 0 14.3158171106 0
2457400.5 15.5150148043 0 14.1112519525 0
2457401.5 15.5077536362 0 14.1005763007 0
2457402.5 15.4548519848 0 14.043893353 0
2457403.5 14.6035450085 0 13.0813930579 0
2457404.5 14.609977181 0 13.0832231813 0
2457405.5 14.642511429 0 13.1187694983 0
2457406.5 14.7572820775 0 13.2483430134 0
2457407.5 14.6549280765 0 13.1297118085 0
2457408.5 15.214609696 0 13.7660589931 0
2457409.5 15.2174689434 0 13.772965357 0
2457410.5 15.1501027115 0 13.6964966809 0
2457411.5 15.1428609662 0 13.6887172832 0
2457412.5 15.1808519202 0 13.7288103759 0
2457413.5 15.1359137716 0 13.680136845 0
2457414.5 15.6303039893 0 14.2320159049 0
2457415.5 15.7459345628 0 14.3601064345 0
2457416.5 15.7400535815 0 14.3531440696 0
2457417.5 15.6886273465 0 14.2970977292 0
2457418.5 14.6714169207 0 13.1480019691 0
2457419.5 14.6047054226 0 13.0739472242 0
2457420.5 14.5564819942 0 13.0171477466 0
2457421.5 14.6187654474 0 13.0876738833 0
2457422.5 14.6839189548 0 13.159641644 0
2457423.5 14.6658909066 0 13.1399131113 0
2457424.5 14.6436947195 0 13.1017049941 0
2457425.5 14.717000654 0 13.1834582336 0
2457426.5 14.7846345233 0 13.264366037 0
2457427.5 15.4484403664 0 14.0168668316 0
2457428.5 15.5538449459 0 14.1374297045 0
2457429.5 15.5725054823 0 14.1551399931 0
2457430.5 15.7025002832 0 14.2989382468 0
2457431.5 14.987633586 0 13.4961588509 0
2457432.5 14.9439249477 0 13.447152808 0
2457433.5 14.8414601728 0 13.3316569525 0
2457434.5 14.9017076565 0 13.3957853705 0
2457435.5 15.0028842859 0 13.512558421 0
2457436.5 14.9503324175 0 13.4524744448 0
2457437.5 14.9377488221 0 13.4380843624 0
2457438.5 14.9260809909 0 13.4190774824 0
2457439.5 14.8449635329 0 13.3306251347 0
2457440.5 14.8821566213 0 13.379007018 0
2457441.5 14.9766681379 0 13.483993108 0
2457442.5 15.6134740936 0 14.2035896122 0
2457443.5 15.6714739549 0 14.2686039471 0
2457444.5 15.8359860851 0 14.4480475386 0
2457445.5 15.9982526164 0 14.6253686609 0
2457446.5 14.9638593203 0 13.4695964589 0
2457447.5 14.9458434279 0 13.4536293964 0
2457448.5 14.9513991702 0 13.4560247015 0
2457449.5 14.8955908724 0 13.3958636668 0
2457450.5 14.9858327745 0 13.4964681595 0
2457451.5 14.9681578461 0 13.4738095309 0
2457452.5 15.8934272364 0 14.5098346346 0
2457453.5 16.0035226847 0 14.6305132604 0
2457454.5 16.0371502251 0 14.6667340729 0
2457455.5 16.1451986122 0 14.7870519383 0
2457456.5 14.724290217 0 13.1828009163 0
2457457.5 14.7786843834 0 13.2491551003 0
2457458.5 15.034778964 0 13.5216335396 0
2457459.5 14.9523079817 0 13.4316964985 0
2457460.5 15.0133640476 0 13.4982392745 0
2457461.5 16.2357816086 0 14.8712195941 0
2457462.5 16.1600567217 0 14.7905368769 0
2457463.5 16.1555309417 0 14.7836644365 0
2457464.5 16.1784823532 0 14.8120334926 0
2457465.5 16.1739593025 0 14.8057946116 0
2457466.5 16.3187290567 0 14.9672967784 0
2457467.5 15.1290661377 0 13.6374392502 0
2457468.5 15.1673660331 0 13.6844934148 0
2457469.5 15.0581428311 0 13.5585966958 0
2457470.5 14.978741227 0 13.4723896192 0
2457471.5 14.9256875226 0 13.4139055782 0
2457472.5 15.0646217388 0 13.5719007413 0
2457473.5 15.0351811692 0 13.5347706342 0
2457474.5 15.1266109917 0 13.6390472004 0
2457475.5 15.2334734545 0 13.7599642138 0
2457476.5 15.5357376347 0 14.0961823249 0
2457477.5 15.4702280626 0 14.019434982 0
2457478.5 15.4544596871 0 14.0041112087 0
2457479.5 15.5145808002 0 14.0689799013 0
2457480.5 15.0520205522 0 13.5433657676 0
2457481.5 15.1227939072 0 13.6229278638 0
2457482.5 15.1987943653 0 13.7057121082 0
2457483.5 15.1493008745 0 13.6469517392 0
2457484.5 15.1855633433 0 13.6843314849 0
2457485.5 15.3062186125 0 13.8253849702 0
2457486.5 15.3320545596 0 13.8541495978 0
2457487.5 15.484723118 0 14.0236778263 0
2457488.5 15.4072818534 0 13.9311443534 0
2457489.5 15.4428900503 0 13.9710235408 0
2457490.5 15.35219165 0 13.8642353797 0
2457491.5 16.3167063684 0 14.9384246629 0
2457492.5 16.3058524687 0 14.9224003386 0
2457493.5 16.1481386325 0 14.7484869812 0
2457494.5 16.165848471 0 14.7700513329 0
2457495.5 15.7212588756 0 14.2732649615 0
2457496.5 15.73025567 0 14.2788241452 0
2457497.5 15.7539497497 0 14.3080237432 0
2457498.5 15.6016755143 0 14.1410625194 0
2457499.5 15.5455724417 0 14.0816950093 0
2457500.5 15.4073911898 0 13.9262127827 0
2457501.5 15.685092965 0 14.2447145991 0
2457502.5 15.5374086209 0 14.080179646 0
2457503.5 15.599493396 0 14.1533454039 0
2457504.5 15.6338965754 0 14.1890186033 0
2457505.5 15.5310497018 0 14.0742831906 0
2457506.5 15.0376694724 0 13.5064704624 0
2457507.5 15.0015935095 0 13.4686829864 0
2457508.5 14.9501094451 0 13.4040139983 0
2457509.5 15.0411834777 0 13.5101200205 0
2457510.5 14.9974092696 0 13.4533506016 0
2457511.5 15.1118204469 0 13.5914672798 0
2457512.5 15.1412831251 0 13.6292294925 0
2457513.5 15.1040392513 0 13.5882931266 0
2457514.5 15.1261560178 0 13.6086895609 0
2457515.5 14.9686028757 0 13.4185963759 0
2457516.5 14.9989408383 0 13.4552578695 0
2457517.5 14.8993102417 0 13.3417877593 0
2457518.5 14.804124437 0 13.2314435599 0
2457519.5 16.0513673395 0 14.6543743405 0
2457520.5 16.0216121174 0 14.6199154751 0
2457521.5 16.0303340925 0 14.6274281985 0
2457522.5 15.9289650872 0 14.5137689538 0
2457523.5 15.2101715614 0 13.7066974498 0
2457524.5 15.2026081635 0 13.7003758941 0
2457525.5 15.2304873568 0 13.7281496267 0
2457526.5 15.2792157642 0 13.7791877268 0
2457527.5 15.0378532729 0 13.5021604102 0
2457528.5 15.063360451 0 13.5380398578 0
2457529.5 14.9647197672 0 13.4221985846 0
2457530.5 14.9118209945 0 13.3532769354 0
2457531.5 16.3146994671 0 14.9400673039 0
2457532.5 16.201998413 0 14.811650954 0
2457533.5 16.1430422115 0 14.7470470987 0
2457534.5 15.9911902086 0 14.5779956584 0
2457535.5 15.9951679175 0 14.5831478816 0
2457536.5 15.9597947311 0 14.5416958221 0
2457537.5 16.2746573008 0 14.894618924 0
2457538.5 16.3705764974 0 15.0034409333 0
2457539.5 16.2823804273 0 14.9073425679 0
2457540.5 16.2242639641 0 14.8441251937 0
2457541.5 16.0743138544 0 14.6778698276 0
2457542.5 16.2603308784 0 14.8807665498 0
2457543.5 14.9357923851 0 13.3777437717 0
2457544.5 14.9647229202 0 13.4050902693 0
2457545.5 15.0079761637 0 13.4557109916 0
2457546.5 15.0133250273 0 13.466218645 0
2457547.5 15.249634747 0 13.7394346985 0
2457548.5 15.1829646221 0 13.6569645339 0
2457549.5 15.1250384209 0 13.5845679305 0
2457550.5 15.0899730728 0 13.5398880825 0
2457551.5 15.0650880675 0 13.5017691612 0
2457552.5 15.0308869503 0 13.458694902 0
2457553.5 16.3372172039 0 14.9468799294 0
2457554.5 16.2799579333 0 14.886835371 0
2457555.5 16.1557953462 0 14.7528743266 0
2457556.5 16.0680703941 0 14.6545378252 0
2457557.5 16.0742367572 0 14.6590730707 0
2457558.5 15.5740570164 0 14.0966660448 0
2457559.5 15.5660710394 0 14.0887660353 0
2457560.5 15.8414950055 0 14.3795639541 0
2457561.5 15.8259935866 0 14.3636479332 0
2457562.5 15.923708611 0 14.4689023765 0
2457563.5 15.7222948276 0 14.2370763909 0
2457564.5 15.6508650634 0 14.1525337813 0
2457565.5 15.621814368 0 14.1189696227 0
2457566.5 15.6748231052 0 14.1755166386 0
2457567.5 15.7257074919 0 14.2290799259 0
2457568.5 15.7107987263 0 14.2112144958 0
2457569.5 15.823907331 0 14.3415863316 0
2457570.5 15.8574378549 0 14.3746956264 0
2457571.5 15.7871658525 0 14.2947373828 0
2457572.5 15.7673122346 0 14.2759791295 0
2457573.5 16.3072710577 0 14.8824108814 0
2457574.5 16.4440273514 0 15.0326318693 0
2457575.5 16.2673874227 0 14.8401858691 0
2457576.5 16.2779532906 0 14.8516216739 0
2457577.5 16.4217333532 0 15.0079739762 0
2457578.5 16.524763354 0 15.1266231921 0
2457579.5 16.1176134749 0 14.6694716872 0
2457580.5 16.1690970727 0 14.7250442914 0
2457581.5 16.2652411266 0 14.8319107863 0
2457582.5 16.373520144 0 14.9520046137 0
2457583.5 16.3116302775 0 14.8869840781 0
2457584.5 15.9110104386 0 14.4353885461 0
2457585.5 15.822699378 0 14.3375796304 0
2457586.5 15.9054921775 0 14.430116215 0
2457587.5 15.8994893134 0 14.4191192028 0
2457588.5 15.631288892 0 14.1039468725 0
2457589.5 15.6725072263 0 14.1478327502 0
2457590.5 15.7347428741 0 14.2201075534 0
2457591.5 15.7219912005 0 14.2120113063 0
2457592.5 15.6457486409 0 14.1262894259 0
2457593.5 16.5795608834 0 15.179702875 0
2457594.5 16.6874656019 0 15.300026157 0
2457595.5 16.6955111311 0 15.3093576578 0
2457596.5 16.7574205673 0 15.378064836 0
2457597.5 16.7783576501 0 15.4031651101 0
2457598.5 16.8312387956 0 15.4579416786 0
2457599.5 16.6349786691 0 15.2387817377 0
2457600.5 16.7619963024 0 15.3823295563 0
2457601.5 16.9400491857 0 15.5753626625 0
2457602.5 17.1273419213 0 15.7769603445 0
2457603.5 17.2582549361 0 15.9212797264 0
2457604.5 16.2563375151 0 14.8133583546 0
2457605.5 16.3582015026 0 14.9265801301 0
2457606.5 16.439639142 0 15.0191813108 0
2457607.5 16.3305599499 0 14.9014190922 0
2457608.5 16.4046900235 0 14.9813293626 0
2457609.5 16.9814668505 0 15.620966314 0
2457610.5 16.9889721656 0 15.6262114928 0
2457611.5 16.9479920312 0 15.5848697524 0
2457612.5 16.7964994938 0 15.4220223329 0
2457613.5 16.6564117511 0 15.2710856947 0
2457614.5 16.3354201613 0 14.912805466 0
2457615.5 16.4359635409 0 15.0198004471 0
2457616.5 16.5290657371 0 15.1191449137 0
2457617.5 16.6561931163 0 15.2607841055 0
2457618.5 15.5101219105 0 13.9879139986 0
2457619.5 15.5522501423 0 14.0303966775 0
2457620.5 15.624324499 0 14.1082669017 0
2457621.5 15.5128590538 0 13.9844247432 0
2457622.5 15.4869768509 0 13.9483295016 0
2457623.5 15.5179698721 0 13.9905100389 0
2457624.5 15.4723158263 0 13.9369346001 0
2457625.5 15.4831847623 0 13.9485393066 0
2457626.5 15.3687586916 0 13.8113603101 0
2457627.5 15.3471390343 0 13.7795507107 0
2457628.5 15.3791753628 0 13.8187835588 0
2457629.5 15.3371904436 0 13.7698278058 0
2457630.5 15.3772060609 0 13.8127872098 0
2457631.5 15.3727547452 0 13.8045155132 0
2457632.5 15.4104203286 0 13.8585588802 0
2457633.5 15.3457763431 0 13.7771827442 0
2457634.5 15.3641872153 0 13.7912442903 0
2457635.5 15.372437218 0 13.7946737382 0
2457636.5 15.3276414872 0 13.7479534473 0
2457637.5 15.3291050796 0 13.740271458 0
2457638.5 16.5742183939 0 15.1683049304 0
2457639.5 16.6374929892 0 15.2355556177 0
2457640.5 16.668873551 0 15.2715818136 0
2457641.5 16.8008092603 0 15.4161956387 0
2457642.5 16.8786458793 0 15.4974434347 0
2457643.5 16.9024135842 0 15.5257354105 0
2457644.5 16.7901805271 0 15.4055661449 0
2457645.5 16.7321267007 0 15.3401807141 0
2457646.5 16.5759947591 0 15.1668061733 0
2457647.5 16.4354192798 0 15.0132165473 0
2457648.5 16.2045014422 0 14.7534702802 0
2457649.5 16.2052583209 0 14.7494528494 0
2457650.5 16.2369998625 0 14.7801189867 0
2457651.5 16.016677372 0 14.5479820286 0
2457652.5 15.8867216915 0 14.4057442574 0
2457653.5 15.7880609109 0 14.2959066967 0
2457654.5 16.2869105823 0 14.8584323935 0
2457655.5 16.3711306546 0 14.9489175788 0
2457656.5 16.2431431088 0 14.8085417842 0
2457657.5 16.1127599828 0 14.6640121083 0
2457658.5 16.061878222 0 14.6044776152 0
2457659.5 16.0237918357 0 14.559276146 0
2457660.5 15.952737087 0 14.4747932219 0
2457661.5 16.0735259107 0 14.6103107876 0
2457662.5 16.0772136421 0 14.6195337817 0
2457663.5 15.9981186599 0 14.5356744415 0
2457664.5 15.4236832612 0 13.8686736408 0
2457665.5 15.4044599819 0 13.8434652665 0
2457666.5 15.4747802851 0 13.9281416199 0
2457667.5 15.4577614214 0 13.9105594412 0
2457668.5 15.3778698378 0 13.8199342277 0
2457669.5 15.2972934998 0 13.7257144223 0
2457670.5 16.0347385323 0 14.5822740531 0
2457671.5 16.0759230464 0 14.6246161653 0
2457672.5 16.0346610973 0 14.5740097722 0
2457673.5 15.9084859216 0 14.4353820914 0
2457674.5 15.8909683874 0 14.4172900593 0
2457675.5 15.9500809599 0 14.4864152366 0
2457676.5 15.9294848022 0 14.4615988574 0
2457677.5 15.839331501 0 14.361830801 0
2457678.5 16.1626954132 0 14.7299124411 0
2457679.5 16.145980758 0 14.7116137034 0
2457680.5 16.2911365923 0 14.8740351404 0
2457681.5 16.4231366523 0 15.0172508922 0
2457682.5 16.5403234092 0 15.1457924262 0
2457683.5 16.5328340006 0 15.1350698377 0
2457684.5 16.3939240526 0 14.9856998967 0
2457685.5 16.4743411636 0 15.0768421579 0
2457686.5 16.3198807663 0 14.9099026898 0
2457687.5 16.3081791749 0 14.8929589648 0
2457688.5 16.1843011055 0 14.7562996803 0
2457689.5 15.5961719196 0 14.1128981465 0
2457690.5 15.6201098882 0 14.1410630116 0
2457691.5 15.6187145965 0 14.1446260458 0
2457692.5 15.5966503358 0 14.1140334851 0
2457693.5 16.0392474343 0 14.6118018965 0
2457694.5 16.0848846093 0 14.6586892555 0
2457695.5 15.9940056473 0 14.5619571036 0
2457696.5 15.9809703073 0 14.5508318925 0
2457697.5 15.9857418197 0 14.5533855516 0
2457698.5 15.6570862042 0 14.1824930773 0
2457699.5 15.6786622686 0 14.2053303538 0
2457700.5 15.5780313696 0 14.093411705 0
2457701.5 15.5491975368 0 14.0654262691 0
2457702.5 15.5970587736 0 14.1182570256 0
2457703.5 15.6883776082 0 14.2169068812 0
2457704.5 15.8807207585 0 14.4349013215 0
2457705.5 16.0010940964 0 14.5720797693 0
2457706.5 16.0067193307 0 14.5735669018 0
2457707.5 15.8723489388 0 14.4250956814 0
2457708.5 15.81126698 0 14.357806523 0
2457709.5 15.2333580902 0 13.6877704882 0
2457710.5 15.2472842138 0 13.7054065965 0
2457711.5 15.3475160856 0 13.8176669952 0
2457712.5 15.3816105845 0 13.8539617946 0
2457713.5 15.5113246802 0 14.0006893949 0
2457714.5 15.4140784416 0 13.8901024448 0
2457715.5 15.4089553373 0 13.8803482264 0
2457716.5 15.3455978053 0 13.8106633563 0
2457717.5 15.3337482216 0 13.8017817088 0
2457718.5 15.3314031741 0 13.7914201248 0
2457719.5 15.291674442 0 13.7454539796 0
2457720.5 15.3291219867 0 13.7895476849 0
2457721.5 15.4121184978 0 13.8874669422 0
2457722.5 16.5384194513 0 15.1600050926 0
2457723.5 16.4739819783 0 15.0861699375 0
2457724.5 16.5851710007 0 15.2048500735 0
2457725.5 16.4732112496 0 15.0832324316 0
2457726.5 16.3594961322 0 14.9533933198 0
2457727.5 15.3437299945 0 13.7988830828 0
2457728.5 15.316463932 0 13.7602896312 0
2457729.5 15.2676279473 0 13.7068007184 0
2457730.5 15.3004748233 0 13.7428470063 0
2457731.5 15.3621968403 0 13.821417182 0
2457732.5 15.3482958698 0 13.8030211996 0
2457733.5 16.4122541086 0 15.014451684 0
2457734.5 16.2831967979 0 14.8759704719 0
2457735.5 16.4113813472 0 15.0213005051 0
2457736.5 16.5350334846 0 15.1604190971 0
2457737.5 16.5082648593 0 15.1286673379 0
2457738.5 16.1857518608 0 14.7701637876 0
2457739.5 16.1942654134 0 14.7791130594 0
2457740.5 16.1350927792 0 14.7153980503 0
2457741.5 16.0236616594 0 14.5918482735 0
2457742.5 15.8896881988 0 14.4427544683 0
2457743.5 15.7042773582 0 14.2285078724 0
2457744.5 15.6901138632 0 14.2089878947 0
2457745.5 15.6071551077 0 14.116221614 0
2457746.5 15.4627436502 0 13.9546446716 0
2457747.5 16.0109326715 0 14.5802142481 0
2457748.5 16.0069086954 0 14.571551339 0
2457749.5 16.0845431662 0 14.6583737405 0
2457750.5 16.0307556931 0 14.5979691275 0
2457751.5 16.150288902 0 14.7335488369 0
2457752.5 15.3789877076 0 13.8482495343 0
2457753.5 15.4475024654 0 13.9277662548 0
2457754.5 15.5241607507 0 14.0114599026 0
2457755.5 15.522702052 0 14.0059850133 0
2457756.5 16.541055762 0 15.15058779 0
2457757.5 16.5354741845 0 15.1451868595 0
2457758.5 16.5078829559 0 15.1122385091 0
2457759.5 16.682545748 0 15.3030972287 0
2457760.5 16.8085255605 0 15.4456343279 0
2457761.5 16.0415427878 0 14.5950064433 0
2457762.5 16.150046189 0 14.7116120384 0
2457763.5 16.2239086073 0 14.7892628041 0
2457764.5 16.1273918637 0 14.6851937678 0
2457765.5 16.1332856008 0 14.6899970768 0
2457766.5 15.6851731642 0 14.1872776036 0
2457767.5 15.8239050121 0 14.3410246209 0
2457768.5 15.682827185 0 14.182902749 0
2457769.5 15.7440886861 0 14.2590868799 0
2457770.5 15.7069666548 0 14.21609645 0
2457771.5 15.6417542783 0 14.1353947885 0
2457772.5 15.6061187918 0 14.0917651378 0
2457773.5 15.6546931143 0 14.142477064 0
2457774.5 15.6494316839 0 14.1312012449 0
2457775.5 16.2188970719 0 14.7766920229 0
2457776.5 16.3232628004 0 14.8945933063 0
2457777.5 16.2301849986 0 14.7900678729 0
2457778.5 16.2801961976 0 14.8423556115 0
2457779.5 16.1855091786 0 14.740914816 0
2457780.5 16.4880888416 0 15.0755478619 0
2457781.5 16.3718233649 0 14.950231815 0
2457782.5 16.507708379 0 15.103220082 0
2457783.5 16.2694554737 0 14.8480760314 0
2457784.5 16.2853579923 0 14.8633237572 0
2457785.5 16.3695203912 0 14.9531582791 0
2457786.5 16.0246697484 0 14.5721932471 0
2457787.5 16.0519797045 0 14.6025853432 0
2457788.5 15.9024919568 0 14.4375562789 0
2457789.5 15.8266454926 0 14.3532912827 0
2457790.5 15.7534569651 0 14.2747737269 0
2457791.5 16.3955689838 0 14.9974807598 0
2457792.5 16.3365231647 0 14.9358445792 0
2457793.5 16.1859463692 0 14.7713786884 0
2457794.5 16.1979036182 0 14.7842179028 0
2457795.5 15.3430519113 0 13.8122336773 0
2457796.5 15.3700777274 0 13.8460203536 0
2457797.5 15.4383285235 0 13.9208766512 0
2457798.5 15.3857556033 0 13.8584974119 0
2457799.5 15.3828189701 0 13.8493626452 0
2457800.5 15.7409370411 0 14.2678463857 0
2457801.5 15.6980305261 0 14.2163485897 0
2457802.5 15.7746279079 0 14.3084026684 0
2457803.5 15.6697217596 0 14.1917645337 0
2457804.5 15.6656171417 0 14.1921658529 0
2457805.5 15.5599419655 0 14.0733010104 0
2457806.5 16.6291034726 0 15.2653542083 0
2457807.5 16.7283633058 0 15.3755622018 0
2457808.5 16.74878303 0 15.3948054003 0
2457809.5 16.5696673219 0 15.2016144342 0
2457810.5 16.6620038747 0 15.305099546 0
2457811.5 15.1590460645 0 13.6107675619 0
2457812.5 15.119700119 0 13.5608834629 0
2457813.5 15.2286429657 0 13.6853396569 0
2457814.5 15.2194523007 0 13.6778383527 0
2457815.5 15.8826660613 0 14.4431971196 0
2457816.5 16.026658552 0 14.5995544897 0
2457817.5 16.0865650829 0 14.6666278426 0
2457818.5 16.0860267767 0 14.6655892505 0
2457819.5 15.86540638 0 14.4184943172 0
2457820.5 15.8837669429 0 14.4424965008 0
2457821.5 15.7962630669 0 14.3482108247 0
2457822.5 15.6993992964 0 14.2401079737 0
2457823.5 15.1328023032 0 13.5870365784 0
2457824.5 15.0624659312 0 13.5054256736 0
2457825.5 15.0169795574 0 13.4466198951 0
2457826.5 15.0219010205 0 13.4479435695 0
2457827.5 15.0489866786 0 13.4865178349 0
2457828.5 16.240612129 0 14.8484980647 0
2457829.5 16.3620203696 0 14.9788306642 0
2457830.5 16.244858202 0 14.847401308 0
2457831.5 16.1432743389 0 14.7384988747 0
2457832.5 15.987113012 0 14.5670860666 0
2457833.5 15.1797565572 0 13.6468899151 0
2457834.5 15.2324223021 0 13.7039767455 0
2457835.5 15.2678972143 0 13.7395370479 0
2457836.5 15.218268728 0 13.6751479052 0
2457837.5 15.2414326923 0 13.705470526 0
2457838.5 15.2178875393 0 13.6828700375 0
2457839.5 15.8225970002 0 14.3708843766 0
2457840.5 15.9314737178 0 14.4963412686 0
2457841.5 15.8392983369 0 14.3979313574 0
2457842.5 15.9866686864 0 14.5586642428 0
2457843.5 16.0566454026 0 14.6336450771 0
2457844.5 16.0748151194 0 14.6520313969 0
2457845.5 16.4495645954 0 15.0797903297 0
2457846.5 16.5824940575 0 15.2265428368 0
2457847.5 16.4533909522 0 15.0847479082 0
2457848.5 16.3672161723 0 14.986216497 0
2457849.5 15.6772752099 0 14.2160226126 0
2457850.5 15.7356910753 0 14.2822886195 0
2457851.5 15.6447306813 0 14.1841040138 0
2457852.5 15.6205868575 0 14.1600496397 0
2457853.5 15.662839677 0 14.2044784193 0
2457854.5 15.5876925384 0 14.1156180325 0
2457855.5 16.5659993607 0 15.2071606112 0
2457856.5 16.5905053042 0 15.2323062426 0
2457857.5 16.4686067303 0 15.0952945048 0
2457858.5 16.5592320681 0 15.1909607381 0
2457859.5 15.7965341503 0 14.3472498323 0
2457860.5 15.9318453005 0 14.4940653236 0
2457861.5 16.0273094319 0 14.6028730031 0
2457862.5 16.1293858667 0 14.7190112221 0
2457863.5 16.1342295503 0 14.7287531888 0
2457864.5 15.1198389344 0 13.5751926815 0
2457865.5 15.1452759726 0 13.6095360314 0
2457866.5 15.0988505269 0 13.5517402662 0
2457867.5 15.0590786202 0 13.505709943 0
2457868.5 15.0793115711 0 13.5313545744 0
2457869.5 15.3441148073 0 13.8369214577 0
2457870.5 15.2252117582 0 13.7030241182 0
2457871.5 15.2146598398 0 13.6956750124 0
2457872.5 15.2192082019 0 13.7004139428 0
2457873.5 15.6606040554 0 14.2006477651 0
2457874.5 15.7069785231 0 14.2505918315 0
2457875.5 15.7074148249 0 14.2602887158 0
2457876.5 15.8426018504 0 14.4119227405 0
2457877.5 16.060590144 0 14.6522118683 0
2457878.5 15.9282051262 0 14.5028743062 0
2457879.5 15.9735987015 0 14.5544280024 0
2457880.5 15.8941305766 0 14.466675863 0
2457881.5 15.6651760763 0 14.2142325392 0
2457882.5 15.7666980679 0 14.3246689436 0
2457883.5 15.694992713 0 14.248447713 0
2457884.5 15.7988319189 0 14.3629696242 0
2457885.5 15.6850531737 0 14.2387666793 0
2457886.5 15.6154219179 0 14.1605421283 0
2457887.5 16.3088230656 0 14.9337659179 0
2457888.5 16.1744069176 0 14.7838610538 0
2457889.5 16.0194162203 0 14.6116151112 0
2457890.5 16.1666437327 0 14.770901181 0
2457891.5 15.3244243254 0 13.8280796844 0
2457892.5 15.3977345851 0 13.9086643421 0
2457893.5 15.492200862 0 14.0127812306 0
2457894.5 15.5023851086 0 14.0258145563 0
2457895.5 15.4555772093 0 13.9692851137 0
2457896.5 15.3478168337 0 13.8410192216 0
2457897.5 15.2925016824 0 13.7724023116 0
2457898.5 15.3603601968 0 13.8458133251 0
2457899.5 15.401793337 0 13.8901528372 0
2457900.5 15.4209168839 0 13.9076626487 0
2457901.5 16.3342203201 0 14.9410366007 0
2457902.5 16.3009958698 0 14.9073455587 0
2457903.5 16.1616763885 0 14.7510823829 0
2457904.5 16.3231103786 0 14.92741457 0
2457905.5 16.2833582338 0 14.8833193005 0
2457906.5 16.243080675 0 14.8361590121 0
2457907.5 15.4842533942 0 13.9763321312 0
2457908.5 15.4785326224 0 13.972760119 0
2457909.5 15.6116745037 0 14.1210701159 0
2457910.5 15.7355177002 0 14.2589996353 0
2457911.5 15.7866665014 0 14.3138358165 0
2457912.5 15.4376938507 0 13.9079417749 0
2457913.5 15.3974185931 0 13.8616378779 0
2457914.5 15.430452564 0 13.9065730365 0
2457915.5 15.4870264996 0 13.9668956438 0
2457916.5 16.1757018136 0 14.7470298971 0
2457917.5 16.3213486144 0 14.9086732775 0
2457918.5 16.2361205345 0 14.817368362 0
2457919.5 16.1586979527 0 14.7333534783 0
2457920.5 16.2256993138 0 14.803516337 0
2457921.5 16.7693714546 0 15.4045687194 0
2457922.5 16.8217665016 0 15.4660488628 0
2457923.5 16.7690939596 0 15.4090116709 0
2457924.5 16.8283965503 0 15.4748038231 0
2457925.5 16.3531976912 0 14.9495724251 0
2457926.5 16.2986701269 0 14.8903805312 0
2457927.5 16.2360781629 0 14.8181963877 0
2457928.5 16.1087224183 0 14.6809148607 0
2457929.5 16.1196992026 0 14.6910176338 0
2457930.5 15.970755708 0 14.5288058706 0
2457931.5 15.2150904576 0 13.6568848052 0
2457932.5 15.2022423737 0 13.6463973215 0
2457933.5 15.1368073761 0 13.5690955954 0
2457934.5 15.0535254469 0 13.4754333834 0
2457935.5 16.5318498686 0 15.1572861529 0
2457936.5 16.433023459 0 15.0457586406 0
2457937.5 16.3155653135 0 14.9184128116 0
2457938.5 16.4354970729 0 15.054854949 0
2457939.5 16.5170240073 0 15.1417415146 0
2457940.5 16.0580430178 0 14.6378447869 0
2457941.5 16.1369134893 0 14.7269381044 0
2457942.5 16.0853096467 0 14.6658621739 0
2457943.5 16.076468948 0 14.6517918654 0
2457944.5 16.0650251977 0 14.6396453068 0
2457945.5 16.0926763944 0 14.6731422521 0
2457946.5 15.4839679951 0 13.9893148155 0
2457947.5 15.5706788122 0 14.0904611426 0
2457948.5 15.4767880589 0 13.9822942893 0
2457949.5 15.5354575793 0 14.0536159969 0
2457950.5 16.2416211555 0 14.8404736053 0
2457951.5 16.335372989 0 14.939941965 0
2457952.5 16.4048868104 0 15.0139918625 0
2457953.5 16.4673346969 0 15.0823817172 0
2457954.5 16.2771616217 0 14.8754746984 0
2457955.5 15.6785904597 0 14.2002724072 0
2457956.5 15.7634464254 0 14.3011360497 0
2457957.5 15.6689448288 0 14.1947677067 0
2457958.5 15.5987952669 0 14.1138702611 0
2457959.5 15.6522544049 0 14.1789628108 0
2457960.5 15.4723884625 0 13.9735743984 0
2457961.5 15.4300141269 0 13.9294471045 0
2457962.5 15.5490954509 0 14.0611413556 0
2457963.5 15.5814613142 0 14.0931587678 0
2457964.5 15.5553913908 0 14.0673322332 0
2457965.5 15.543506201 0 14.0582296551 0
2457966.5 15.7243980534 0 14.2616893326 0
2457967.5 15.6821916186 0 14.2126131097 0
2457968.5 15.6894502516 0 14.2218532625 0
2457969.5 15.7011296714 0 14.2332036678 0
2457970.5 15.5533244709 0 14.0847087298 0
2457971.5 15.6841192113 0 14.2317269257 0
2457972.5 16.5280331173 0 15.1672686289 0
2457973.5 16.6151603999 0 15.260043993 0
2457974.5 16.7721253206 0 15.4296911812 0
2457975.5 16.8791477212 0 15.5436437684 0
2457976.5 15.3666864138 0 13.8503816153 0
2457977.5 15.3403816857 0 13.8155248312 0
2457978.5 15.4206849241 0 13.9052943557 0
2457979.5 15.449152124 0 13.9404502242 0
2457980.5 15.3310648142 0 13.8055178044 0
2457981.5 15.3814914707 0 13.866839493 0
2457982.5 15.3395756475 0 13.8235842418 0
2457983.5 15.3269023607 0 13.8133395688 0
2457984.5 15.3970779634 0 13.892084746 0
2457985.5 16.519809526 0 15.1537235778 0
2457986.5 16.5240352764 0 15.1605652318 0
2457987.5 16.6574726053 0 15.303523473 0
2457988.5 16.610748768 0 15.2485989626 0
2457989.5 16.545263335 0 15.1784146582 0
2457990.5 16.5829175956 0 15.2166910889 0
2457991.5 16.6822849762 0 15.3277291414 0
2457992.5 16.7503250819 0 15.4002300478 0
2457993.5 16.6085811839 0 15.2453527025 0
2457994.5 16.6146107267 0 15.2535639661 0
2457995.5 16.5077540884 0 15.1352501072 0
2457996.5 16.3895560912 0 15.0060725354 0
2457997.5 16.5261355174 0 15.1532928621 0
2457998.5 16.7211488132 0 15.3638712727 0
2457999.5 16.6548857205 0 15.2895175182 0
2458000.5 15.367574832 0 13.8499279106 0
2458001.5 15.279062864 0 13.7486020168 0
2458002.5 15.3199799891 0 13.7985573813 0
2458003.5 15.4043632305 0 13.8946412704 0
2458004.5 15.3116150125 0 13.7895127899 0
2458005.5 15.4117982923 0 13.9019904808 0
2458006.5 15.3549945483 0 13.8319949207 0
2458007.5 15.2859139144 0 13.7516037781 0
2458008.5 15.2279363548 0 13.6930201972 0
2458009.5 15.2426739781 0 13.715401779 0
2458010.5 15.2401062705 0 13.7094626945 0
2458011.5 15.9813479656 0 14.5515902477 0
2458012.5 15.9322236722 0 14.4998103887 0
2458013.5 15.9883442773 0 14.5643350056 0
2458014.5 16.0098428504 0 14.5907901404 0
2458015.5 16.1866726045 0 14.7891349426 0
2458016.5 16.2701100243 0 14.8829497981 0
2458017.5 16.315101134 0 14.930644674 0
2458018.5 16.184623364 0 14.7877124932 0
2458019.5 16.0678958955 0 14.6565379631 0
2458020.5 15.5690715776 0 14.0965337562 0
2458021.5 15.4606761859 0 13.9784699754 0
2458022.5 15.3590506399 0 13.8669102299 0
2458023.5 15.2793224841 0 13.7754903783 0
2458024.5 15.5612784385 0 14.0995890063 0
2458025.5 15.7280194279 0 14.2835618888 0
2458026.5 15.6657223746 0 14.2111163137 0
2458027.5 15.7129069949 0 14.2649295411 0
2458028.5 15.6123613095 0 14.1556691708 0
2458029.5 15.5745757319 0 14.11107957 0
2458030.5 15.6463549523 0 14.1908896768 0
2458031.5 15.6620476758 0 14.2084090448 0
2458032.5 15.7048391227 0 14.256390477 0
2458033.5 15.5599425111 0 14.0976733838 0
2458034.5 15.6221898246 0 14.1674222005 0
2458035.5 15.4885546468 0 14.0182637708 0
2458036.5 16.1572658542 0 14.7688080802 0
2458037.5 16.0419313465 0 14.6437956012 0
2458038.5 16.1051945753 0 14.7126681252 0
2458039.5 16.235364536 0 14.8593238233 0
2458040.5 16.3513246472 0 14.9862808213 0
2458041.5 15.6951453184 0 14.262359497 0
2458042.5 15.7074566941 0 14.2760956186 0
2458043.5 15.7013059262 0 14.2724169237 0
2458044.5 15.7080772141 0 14.2831354297 0
2458045.5 14.8719121824 0 13.313803614 0
2458046.5 14.8550753708 0 13.2960302469 0
2458047.5 14.854675466 0 13.2982936542 0
2458048.5 14.7826276692 0 13.2169301126 0
2458049.5 14.8575759757 0 13.3047208412 0
2458050.5 15.1953691003 0 13.6975289764 0
2458051.5 15.1271771089 0 13.6195353876 0
2458052.5 15.2340003554 0 13.7368950382 0
2458053.5 15.1879014423 0 13.6896113171 0
2458054.5 14.9231041146 0 13.3810983452 0
2458055.5 14.8448731757 0 13.2905433921 0
2458056.5 14.8113835309 0 13.251291973 0
2458057.5 14.8291892644 0 13.2778123536 0
2458058.5 14.9051724442 0 13.3630283788 0
2458059.5 16.2741530567 0 14.9069927045 0
2458060.5 16.3914470433 0 15.0346756055 0
2458061.5 16.2712711438 0 14.9045686886 0
2458062.5 16.349916241 0 14.992081358 0
2458063.5 16.4146040859 0 15.0641542281 0
2458064.5 16.5919509459 0 15.2562014028 0
2458065.5 16.3988285379 0 15.0412773072 0
2458066.5 16.5341178295 0 15.1909587964 0
2458067.5 16.5439599657 0 15.2052038892 0
2458068.5 16.4961462718 0 15.1536380214 0
2458069.5 16.57924094 0 15.2433993514 0
2458070.5 14.888441899 0 13.3509103466 0
2458071.5 14.8458948386 0 13.2983579782 0
2458072.5 14.8534434318 0 13.3023148805 0
2458073.5 14.8443942197 0 13.2884816706 0
2458074.5 15.5547333487 0 14.1083576426 0
2458075.5 15.4669027784 0 14.0095299751 0
2458076.5 15.4362456514 0 13.9738081263 0
2458077.5 15.3822721198 0 13.9132907762 0
2458078.5 15.9148240135 0 14.5052665576 0
2458079.5 16.0045927569 0 14.6043328088 0
2458080.5 15.8469810912 0 14.43035391 0
2458081.5 15.8325394441 0 14.4121691216 0
2458082.5 14.9164737871 0 13.3640267408 0
2458083.5 14.9108904235 0 13.3552583715 0
2458084.5 14.9160285119 0 13.3553961023 0
2458085.5 14.8580017186 0 13.2919466206 0
2458086.5 14.7960620035 0 13.2165679019 0
2458087.5 15.095086735 0 13.5787177598 0
2458088.5 15.0866998276 0 13.5731311322 0
2458089.5 15.1429441914 0 13.6323797494 0
2458090.5 15.2676575384 0 13.7742980556 0
2458091.5 16.3199928186 0 14.947671147 0
2458092.5 16.4291255465 0 15.0674078169 0
2458093.5 16.2887030438 0 14.9152740718 0
2458094.5 16.3317931405 0 14.9599146284 0
2458095.5 16.4219662389 0 15.0596263037 0
2458096.5 15.8769072931 0 14.4609939848 0
2458097.5 15.8750848143 0 14.4560210418 0
2458098.5 15.7585793967 0 14.3274114379 0
2458099.5 15.685018281 0 14.2436932416 0
2458100.5 16.133145929 0 14.740308617 0
2458101.5 16.249491516 0 14.8725772126 0
2458102.5 16.3138011751 0 14.9464922881 0
2458103.5 16.243640661 0 14.8703829042 0
2458104.5 15.0605502854 0 13.5365647811 0
2458105.5 14.996187083 0 13.4603383586 0
2458106.5 15.0172630266 0 13.4895642451 0
2458107.5 14.9655756371 0 13.4225578638 0
2458108.5 14.9146927772 0 13.3650373414 0
2458109.5 14.8982281868 0 13.343405692 0
2458110.5 14.8664894143 0 13.3070360195 0
2458111.5 14.7851947203 0 13.2134292564 0
2458112.5 14.716436087 0 13.1284919996 0
2458113.5 14.7718502462 0 13.1913860651 0
2458114.5 14.7679896804 0 13.1891568998 0
2458115.5 16.0035054474 0 14.6077983717 0
2458116.5 16.1012792986 0 14.7160999955 0
2458117.5 16.0787881378 0 14.6930018909 0
2458118.5 16.0176410181 0 14.6223196307 0
2458119.5 16.055059919 0 14.6596458737 0
2458120.5 15.6710756268 0 14.2294979503 0
2458121.5 15.6971664282 0 14.2553657379 0
2458122.5 15.621800315 0 14.1746126349 0
2458123.5 15.6127377107 0 14.1684014978 0
2458124.5 15.5048685541 0 14.0435738492 0
2458125.5 14.9684984566 0 13.4203482131 0
2458126.5 14.9357125636 0 13.380793333 0
2458127.5 14.9281957888 0 13.3779589634 0
2458128.5 14.9105854098 0 13.3498056906 0
2458129.5 16.0694868738 0 14.6753444434 0
2458130.5 15.9664957398 0 14.5606494818 0
2458131.5 15.9963298024 0 14.5977757112 0
2458132.5 15.9488964705 0 14.5458825799 0
2458133.5 16.0909600487 0 14.7005237302 0
2458134.5 16.2386665362 0 14.8611681157 0
2458135.5 16.1522510746 0 14.7621847644 0
2458136.5 16.0200238789 0 14.6171464635 0
2458137.5 16.0305831621 0 14.6272233012 0
2458138.5 14.9672451571 0 13.420095823 0
2458139.5 14.9813229592 0 13.4322690242 0
2458140.5 14.9228805961 0 13.3576359024 0
2458141.5 14.8752791626 0 13.3041420771 0
2458142.5 14.8254118205 0 13.2383841874 0
2458143.5 16.5101724669 0 15.1510397689 0
2458144.5 16.6157122749 0 15.2670200497 0
2458145.5 16.6592124709 0 15.3114337595 0
2458146.5 16.6593275934 0 15.3149420998 0
2458147.5 16.7779499801 0 15.4447300818 0
2458148.5 15.0298523693 0 13.4855205874 0
2458149.5 15.0912970904 0 13.5522226297 0
2458150.5 15.1555902355 0 13.6325399675 0
2458151.5 15.1281034976 0 13.6050512603 0
2458152.5 15.106990537 0 13.5748282676 0
2458153.5 15.160559945 0 13.6412655607 0
2458154.5 15.1304241578 0 13.600226259 0
2458155.5 15.0870252733 0 13.5533469735 0
2458156.5 15.0359900673 0 13.4881929231 0
2458157.5 15.0674215648 0 13.5192449265 0
2458158.5 15.553255069 0 14.0838931078 0
2458159.5 15.675326552 0 14.2226982502 0
2458160.5 15.7676301268 0 14.3264978656 0
2458161.5 15.9338683152 0 14.508930808 0
2458162.5 15.9891961396 0 14.5723755684 0
2458163.5 15.1749907367 0 13.6431990321 0
2458164.5 15.2233526925 0 13.7052965411 0
2458165.5 15.2883682288 0 13.7795799946 0
2458166.5 15.3390738836 0 13.8344522405 0
2458167.5 15.3342193166 0 13.8254648347 0
2458168.5 15.4307555553 0 13.9345504941 0
2458169.5 15.8662945621 0 14.4230471068 0
2458170.5 15.7678620003 0 14.3145002734 0
2458171.5 15.7516596652 0 14.2935914182 0
2458172.5 15.7205677356 0 14.2626694091 0
2458173.5 15.3372667257 0 13.8247495755 0
2458174.5 15.2938676812 0 13.7932064762 0
2458175.5 15.251014185 0 13.748551612 0
2458176.5 15.1675428776 0 13.657093751 0
2458177.5 14.9274389428 0 13.3678948815 0
2458178.5 14.9400262076 0 13.3768965794 0
2458179.5 14.8300579239 0 13.2503517249 0
2458180.5 14.9196775074 0 13.3558557292 0
2458181.5 15.3816127447 0 13.8950669626 0
2458182.5 15.4508781355 0 13.9770868809 0
2458183.5 15.5611091276 0 14.1017928119 0
2458184.5 15.5837520578 0 14.1273785905 0
2458185.5 15.6280593685 0 14.1724111345 0
2458186.5 15.4203701779 0 13.9368371288 0
2458187.5 15.332023013 0 13.8353325042 0
2458188.5 15.2978424524 0 13.7932132645 0
2458189.5 15.3088382059 0 13.8114740298 0
2458190.5 15.5404821549 0 14.0757217464 0
2458191.5 15.4370900778 0 13.9597823666 0
2458192.5 15.3018810053 0 13.8089840074 0
2458193.5 15.4222343953 0 13.943751106 0
2458194.5 15.3880519677 0 13.9032004315 0
2458195.5 15.432881939 0 13.9529719875 0
2458196.5 15.323778378 0 13.8300490284 0
2458197.5 15.4324004797 0 13.950028892 0
2458198.5 15.4719917906 0 13.9987102861 0
2458199.5 16.065402846 0 14.6627141608 0
2458200.5 16.1665524801 0 14.7706822837 0
2458201.5 16.0214143297 0 14.6137338958 0
2458202.5 16.0812227965 0 14.6828110026 0
2458203.5 15.9839248518 0 14.5762738708 0
2458204.5 14.9594532721 0 13.4183694365 0
2458205.5 14.9698767527 0 13.4291428968 0
2458206.5 14.9495154212 0 13.4040112522 0
2458207.5 14.9827026823 0 13.4451134684 0
2458208.5 15.6694467635 0 14.2269272213 0
2458209.5 15.8284833938 0 14.4032924513 0
2458210.5 15.9911672146 0 14.5805137475 0
2458211.5 16.0402616148 0 14.6357786111 0
2458212.5 15.9179948499 0 14.5023867385 0
2458213.5 15.9886564953 0 14.5790782295 0
2458214.5 15.0901758551 0 13.5629767766 0
2458215.5 15.0822190325 0 13.5528057001 0
2458216.5 15.0647117387 0 13.5255843913 0
2458217.5 15.1546427341 0 13.6280403723 0
2458218.5 15.1054827218 0 13.5644780724 0
2458219.5 15.5702763215 0 14.0995454211 0
2458220.5 15.6520186337 0 14.1929740998 0
2458221.5 15.5687541924 0 14.0975267864 0
2458222.5 15.4424509692 0 13.9567480872 0
2458223.5 15.4079699717 0 13.912644089 0
2458224.5 15.3817206066 0 13.8778849662 0
2458225.5 15.4734371122 0 13.9780636727 0
2458226.5 15.5449335937 0 14.0609548019 0
2458227.5 15.4476803714 0 13.9494911515 0
2458228.5 16.1131482517 0 14.7007017315 0
2458229.5 16.0320936687 0 14.6120001064 0
2458230.5 16.0843353453 0 14.6683735731 0
2458231.5 15.9844997885 0 14.5591097552 0
2458232.5 15.8381215464 0 14.3993752968 0
2458233.5 15.6103242897 0 14.1393952126 0
2458234.5 15.7360864572 0 14.2767278879 0
2458235.5 15.734236096 0 14.2710872941 0
2458236.5 15.7289466873 0 14.2677368625 0
2458237.5 15.7593784203 0 14.3013585281 0
2458238.5 15.5405425283 0 14.0676781281 0
2458239.5 16.1969484551 0 14.8018270456 0
2458240.5 16.2558990093 0 14.8674739713 0
2458241.5 16.1232198833 0 14.7235400325 0
2458242.5 16.232770158 0 14.8422213425 0
2458243.5 15.6922289349 0 14.2354005413 0
2458244.5 15.8000911771 0 14.3587077388 0
2458245.5 15.8680335003 0 14.4371883317 0
2458246.5 15.8090024691 0 14.3722251664 0
2458247.5 15.31874661 0 13.8142043311 0
2458248.5 15.2929802406 0 13.7801026505 0
2458249.5 15.32301673 0 13.8203697065 0
2458250.5 15.2175664466 0 13.698688331 0
2458251.5 15.2595172652 0 13.750269782 0
2458252.5 15.2752686067 0 13.7711713605 0
2458253.5 15.9390665477 0 14.5236133196 0
2458254.5 15.8518533651 0 14.4304425771 0
2458255.5 15.977442112 0 14.5721427297 0
2458256.5 16.0305079864 0 14.6339775116 0
2458257.5 16.0265928706 0 14.6297116439 0
2458258.5 15.9108619523 0 14.500024109 0
2458259.5 16.2151234524 0 14.8388625148 0
2458260.5 16.1257015503 0 14.7398890074 0
2458261.5 16.0737223322 0 14.6788346183 0
2458262.5 16.0168103143 0 14.6152007702 0
2458263.5 15.8729705757 0 14.4543237775 0
2458264.5 15.850224705 0 14.4300506974 0
2458265.5 15.8071437905 0 14.38459957 0
2458266.5 15.7031298025 0 14.2724719204 0
2458267.5 15.696257659 0 14.2688951595 0
2458268.5 15.8090013255 0 14.3934029734 0
2458269.5 15.2327954443 0 13.7454485091 0
2458270.5 15.21979788 0 13.7332944208 0
2458271.5 15.2840055877 0 13.8106521012 0
2458272.5 15.1790341841 0 13.6912955535 0
2458273.5 15.2895492713 0 13.8171737916 0
2458274.5 15.3123755053 0 13.8499384509 0
2458275.5 15.01598954 0 13.5110753819 0
2458276.5 15.0485676327 0 13.5509125081 0
2458277.5 15.0627586543 0 13.5675585916 0
2458278.5 15.0515784735 0 13.5590017733 0
2458279.5 15.1295653941 0 13.6523966782 0
2458280.5 15.1678721942 0 13.6950057224 0
2458281.5 15.8939861123 0 14.5029663505 0
2458282.5 15.8634595027 0 14.46752523 0
2458283.5 15.8368899396 0 14.4396415116 0
2458284.5 15.7529470261 0 14.3479779411 0
2458285.5 15.1971839481 0 13.7218287513 0
2458286.5 15.3064023082 0 13.8471270502 0
2458287.5 15.3078192205 0 13.8491297753 0
2458288.5 15.3574589195 0 13.9082281225 0
2458289.5 15.2940585515 0 13.832537877 0
2458290.5 15.358813244 0 13.9060746238 0
2458291.5 15.0427279606 0 13.5436680972 0
2458292.5 15.0247406296 0 13.5195833759 0
2458293.5 15.157470777 0 13.669330376 0
2458294.5 15.2740830038 0 13.7980458646 0
2458295.5 15.4217771674 0 13.9610351523 0
2458296.5 15.4191509185 0 13.9580980119 0
2458297.5 15.7037129779 0 14.2808332013 0
2458298.5 15.5290107125 0 14.0899618649 0
2458299.5 15.4045568996 0 13.9518367933 0
2458300.5 15.3528705082 0 13.890899622 0
2458301.5 15.5905219343 0 14.1600406237 0
2458302.5 15.5080519452 0 14.0657701796 0
2458303.5 15.4612166754 0 14.0111493638 0
2458304.5 15.7126064001 0 14.2708487438 0
2458305.5 15.6719978266 0 14.2266907215 0
2458306.5 15.5262680329 0 14.0672370394 0
2458307.5 16.0600253607 0 14.6600935368 0
2458308.5 16.0251977302 0 14.618090832 0
2458309.5 15.9734004208 0 14.5637754579 0
2458310.5 15.973190203 0 14.5668237603 0
2458311.5 15.9060590509 0 14.4952541945 0
2458312.5 15.8135555179 0 14.3964413843 0
2458313.5 15.5707436434 0 14.1219949254 0
2458314.5 15.4545639779 0 13.9918541485 0
2458315.5 15.5500320487 0 14.0999638165 0
2458316.5 15.5594269211 0 14.1083457025 0
2458317.5 14.973872711 0 13.4387074354 0
2458318.5 15.0297288349 0 13.5009038324 0
2458319.5 15.0855480844 0 13.5633508218 0
2458320.5 15.043115611 0 13.5143244967 0
2458321.5 15.004712754 0 13.4697998814 0
2458322.5 15.9795319066 0 14.5774709631 0
2458323.5 15.9989891276 0 14.5993893179 0
2458324.5 15.8865145824 0 14.475655664 0
2458325.5 16.0206905283 0 14.6214926256 0
2458326.5 15.2569750792 0 13.7627592559 0
2458327.5 15.3711205102 0 13.889896993 0
2458328.5 15.4714045126 0 14.0048008617 0
2458329.5 15.6020423684 0 14.1512422093 0
2458330.5 14.9492946889 0 13.4006987326 0
2458331.5 14.9853838414 0 13.4388577171 0
2458332.5 15.03370147 0 13.4993409444 0
2458333.5 15.0520852507 0 13.5174375782 0
2458334.5 15.5213409501 0 14.0551670161 0
2458335.5 15.5678135835 0 14.1053957693 0
2458336.5 15.5021259382 0 14.0356975051 0
2458337.5 15.5617202274 0 14.1079035367 0
2458338.5 15.3171260428 0 13.8267239374 0
2458339.5 15.2363889544 0 13.7416562483 0
2458340.5 15.1385736037 0 13.6337303271 0
2458341.5 15.2170456026 0 13.7294738858 0
2458342.5 14.9901612567 0 13.4709712966 0
2458343.5 15.1176543786 0 13.6147121139 0
2458344.5 15.028769494 0 13.5085333739 0
2458345.5 15.1620279139 0 13.658712157 0
2458346.5 15.1077333006 0 13.5924242483 0
2458347.5 15.0738037673 0 13.5562167894 0
2458348.5 15.0401366775 0 13.5215392294 0
2458349.5 15.043047943 0 13.5256530835 0
2458350.5 15.0336045972 0 13.5144126548 0
2458351.5 15.0692975354 0 13.5542855336 0
2458352.5 15.1256533286 0 13.6157680779 0
2458353.5 15.070829367 0 13.5522566836 0
2458354.5 15.1628409749 0 13.6598092878 0
2458355.5 15.1220546223 0 13.6072839545 0
2458356.5 16.4111304087 0 15.0495186114 0
2458357.5 16.5215214846 0 15.1720855802 0
2458358.5 16.718708246 0 15.3854963465 0
2458359.5 16.6201871337 0 15.274298243 0
2458360.5 15.1918851596 0 13.6795694078 0
2458361.5 15.233164408 0 13.7297882683 0
2458362.5 15.1817110373 0 13.6684777236 0
2458363.5 15.1044135658 0 13.576387016 0
2458364.5 15.0096390489 0 13.4682416353 0
2458365.5 15.0325959544 0 13.4933527386 0
2458366.5 15.1445170082 0 13.6305976854 0
2458367.5 15.2055831428 0 13.7017934538 0
2458368.5 15.2405792162 0 13.7470717127 0
2458369.5 15.1188520939 0 13.6094874629 0
2458370.5 15.0580688367 0 13.5268654045 0
2458371.5 14.9703774249 0 13.4288869215 0
2458372.5 14.927043967 0 13.3727898447 0
2458373.5 14.8816054417 0 13.3243264422 0
2458374.5 14.794095908 0 13.2212833488 0
2458375.5 14.7979811864 0 13.2182880068 0
2458376.5 14.9689014219 0 13.4329418394 0
2458377.5 14.9063401269 0 13.3633094435 0
2458378.5 14.9861907683 0 13.4598341533 0
2458379.5 14.9437878221 0 13.4047417195 0
2458380.5 14.945751503 0 13.4133038749 0
2458381.5 15.780879562 0 14.3596500354 0
2458382.5 15.8484834354 0 14.4389244027 0
2458383.5 15.8884735024 0 14.4822045385 0
2458384.5 15.8797406239 0 14.4762131339 0
2458385.5 15.7108332037 0 14.2890483848 0
2458386.5 15.6716345766 0 14.2425496177 0
2458387.5 15.7050883117 0 14.2761686397 0
2458388.5 15.8425124403 0 14.4309252332 0
2458389.5 15.925792917 0 14.521570206 0
2458390.5 15.6094236833 0 14.1721163173 0
2458391.5 15.6042741345 0 14.1654627279 0
2458392.5 15.7538314784 0 14.3313443591 0
2458393.5 15.8864057616 0 14.4784290905 0
2458394.5 15.082170431 0 13.5715525781 0
2458395.5 15.0872799817 0 13.5810294213 0
2458396.5 15.0255294453 0 13.5144162476 0
2458397.5 15.114128236 0 13.6150771272 0
2458398.5 16.1469648539 0 14.7713637356 0
2458399.5 16.1025221752 0 14.7242548431 0
2458400.5 16.1008228261 0 14.7243921339 0
2458401.5 15.9391743303 0 14.5463328861 0
2458402.5 16.0004595579 0 14.6162578128 0
2458403.5 16.0357104583 0 14.653139129 0
2458404.5 15.7847335706 0 14.3816358439 0
2458405.5 15.7442843383 0 14.3353221876 0
2458406.5 15.7526231969 0 14.3425168418 0
2458407.5 15.7281448992 0 14.3133701885 0
2458408.5 15.3364511547 0 13.8738945304 0
2458409.5 15.3938735167 0 13.9427636827 0
2458410.5 15.3962995812 0 13.9449132062 0
2458411.5 15.5097271865 0 14.0687293682 0
2458412.5 15.4975608653 0 14.0566646943 0
2458413.5 15.3815825021 0 13.9244736256 0
2458414.5 15.2480635666 0 13.7774954046 0
2458415.5 15.3751597934 0 13.9190665752 0
2458416.5 15.3602116203 0 13.8991570017 0
2458417.5 15.2965631833 0 13.8279690079 0
2458418.5 14.9154558529 0 13.3909422409 0
2458419.5 15.0304609846 0 13.5196092012 0
2458420.5 14.9963180044 0 13.4758432603 0
2458421.5 15.0346925323 0 13.5226517208 0
2458422.5 15.6371702835 0 14.2096221026 0
2458423.5 15.6579382781 0 14.2367435942 0
2458424.5 15.6144484294 0 14.1886529006 0
2458425.5 15.6096395322 0 14.1862801134 0
2458426.5 15.8737780465 0 14.4796796156 0
2458427.5 15.9344674055 0 14.5482032973 0
2458428.5 15.9447912307 0 14.5610631984 0
2458429.5 16.0941152516 0 14.7241318857 0
2458430.5 14.7157280751 0 13.1680374711 0
2458431.5 14.7678502718 0 13.2269226486 0
2458432.5 14.7352048508 0 13.1928050498 0
2458433.5 14.7646523021 0 13.2261219294 0
2458434.5 14.7814800222 0 13.2413407856 0
2458435.5 14.8821244777 0 13.38823235 0
2458436.5 14.8300820633 0 13.3312992069 0
2458437.5 14.9203845649 0 13.4308179324 0
2458438.5 14.8139061319 0 13.3125106909 0
2458439.5 15.0785921945 0 13.6162663934 0
2458440.5 15.2145161621 0 13.7688414919 0
2458441.5 15.2787948844 0 13.8407601382 0
2458442.5 15.4101486207 0 13.9867920829 0
2458443.5 15.518166008 0 14.1064393726 0
2458444.5 15.0122524636 0 13.5400977542 0
2458445.5 15.1083773523 0 13.6518736633 0
2458446.5 15.0334432365 0 13.5664432163 0
2458447.5 14.974034891 0 13.5013351818 0
2458448.5 14.9107664076 0 13.4314219982 0
2458449.5 15.1215085335 0 13.6698044676 0
2458450.5 14.9886656521 0 13.5199155419 0
2458451.5 14.8973516626 0 13.4115553134 0
2458452.5 14.823751832 0 13.3261806354 0
2458453.5 14.7794461973 0 13.2771018184 0
2458454.5 14.8756131436 0 13.3839727932 0
2458455.5 15.1983886695 0 13.750543183 0
2458456.5 15.2206994291 0 13.7726617109 0
2458457.5 15.2518946653 0 13.8107987896 0
2458458.5 15.2308982443 0 13.7899027513 0
2458459.5 15.2826116479 0 13.8491278945 0
2458460.5 15.1552509688 0 13.7076764217 0
2458461.5 15.9807122673 0 14.6218152283 0
2458462.5 16.0550449997 0 14.7008253607 0
2458463.5 16.0428453333 0 14.6887011281 0
2458464.5 16.0839799312 0 14.7348271798 0
2458465.5 15.9988970364 0 14.6439199565 0
2458466.5 15.2257212975 0 13.7850214293 0
2458467.5 15.3026636906 0 13.8704050116 0
2458468.5 15.2841439517 0 13.8499580262 0
2458469.5 15.2128909917 0 13.7712081217 0
2458470.5 15.3061523975 0 13.8751132381 0
2458471.5 15.2473834772 0 13.8074480592 0
2458472.5 15.2001242379 0 13.7571860259 0
2458473.5 15.2236921779 0 13.7816537477 0
2458474.5 15.0930633853 0 13.6345480871 0
2458475.5 14.9760137408 0 13.5005444145 0
2458476.5 14.94410334 0 13.4687741401 0
2458477.5 14.808364308 0 13.3100240054 0
2458478.5 14.739626727 0 13.2343708293 0
2458479.5 14.6442665061 0 13.1263410047 0
2458480.5 14.7089148553 0 13.2058909271 0
2458481.5 14.6875109364 0 13.1765529869 0
2458482.5 14.6023880917 0 13.0742864 0
2458483.5 15.0364883837 0 13.569130764 0
2458484.5 15.0711797671 0 13.6079777942 0
2458485.5 14.9564514021 0 13.4792158799 0
2458486.5 14.9158164924 0 13.4368220482 0
2458487.5 15.0232869508 0 13.5599406253 0
2458488.5 15.7078942301 0 14.3218170795 0
2458489.5 15.8582759768 0 14.4878484072 0
2458490.5 15.8758831559 0 14.5103511486 0
2458491.5 15.9368984713 0 14.5739973048 0
2458492.5 14.7724153294 0 13.2703359758 0
2458493.5 14.7801278536 0 13.2742784963 0
2458494.5 14.861867704 0 13.3668463962 0
2458495.5 14.8787546847 0 13.3877932457 0
2458496.5 14.8043701299 0 13.2987847874 0
2458497.5 14.6966725419 0 13.1770953181 0
2458498.5 15.0980403715 0 13.6213371879 0
2458499.5 15.1460393182 0 13.6748659307 0
2458500.5 15.0437648289 0 13.5583088861 0
2458501.5 15.1278887434 0 13.6553037312 0
2458502.5 15.2376154298 0 13.7781333279 0
2458503.5 15.1406222272 0 13.6706134837 0
2458504.5 15.2036545368 0 13.7424064134 0
2458505.5 15.2332349318 0 13.7780730773 0
2458506.5 15.3600527778 0 13.9171898229 0
2458507.5 15.4484861505 0 14.0143007996 0
2458508.5 15.4975030068 0 14.0706429899 0
2458509.5 14.6113926811 0 13.0524469718 0
2458510.5 14.5983950646 0 13.0400532071 0
2458511.5 14.5003673825 0 12.9273106084 0
2458512.5 14.5578864808 0 12.9996945097 0
2458513.5 14.5454931799 0 12.9772220413 0
2458514.5 14.6731936768 0 13.1337562326 0
2458515.5 14.6553911883 0 13.1070424869 0
2458516.5 14.6591753915 0 13.1128629522 0
2458517.5 14.6797202351 0 13.1395406734 0
2458518.5 14.6608305192 0 13.1203893926 0
2458519.5 15.7239324561 0 14.3246619489 0
2458520.5 15.753257263 0 14.3570910132 0
2458521.5 15.8812362154 0 14.4979038386 0
2458522.5 15.941341793 0 14.5637420395 0
2458523.5 14.9130940662 0 13.4109704885 0
2458524.5 14.881767066 0 13.3694259818 0
2458525.5 14.8556284509 0 13.3359992165 0
2458526.5 14.9299400663 0 13.4180072413 0
2458527.5 14.8694833146 0 13.3415310651 0
2458528.5 14.9364813452 0 13.417856278 0
2458529.5 14.9626323413 0 13.4435853085 0
2458530.5 15.050942319 0 13.5449476135 0
2458531.5 14.9713477383 0 13.4569451435 0
2458532.5 15.0087859439 0 13.4990482554 0
2458533.5 15.5491368603 0 14.1143369549 0
2458534.5 15.7257657494 0 14.3036441367 0
2458535.5 15.9069933999 0 14.5021114625 0
2458536.5 15.8388792852 0 14.4293668528 0
2458537.5 15.8855984207 0 14.4843888761 0
2458538.5 16.177786952 0 14.8043637829 0
2458539.5 16.1130507931 0 14.7359903849 0
2458540.5 16.1652157293 0 14.7953918546 0
2458541.5 15.9936777882 0 14.6073218432 0
2458542.5 14.7413057331 0 13.1815653735 0
2458543.5 14.804360156 0 13.2558906737 0
2458544.5 14.7937842847 0 13.240244858 0
2458545.5 14.7790590227 0 13.2224057 0
2458546.5 14.7710884655 0 13.2172718443 0
2458547.5 14.6726024401 0 13.1048944844 0
2458548.5 14.7188821526 0 13.1612225148 0
2458549.5 14.7520013134 0 13.1939806228 0
2458550.5 14.803510901 0 13.2485911407 0
2458551.5 14.8050930249 0 13.2566077277 0
2458552.5 15.2819122517 0 13.806100823 0
2458553.5 15.2297533833 0 13.7471374584 0
2458554.5 15.1344254898 0 13.6386814776 0
2458555.5 15.1559564317 0 13.6589056692 0
2458556.5 15.2170535586 0 13.7340987147 0
2458557.5 15.1930607957 0 13.7066875523 0
2458558.5 16.1794822103 0 14.805277227 0
2458559.5 16.2790293783 0 14.9174836199 0
2458560.5 16.4236631056 0 15.0737988865 0
2458561.5 16.4080835492 0 15.0531983713 0
2458562.5 14.8989847206 0 13.3471239355 0
2458563.5 14.9243034044 0 13.3718299275 0
2458564.5 14.9916772408 0 13.4490099173 0
2458565.5 15.0098719598 0 13.472001243 0
2458566.5 15.4023178698 0 13.9298177839 0
2458567.5 15.488316631 0 14.0318196017 0
2458568.5 15.4477999209 0 13.9822037153 0
2458569.5 15.4686433874 0 14.0028099174 0
2458570.5 15.0665569397 0 13.5388835787 0
2458571.5 15.0140340963 0 13.5034047648 0
2458572.5 15.0734916704 0 13.5692354046 0
2458573.5 15.1734701174 0 13.6796418095 0
2458574.5 15.1876540094 0 13.6996702661 0
2458575.5 15.0742631288 0 13.5699873692 0
2458576.5 15.2615367415 0 13.7877726706 0
2458577.5 15.1998759619 0 13.7162498349 0
2458578.5 15.1665493246 0 13.6741910916 0
2458579.5 15.1456701187 0 13.6479932863 0
2458580.5 15.2308408987 0 13.7497619748 0
2458581.5 15.6239726077 0 14.1890396954 0
2458582.5 15.5834045239 0 14.1417340998 0
2458583.5 15.5511507204 0 14.1079966344 0
2458584.5 15.5831347507 0 14.1403554457 0
2458585.5 15.4646391535 0 14.0062445176 0
2458586.5 15.5756546799 0 14.1307711271 0
2458587.5 14.8522867067 0 13.2958584895 0
2458588.5 14.8690771063 0 13.3141423107 0
2458589.5 14.8052872093 0 13.2387786217 0
2458590.5 14.8755686069 0 13.3212193135 0
2458591.5 14.9531000468 0 13.407036208 0
2458592.5 15.7651249575 0 14.3349937735 0
2458593.5 15.7828768658 0 14.3587287901 0
2458594.5 15.6615795017 0 14.2242679693 0
2458595.5 15.6782647424 0 14.2467189691 0
2458596.5 15.1911782392 0 13.6967709266 0
2458597.5 15.3410864941 0 13.8637956763 0
2458598.5 15.4530659242 0 13.9920107479 0
2458599.5 15.3121362291 0 13.850173377 0
2458600.5 15.4594250956 0 14.0119042453 0
2458601.5 15.4555552407 0 14.006554961 0
2458602.5 15.4306013856 0 13.9766874413 0
2458603.5 15.399923372 0 13.9411108265 0
2458604.5 15.5367530187 0 14.0946192675 0
2458605.5 15.5564817036 0 14.1135841982 0
2458606.5 15.5063631874 0 14.0541751627 0
2458607.5 15.5493815679 0 14.1003752616 0
2458608.5 16.0795796176 0 14.6874791832 0
2458609.5 16.1591367926 0 14.7747024294 0
2458610.5 16.1063685479 0 14.7190112221 0
2458611.5 15.9432961382 0 14.5425375825 0
2458612.5 15.8612741506 0 14.4497755649 0
2458613.5 15.9031343419 0 14.4932017547 0
2458614.5 15.2862482414 0 13.8032941498 0
2458615.5 15.2260379926 0 13.7340797674 0
2458616.5 15.1957607965 0 13.6941085419 0
2458617.5 15.2424355976 0 13.7462399625 0
2458618.5 14.9386893708 0 13.3888858002 0
2458619.5 14.9463124695 0 13.402554782 0
2458620.5 14.9726121374 0 13.4340169019 0
2458621.5 14.9184027402 0 13.3694114726 0
2458622.5 14.8486387789 0 13.2886107362 0
2458623.5 15.555825899 0 14.1078939887 0
2458624.5 15.5790234413 0 14.1311466173 0
2458625.5 15.4785999393 0 14.0181182823 0
2458626.5 15.4750135018 0 14.0144085456 0
2458627.5 15.3876371464 0 13.9146808013 0
2458628.5 15.4843298865 0 14.0235157091 0
2458629.5 15.7958232373 0 14.3686507696 0
2458630.5 15.8186738539 0 14.3928690522 0
2458631.5 15.8578303973 0 14.4394892402 0
2458632.5 15.8869099174 0 14.4720050211 0
2458633.5 15.9971893157 0 14.5954035442 0
2458634.5 14.9207569386 0 13.4043605665 0
2458635.5 14.9749511859 0 13.4640081219 0
2458636.5 15.0510043359 0 13.5542324941 0
2458637.5 15.0221718152 0 13.515965577 0
2458638.5 15.553812036 0 14.1165637124 0
2458639.5 15.6518695957 0 14.2227141696 0
2458640.5 15.5356053329 0 14.0960463175 0
2458641.5 15.5139750894 0 14.0724324545 0
2458642.5 15.443150155 0 13.9885600746 0
2458643.5 15.1484414954 0 13.6565164905 0
2458644.5 15.183263045 0 13.6966238255 0
2458645.5 15.2338885712 0 13.750879533 0
2458646.5 15.278219422 0 13.8037107383 0
2458647.5 15.2646990887 0 13.793066432 0
2458648.5 15.1244998403 0 13.6376299362 0
2458649.5 15.3306959349 0 13.8748847947 0
2458650.5 15.3344877401 0 13.8771740966 0
2458651.5 15.2446513218 0 13.7782119054 0
2458652.5 15.3593668455 0 13.9069308293 0
2458653.5 15.1183125771 0 13.6321850546 0
2458654.5 15.1250937313 0 13.635274095 0
2458655.5 15.1896971165 0 13.7102107943 0
2458656.5 15.1176276379 0 13.6309973102 0
2458657.5 14.9963136762 0 13.4934584571 0
2458658.5 15.0250746868 0 13.5312072089 0
2458659.5 15.8383529955 0 14.444004887 0
2458660.5 15.6883550936 0 14.2780633305 0
2458661.5 15.7609445336 0 14.361291077 0
2458662.5 15.7915481498 0 14.3939029865 0
2458663.5 14.9338874811 0 13.4325801334 0
2458664.5 14.9389428531 0 13.4419116732 0
2458665.5 14.9496408338 0 13.4503722038 0
2458666.5 15.2448748165 0 13.7622268245 0
2458667.5 15.338711618 0 13.8692900557 0
2458668.5 15.075784058 0 13.5723968118 0
2458669.5 15.089281963 0 13.5876865496 0
2458670.5 15.0372072422 0 13.5253990002 0
2458671.5 15.0832664271 0 13.5831145748 0
2458672.5 15.1349104975 0 13.6460050922 0
2458673.5 15.1681413982 0 13.6790177041 0
2458674.5 15.298293361 0 13.8238399934 0
2458675.5 15.2226229916 0 13.7401755041 0
2458676.5 15.1451199675 0 13.6565174355 0
2458677.5 15.1568122483 0 13.6707631667 0
2458678.5 15.4824716832 0 14.038369298 0
2458679.5 15.4364957292 0 13.9853881181 0
2458680.5 15.4023268343 0 13.9506730454 0
2458681.5 15.52263581 0 14.086422316 0
2458682.5 15.4989913102 0 14.0615625908 0
2458683.5 15.5441169685 0 14.1122882605 0
2458684.5 15.0150930092 0 13.5087335025 0
2458685.5 14.957321654 0 13.4394448654 0
2458686.5 14.9059079479 0 13.3843809334 0
2458687.5 14.9999109733 0 13.488247419 0
2458688.5 15.270476555 0 13.8010329351 0
2458689.5 15.3116701321 0 13.8519162026 0
2458690.5 15.2996672429 0 13.8346396683 0
2458691.5 15.339890537 0 13.8817749855 0
2458692.5 15.4068536196 0 13.9537177078 0
2458693.5 15.1142999952 0 13.6213713453 0
2458694.5 15.0161033664 0 13.5113597567 0
2458695.5 15.1593206327 0 13.6715550107 0
2458696.5 15.1254993862 0 13.6359220756 0
2458697.5 15.0767302888 0 13.5768488421 0
2458698.5 15.0427613888 0 13.5422928224 0
2458699.5 15.3167868696 0 13.8511486378 0
2458700.5 15.3455489961 0 13.8855284437 0
2458701.5 15.4292606289 0 13.9823087478 0
2458702.5 15.559899051 0 14.1257224435 0
2458703.5 14.9095639881 0 13.3845807696 0
2458704.5 14.9777121652 0 13.4586526332 0
2458705.5 15.086105409 0 13.5832320555 0
2458706.5 15.096872031 0 13.5953496519 0
2458707.5 15.1851914036 0 13.696959572 0
2458708.5 15.2832754136 0 13.8050221415 0
2458709.5 15.1192720247 0 13.6181424372 0
2458710.5 15.1590372654 0 13.6627112539 0
2458711.5 15.1682652494 0 13.6740406152 0
2458712.5 15.251411702 0 13.7690406397 0
2458713.5 15.3283235267 0 13.8584412588 0
2458714.5 15.5534235209 0 14.1084875584 0
2458715.5 15.4983407962 0 14.0443340626 0
2458716.5 15.4554094003 0 13.9986092668 0
2458717.5 15.5484329358 0 14.1057644899 0
2458718.5 15.5957594924 0 14.1595468605 0
2458719.5 15.7335848715 0 14.3146694834 0
2458720.5 15.003421546 0 13.490707707 0
2458721.5 15.028452577 0 13.524095734 0
2458722.5 15.0316704083 0 13.5276582382 0
2458723.5 15.1108114052 0 13.6153309504 0
2458724.5 15.4899444541 0 14.0477550763 0
2458725.5 15.5097249293 0 14.0732020552 0
2458726.5 15.4304919465 0 13.9860920072 0
2458727.5 15.5427472068 0 14.1123668744 0
2458728.5 15.5586392831 0 14.1298344309 0
2458729.5 15.6499823646 0 14.2299519266 0
2458730.5 15.2999648985 0 13.8398422709 0
2458731.5 15.3216664405 0 13.8661553037 0
2458732.5 15.1039277707 0 13.6419755614 0
2458733.5 15.1892296633 0 13.7373157534 0
2458734.5 15.2062609082 0 13.753305781 0
2458735.5 14.7950124368 0 13.2898939218 0
2458736.5 14.7161384485 0 13.2023051752 0
2458737.5 14.6449450621 0 13.1175918288 0
2458738.5 14.5382345227 0 12.9946083566 0
2458739.5 14.5875127529 0 13.0592419066 0
2458740.5 14.6389778399 0 13.1227172235 0
2458741.5 14.6660010559 0 13.1529319132 0
2458742.5 14.6054261217 0 13.083774735 0
2458743.5 14.6296529746 0 13.1118385345 0
2458744.5 14.6117662074 0 13.0900957551 0
2458745.5 14.4984119703 0 12.9555319512 0
2458746.5 14.3952582165 0 12.8355450909 0
2458747.5 14.3394475844 0 12.763850668 0
2458748.5 14.3345354548 0 12.7639387201 0
2458749.5 14.4197037296 0 12.8679139472 0
2458750.5 14.4808992731 0 12.9461298803 0
2458751.5 14.555984902 0 13.0324038895 0
2458752.5 14.6184895913 0 13.1104917363 0
2458753.5 15.6801620088 0 14.3017220076 0
2458754.5 15.5961852687 0 14.2083074505 0
2458755.5 15.6628824611 0 14.2786593127 0
2458756.5 15.6471968691 0 14.2639986853 0
2458757.5 14.6747222618 0 13.1768419399 0
2458758.5 14.7439654784 0 13.2545978618 0
2458759.5 14.6148816497 0 13.1085650901 0
2458760.5 14.6812208056 0 13.1875939667 0
2458761.5 14.6421709053 0 13.1425908678 0
2458762.5 14.5282594106 0 13.0337123736 0
2458763.5 14.2831601148 0 12.7434325012 0
2458764.5 14.261801548 0 12.7128588935 0
2458765.5 14.2269378757 0 12.673822007 0
2458766.5 14.191131906 0 12.6363341998 0
2458767.5 14.2420563118 0 12.69193271 0
2458768.5 14.2164757367 0 12.6579972096 0
2458769.5 14.7218571616 0 13.2510028961 0
2458770.5 14.8308929003 0 13.3724740622 0
2458771.5 14.800072641 0 13.3371774635 0
2458772.5 14.9409718169 0 13.4933909587 0
2458773.5 15.681490525 0 14.3174973989 0
2458774.5 15.6762288921 0 14.3105017819 0
2458775.5 15.5389469758 0 14.1597276138 0
2458776.5 15.5526232458 0 14.1724871313 0
2458777.5 15.707432114 0 14.3429263768 0
2458778.5 14.5297242896 0 13.0296655455 0
2458779.5 14.5227196401 0 13.0238910532 0
2458780.5 14.4889063889 0 12.9846907109 0
2458781.5 14.5337336004 0 13.0330857862 0
2458782.5 14.6101879478 0 13.1177293304 0
2458783.5 14.2555451205 0 12.6985995812 0
2458784.5 14.2793098484 0 12.7330871602 0
2458785.5 14.2389945125 0 12.6794575594 0
2458786.5 14.1771615185 0 12.6064911324 0
2458787.5 14.2599179758 0 12.7039542474 0
2458788.5 14.2589529979 0 12.7075956255 0
2458789.5 14.2296512129 0 12.6756938298 0
2458790.5 14.3326453909 0 12.7930896022 0
2458791.5 14.399207966 0 12.866638778 0
2458792.5 14.7841039831 0 13.3266371234 0
2458793.5 14.6892473748 0 13.2191417126 0
2458794.5 14.7794196134 0 13.3189896037 0
2458795.5 14.7977585638 0 13.3436429933 0
2458796.5 15.2068914102 0 13.7994668607 0
2458797.5 15.1012029849 0 13.6789144718 0
2458798.5 15.23480945 0 13.8290238443 0
2458799.5 15.1014573461 0 13.6818099838 0
2458800.5 14.2972597015 0 12.7645025053 0
2458801.5 14.2100379458 0 12.6626563183 0
2458802.5 14.1644247191 0 12.6008960192 0
2458803.5 14.249325626 0 12.7022775606 0
2458804.5 14.3655498191 0 12.8350963339 0
2458805.5 14.6380454753 0 13.1535553329 0
2458806.5 14.5948823324 0 13.1051045059 0
2458807.5 14.6864318495 0 13.2067357695 0
2458808.5 14.7899569168 0 13.3248039668 0
2458809.5 14.8593428993 0 13.4042094911 0
2458810.5 15.6104703992 0 14.2395166084 0
2458811.5 15.6042466684 0 14.2319495399 0
2458812.5 15.708527094 0 14.3469814541 0
2458813.5 15.6902992059 0 14.3294768163 0
2458814.5 15.5272610084 0 14.1524681217 0
2458815.5 15.4831840846 0 14.1027075161 0
2458816.5 14.7808543018 0 13.3165891645 0
2458817.5 14.8010412352 0 13.3375416132 0
2458818.5 14.6940817966 0 13.2149751058 0
2458819.5 14.7744298399 0 13.306412664 0
2458820.5 14.7745215776 0 13.3084643981 0
2458821.5 14.7885771775 0 13.322658611 0
2458822.5 14.9959123076 0 13.556516686 0
2458823.5 14.9599313707 0 13.5179964365 0
2458824.5 15.0749835973 0 13.6469017801 0
2458825.5 15.0401445639 0 13.6170337364 0
2458826.5 15.086992689 0 13.6722831866 0
2458827.5 14.656057752 0 13.1856861303 0
2458828.5 14.6002221897 0 13.1208911046 0
2458829.5 14.5994974275 0 13.1211923585 0
2458830.5 14.6188579245 0 13.1414272716 0
2458831.5 15.598261274 0 14.2304173159 0
2458832.5 15.7031866535 0 14.3486809133 0
2458833.5 15.620897452 0 14.2557617317 0
2458834.5 15.6116075633 0 14.2464200843 0
2458835.5 15.6488177316 0 14.2876475405 0
2458836.5 14.7028986578 0 13.2367710712 0
2458837.5 14.6236538234 0 13.1453399654 0
2458838.5 14.7474626009 0 13.2821420341 0
2458839.5 14.8113661918 0 13.3565549739 0
2458840.5 14.7561999282 0 13.2919698129 0
2458841.5 14.7503980087 0 13.2856843825 0
2458842.5 15.1443035714 0 13.7279275599 0
2458843.5 15.1752721745 0 13.7637289308 0
2458844.5 15.0556379584 0 13.6318930778 0
2458845.5 15.2231991919 0 13.8147636072 0
2458846.5 15.1072020357 0 13.682408274 0
2458847.5 15.4972918581 0 14.1125850097 0
2458848.5 15.396767013 0 14.0017127724 0
2458849.5 15.518867208 0 14.133935156 0
2458850.5 15.3770739074 0 13.9784627716 0
2458851.5 14.9413677784 0 13.4918826917 0
2458852.5 15.0709030772 0 13.6348379997 0
2458853.5 15.1961428788 0 13.7729593954 0
2458854.5 15.1168318889 0 13.682586696 0
2458855.5 15.1801031851 0 13.7539441175 0
2458856.5 15.7381214536 0 14.369826547 0
2458857.5 15.6385830595 0 14.2570201344 0
2458858.5 15.6103652441 0 14.2276983342 0
2458859.5 15.6279360402 0 14.2437944144 0
2458860.5 14.7174868349 0 13.2217980467 0
2458861.5 14.6874938384 0 13.1877416491 0
2458862.5 14.7719628873 0 13.2891334406 0
2458863.5 14.8414292118 0 13.3639675494 0
2458864.5 14.8563501594 0 13.3771503267 0
2458865.5 14.769204783 0 13.2766692373 0
2458866.5 14.8611232122 0 13.3774816025 0
2458867.5 14.7856019129 0 13.2934562824 0
2458868.5 14.7244131923 0 13.2263275118 0
2458869.5 14.7993837665 0 13.3126846442 0
2458870.5 14.7331581548 0 13.2338403201 0
2458871.5 15.3679550869 0 13.9510646792 0
2458872.5 15.2999183844 0 13.8735278382 0
2458873.5 15.3798087654 0 13.9598356827 0
2458874.5 15.3486588032 0 13.9221046264 0
2458875.5 14.9727338936 0 13.5009068349 0
2458876.5 14.9104604289 0 13.4286131305 0
2458877.5 14.8492093777 0 13.3549944164 0
2458878.5 14.8300774211 0 13.3295017557 0
2458879.5 14.8261192643 0 13.3295397501 0
2458880.5 14.5304863576 0 12.9864804887 0
2458881.5 14.6096414034 0 13.0760135833 0
2458882.5 14.7239853657 0 13.2060831438 0
2458883.5 14.7347991148 0 13.2188974876 0
2458884.5 15.0512451544 0 13.5796028015 0
2458885.5 14.9481730675 0 13.4629957427 0
2458886.5 14.936280652 0 13.4507338925 0
2458887.5 15.044395094 0 13.5734474105 0
2458888.5 14.9767860988 0 13.5007108727 0
2458889.5 14.9410859624 0 13.4588865761 0
2458890.5 15.7910791771 0 14.4077729987 0
2458891.5 15.9050165523 0 14.5318258502 0
2458892.5 16.0829700233 0 14.7129598128 0
2458893.5 16.1873753426 0 14.8266485302 0
2458894.5 15.8442245417 0 14.45213283 0
2458895.5 15.9160943169 0 14.5282305832 0
2458896.5 15.8452960959 0 14.446640485 0
2458897.5 15.7669541669 0 14.3623756214 0
2458898.5 15.8744646384 0 14.4822301476 0
2458899.5 15.9515377002 0 14.570322745 0
2458900.5 15.7728585214 0 14.3762361052 0
2458901.5 15.8863561448 0 14.4999645097 0
2458902.5 15.8857646033 0 14.501212668 0
2458903.5 15.7566123048 0 14.3559625358 0
2458904.5 14.9214758094 0 13.4186958192 0
2458905.5 14.8296244353 0 13.3114911693 0
2458906.5 14.7133374562 0 13.1790455324 0
2458907.5 14.7481993685 0 13.215144392 0
2458908.5 14.6480748773 0 13.0983601766 0
2458909.5 14.6965855093 0 13.1551533649 0
2458910.5 16.139237549 0 14.7794231579 0
2458911.5 16.304771145 0 14.9612757776 0
2458912.5 16.3079212909 0 14.965307448 0
2458913.5 16.4435151421 0 15.1104245419 0
2458914.5 16.3809023595 0 15.0416564298 0
2458915.5 15.5697816753 0 14.1490002752 0
2458916.5 15.4743366896 0 14.0441400203 0
2458917.5 15.3893337471 0 13.9472786137 0
2458918.5 15.3468985493 0 13.9012447135 0
2458919.5 15.3300481595 0 13.8823457491 0
2458920.5 15.373851425 0 13.9237162887 0
2458921.5 15.8183173609 0 14.4198825215 0
2458922.5 15.7448158801 0 14.3349172756 0
2458923.5 15.8696639601 0 14.4707312908 0
2458924.5 15.8244099591 0 14.4210801045 0
2458925.5 15.7499606464 0 14.340798598 0
2458926.5 15.821073592 0 14.4235175473 0
2458927.5 15.9808156903 0 14.6021276541 0
2458928.5 16.0099267922 0 14.6335056244 0
2458929.5 15.9006571691 0 14.510160971 0
2458930.5 15.9087098014 0 14.5183005611 0
2458931.5 14.934716312 0 13.4257213466 0
2458932.5 15.0435531265 0 13.5468352648 0
2458933.5 15.0273996011 0 13.5318411631 0
2458934.5 15.1241716102 0 13.6446980602 0
2458935.5 15.7945768165 0 14.3978340822 0
2458936.5 15.8877961971 0 14.4983921329 0
2458937.5 15.9220135324 0 14.5356121449 0
2458938.5 15.9835981418 0 14.6060438132 0
2458939.5 15.9616996727 0 14.5832151852 0
2458940.5 15.9306516173 0 14.5481238072 0
2458941.5 14.7360601999 0 13.1943619241 0
2458942.5 14.712698957 0 13.1623349917 0
2458943.5 14.692573174 0 13.1418276135 0
2458944.5 14.6125637972 0 13.0509851456 0
2458945.5 14.6394147234 0 13.0815848543 0
2458946.5 14.5632125678 0 12.990197322 0
2458947.5 15.9301139543 0 14.5512813838 0
2458948.5 16.0916097031 0 14.7296237816 0
2458949.5 15.9426088587 0 14.5673178233 0
2458950.5 16.0843987191 0 14.7261076256 0
2458951.5 15.7579489808 0 14.3679626561 0
2458952.5 15.6491609888 0 14.2438842334 0
2458953.5 15.8278268927 0 14.4248910974 0
2458954.5 15.7014594217 0 14.2842810761 0
2458955.5 15.8260165884 0 14.4201593571 0
2458956.5 16.2510956904 0 14.8873813826 0
2458957.5 16.2848289011 0 14.9243773281 0
2458958.5 16.183865546 0 14.8170316409 0
2458959.5 16.2911169796 0 14.9312610714 0
2458960.5 15.9081327717 0 14.5119423383 0
2458961.5 15.9866692252 0 14.5953093037 0
2458962.5 16.0274957091 0 14.6430638355 0
2458963.5 16.1853267174 0 14.8174812374 0
2458964.5 16.0474410896 0 14.667382063 0
2458965.5 16.044227558 0 14.6659731185 0
2458966.5 15.0020416911 0 13.4973215252 0
2458967.5 14.9749872596 0 13.4601482683 0
2458968.5 14.9449761316 0 13.422024193 0
2458969.5 14.9510140637 0 13.4297432192 0
2458970.5 14.8822803343 0 13.3550378477 0
2458971.5 14.7378402933 0 13.1866153118 0
2458972.5 14.7207526456 0 13.1611328872 0
2458973.5 14.7355460585 0 13.1774630341 0
2458974.5 14.6936911381 0 13.1243349186 0
2458975.5 14.7374966588 0 13.1851435735 0
2458976.5 14.7643595018 0 13.2162383617 0
2458977.5 16.0421295054 0 14.6657975279 0
2458978.5 16.0025982735 0 14.6218159947 0
2458979.5 16.0688180651 0 14.696843343 0
2458980.5 16.15319345 0 14.7863623551 0
2458981.5 15.3609569772 0 13.9080462175 0
2458982.5 15.4458515442 0 14.004152428 0
2458983.5 15.4100084365 0 13.9634752703 0
2458984.5 15.3224896806 0 13.8656189562 0
2458985.5 15.645286064 0 14.228372374 0
2458986.5 15.5334161591 0 14.1062372451 0
2458987.5 15.663996641 0 14.2368097153 0
2458988.5 15.7134380536 0 14.2952512493 0
2458989.5 14.9188419376 0 13.3969222119 0
2458990.5 14.9870294074 0 13.4748320484 0
2458991.5 15.0868076714 0 13.5897830586 0
2458992.5 15.059651768 0 13.5538400821 0
2458993.5 15.14760618 0 13.6578842007 0
2458994.5 15.1623452227 0 13.6765328857 0
2458995.5 15.0098276963 0 13.5029178995 0
2458996.5 14.9482455287 0 13.4283194949 0
2458997.5 15.0318379904 0 13.5220281176 0
2458998.5 14.9809377615 0 13.4598898725 0
2458999.5 14.9774324546 0 13.4563068036 0
2459000.5 15.0583108837 0 13.5454033649 0
2459001.5 15.0723005781 0 13.5594974575 0
2459002.5 14.9719453669 0 13.4424658164 0
2459003.5 15.0823687156 0 13.5662898512 0
2459004.5 15.1946912134 0 13.6919241549 0
2459005.5 15.2371317513 0 13.7443047602 0
2459006.5 16.2440155113 0 14.8734938652 0
2459007.5 16.3023036358 0 14.9385098138 0
2459008.5 16.2713432735 0 14.9008501213 0
2459009.5 16.3893132689 0 15.032441903 0
2459010.5 16.3805909879 0 15.0215542051 0
2459011.5 16.5162831097 0 15.1711018449 0
2459012.5 15.8532836064 0 14.4359896501 0
2459013.5 15.9482415213 0 14.5418004725 0
2459014.5 15.9066995463 0 14.4918294946 0
2459015.5 15.7846275537 0 14.3569396811 0
2459016.5 15.8089162409 0 14.3865150978 0
2459017.5 15.7954260522 0 14.3673695538 0
2459018.5 16.1823166546 0 14.8006236941 0
2459019.5 16.2010140428 0 14.8240112399 0
2459020.5 16.0898994855 0 14.7022109701 0
2459021.5 16.1673053052 0 14.7903318865 0
2459022.5 16.2303920166 0 14.8603362689 0
2459023.5 16.3256547666 0 14.9635464087 0
2459024.5 15.175677619 0 13.6767238238 0
2459025.5 15.2482376812 0 13.7599167436 0
2459026.5 15.2323750968 0 13.741532577 0
2459027.5 15.1529079388 0 13.6485469562 0
2459028.5 16.114775467 0 14.7265295375 0
2459029.5 16.0612466882 0 14.6695301456 0
2459030.5 16.1300463277 0 14.7419039289 0
2459031.5 15.9589238646 0 14.5541845783 0
2459032.5 16.0680901395 0 14.6765229773 0
2459033.5 15.0235499917 0 13.5023489814 0
2459034.5 14.9918453353 0 13.4712357962 0
2459035.5 15.0240501781 0 13.5027606722 0
2459036.5 15.0517094157 0 13.5376919362 0
2459037.5 15.1523777208 0 13.6494770441 0
2459038.5 16.2929989172 0 14.925913648 0
2459039.5 16.2034621703 0 14.8299465185 0
2459040.5 16.141395408 0 14.7596410273 0
2459041.5 16.1268580704 0 14.7431304477 0
2459042.5 15.1735153394 0 13.6727157222 0
2459043.5 15.257349326 0 13.7662307955 0
2459044.5 15.2705216853 0 13.785811755 0
2459045.5 15.303381038 0 13.8188307474 0
2459046.5 16.2559342214 0 14.8801217639 0
2459047.5 16.3443420102 0 14.9791373618 0
2459048.5 16.4045581923 0 15.0463057628 0
2459049.5 16.3047173418 0 14.9372424736 0
2459050.5 14.9571807386 0 13.4122023303 0
2459051.5 15.0075269475 0 13.4738111282 0
2459052.5 15.0280925208 0 13.5015804176 0
2459053.5 15.0705565899 0 13.5555024271 0
2459054.5 14.9882875078 0 13.4561061552 0
2459055.5 14.9121934464 0 13.3729606287 0
2459056.5 15.677297901 0 14.2485890009 0
2459057.5 15.6762406315 0 14.2445045118 0
2459058.5 15.8298085464 0 14.4128384231 0
2459059.5 15.888364239 0 14.4737261618 0
2459060.5 16.0383907163 0 14.6293048839 0
2459061.5 16.1341758527 0 14.7339728011 0
2459062.5 16.0690633343 0 14.6584458728 0
2459063.5 16.1873439057 0 14.7853452836 0
2459064.5 16.1010245483 0 14.6922165843 0
2459065.5 16.1087682394 0 14.7037024752 0
2459066.5 16.0960174318 0 14.6907971123 0
2459067.5 16.2639094067 0 14.8751765687 0
2459068.5 16.3420356196 0 14.9611772988 0
2459069.5 16.4008272444 0 15.0265630285 0
2459070.5 15.7327312514 0 14.282343558 0
2459071.5 15.8748910928 0 14.4369943851 0
2459072.5 15.9282786476 0 14.4926477434 0
2459073.5 15.8591969101 0 14.417578299 0
2459074.5 15.9080377993 0 14.4719883309 0
2459075.5 16.0127292149 0 14.5926962693 0
2459076.5 15.9218988108 0 14.4878687302 0
2459077.5 15.8825363313 0 14.4430658004 0
2459078.5 15.9403918823 0 14.5060006234 0
2459079.5 15.9817024244 0 14.5481939873 0
2459080.5 15.4704954703 0 13.9718104061 0
2459081.5 15.4500048446 0 13.9541738392 0
2459082.5 15.5305049951 0 14.0473757353 0
2459083.5 15.5726487977 0 14.0908046174 0
2459084.5 15.2076092965 0 13.6700254836 0
2459085.5 15.2875963436 0 13.7668879378 0
2459086.5 15.173049834 0 13.636939168 0
2459087.5 15.1526907218 0 13.617955751 0
