2457258.5 13.7078048823 0 12.1699658806 0
2457259.5 13.7640126984 0 12.2373653731 0
2457260.5 13.7067294521 0 12.1661136113 0
2457261.5 13.6672038167 0 12.1172678036 0
2457262.5 13.5959611223 0 12.0311650623 0
2457263.5 14.2733216692 0 12.8173973996 0
2457264.5 14.3824021431 0 12.9398924899 0
2457265.5 14.5334792283 0 13.1057452469 0
2457266.5 14.5563751976 0 13.1292748145 0
2457267.5 14.4257781198 0 12.9855782689 0
2457268.5 13.7138006307 0 12.1673892562 0
2457269.5 13.7000863082 0 12.1557698854 0
2457270.5 13.7741734186 0 12.2418320253 0
2457271.5 13.7167755029 0 12.175830041 0
2457272.5 14.4728999945 0 13.0398293359 0
2457273.5 14.4715965174 0 13.0396321032 0
2457274.5 14.525668001 0 13.0967253895 0
2457275.5 14.5048825072 0 13.0750572628 0
2457276.5 14.1839452703 0 12.7111553531 0
2457277.5 14.1269975987 0 12.6503136753 0
2457278.5 14.1137560189 0 12.6324402753 0
2457279.5 14.1359570477 0 12.6547181032 0
2457280.5 15.0883758503 0 13.7194113389 0
2457281.5 14.9232467455 0 13.53935998 0
2457282.5 14.9063789717 0 13.5186510211 0
2457283.5 14.8282221209 0 13.4315495093 0
2457284.5 14.7304154508 0 13.3240218921 0
2457285.5 14.2965426602 0 12.835511668 0
2457286.5 14.2791175533 0 12.8150670478 0
2457287.5 14.2547490628 0 12.790360707 0
2457288.5 14.1787609907 0 12.7035127009 0
2457289.5 14.1762119128 0 12.7038904472 0
2457290.5 14.1507504438 0 12.6781861373 0
2457291.5 14.1938547724 0 12.7241480156 0
2457292.5 14.215622396 0 12.7453919007 0
2457293.5 14.2236198399 0 12.7548277193 0
2457294.5 14.4389185745 0 12.9830161895 0
2457295.5 13.9944686692 0 12.478817887 0
2457296.5 14.0507538209 0 12.5413787019 0
2457297.5 13.9970136332 0 12.4751474839 0
2457298.5 14.0875766753 0 12.5756768379 0
2457299.5 14.0270311683 0 12.5084870613 0
2457300.5 14.608035201 0 13.1686836974 0
2457301.5 14.5568883503 0 13.1109420081 0
2457302.5 14.6783936955 0 13.2449586173 0
2457303.5 14.5298130057 0 13.0803087658 0
2457304.5 13.9225508854 0 12.3797309942 0
2457305.5 13.996632219 0 12.4678637205 0
2457306.5 14.0666922502 0 12.5508425304 0
2457307.5 14.0768828729 0 12.5626064744 0
2457308.5 13.8117727368 0 12.2538544934 0
2457309.5 13.8882068119 0 12.3421715827 0
2457310.5 13.8347688453 0 12.2816718044 0
2457311.5 13.7980139252 0 12.2363505759 0
2457312.5 13.8996431844 0 12.3549423695 0
2457313.5 13.9851011476 0 12.452391111 0
2457314.5 14.0350790198 0 12.5070451325 0
2457315.5 14.0098727646 0 12.4776462193 0
2457316.5 14.0746901095 0 12.5486705054 0
2457317.5 14.0833917064 0 12.5598627323 0
2457318.5 14.8723020781 0 13.4513992141 0
2457319.5 14.9375571199 0 13.5270040737 0
2457320.5 14.8238229091 0 13.4017149196 0
2457321.5 14.7656676632 0 13.3349986406 0
2457322.5 14.8414826905 0 13.4208813141 0
2457323.5 14.8008911911 0 13.3752530422 0
2457324.5 14.8153495998 0 13.3935248953 0
2457325.5 14.8095033904 0 13.387709381 0
2457326.5 14.6182359573 0 13.156630302 0
2457327.5 14.5568197715 0 13.0881890684 0
2457328.5 14.5035469594 0 13.0235739409 0
2457329.5 14.4639958777 0 12.9789402991 0
2457330.5 15.2242797584 0 13.8311247572 0
2457331.5 15.2663769682 0 13.8783022058 0
2457332.5 15.3138935968 0 13.9338462864 0
2457333.5 15.3831143622 0 14.0120650749 0
2457334.5 15.2392252796 0 13.8557171505 0
2457335.5 15.1889692644 0 13.8027119151 0
2457336.5 15.4560650929 0 14.0960118461 0
2457337.5 15.341204527 0 13.9694006701 0
2457338.5 15.3880452933 0 14.0215254527 0
2457339.5 15.3836840532 0 14.016198869 0
2457340.5 15.4499695134 0 14.0898449459 0
2457341.5 15.5824723072 0 14.237322156 0
2457342.5 14.961156347 0 13.5521662571 0
2457343.5 14.8566174749 0 13.4379331575 0
2457344.5 14.9074751667 0 13.4968376514 0
2457345.5 15.0019380306 0 13.6004449223 0
2457346.5 15.0595414267 0 13.6633583876 0
2457347.5 15.1635342219 0 13.7776426115 0
2457348.5 14.0644685774 0 12.538566286 0
2457349.5 13.9610835256 0 12.4180875544 0
2457350.5 13.929806844 0 12.3770014759 0
2457351.5 13.9221436517 0 12.3656266201 0
2457352.5 13.9570837491 0 12.4111114869 0
2457353.5 14.0387365459 0 12.5025185697 0
2457354.5 13.9239842587 0 12.3663569275 0
2457355.5 13.8797684515 0 12.3054705366 0
2457356.5 13.8734959076 0 12.3005306278 0
2457357.5 13.8416675744 0 12.2557784683 0
2457358.5 13.854118232 0 12.2787569984 0
2457359.5 13.846968238 0 12.274289602 0
2457360.5 14.1401921511 0 12.6286670934 0
2457361.5 14.0638344053 0 12.5472113289 0
2457362.5 14.0940666952 0 12.5866837166 0
2457363.5 14.0226052988 0 12.5047480854 0
2457364.5 14.0497442687 0 12.5326101636 0
2457365.5 14.0264667601 0 12.5088957335 0
2457366.5 14.0624142505 0 12.5495757739 0
2457367.5 14.073240434 0 12.5603410239 0
2457368.5 14.0478178609 0 12.5304175486 0
2457369.5 13.9775821532 0 12.4504413277 0
2457370.5 13.9808171334 0 12.4519765669 0
2457371.5 14.4354130745 0 12.9707245858 0
2457372.5 14.3264523239 0 12.8469722286 0
2457373.5 14.2712071438 0 12.7871842262 0
2457374.5 14.1883171386 0 12.6919412615 0
2457375.5 14.1431288079 0 12.6360957813 0
2457376.5 13.9477460529 0 12.4039125969 0
2457377.5 14.0403229606 0 12.5116732827 0
2457378.5 14.0365957174 0 12.510843691 0
2457379.5 13.9806825215 0 12.4479702016 0
2457380.5 13.8585550857 0 12.2988901764 0
2457381.5 13.8718056961 0 12.3190691601 0
2457382.5 13.7817658121 0 12.2117585632 0
2457383.5 13.7530640483 0 12.1763787134 0
2457384.5 13.720248503 0 12.1367020376 0
2457385.5 13.6403353394 0 12.0411364339 0
2457386.5 14.6340751691 0 13.1976704361 0
2457387.5 14.641151535 0 13.2023742158 0
2457388.5 14.744107 0 13.3183561195 0
2457389.5 14.7419116332 0 13.3147015983 0
2457390.5 14.743226435 0 13.3126052373 0
2457391.5 14.219521159 0 12.7237724961 0
2457392.5 14.2935472361 0 12.8090683852 0
2457393.5 14.2904719371 0 12.8068621158 0
2457394.5 14.3434202763 0 12.8686435714 0
2457395.5 14.2150895302 0 12.72536541 0
2457396.5 13.8305263 0 12.2715273478 0
2457397.5 13.7880588817 0 12.2204437502 0
2457398.5 13.7313801103 0 12.1556473281 0
2457399.5 13.7485464688 0 12.177326854 0
2457400.5 13.7327948275 0 12.1625971828 0
2457401.5 13.7407431847 0 12.1706214144 0
2457402.5 13.9971274369 0 12.4769561552 0
2457403.5 13.9373584367 0 12.4022304408 0
2457404.5 13.8590636582 0 12.3110486605 0
2457405.5 13.798047659 0 12.2336337864 0
2457406.5 13.8482078148 0 12.3004484108 0
2457407.5 14.0466891942 0 12.5324538728 0
2457408.5 14.0376119056 0 12.5209966084 0
2457409.5 14.1172833849 0 12.6107292844 0
2457410.5 14.044494365 0 12.5279020101 0
2457411.5 15.2548733022 0 13.8874497963 0
2457412.5 15.2669202242 0 13.8993559399 0
2457413.5 15.3763511893 0 14.0197523017 0
2457414.5 15.2564147757 0 13.8903262987 0
2457415.5 15.4161448248 0 14.0652385188 0
2457416.5 15.4641046161 0 14.116328418 0
2457417.5 14.2136356262 0 12.725580559 0
2457418.5 14.11241673 0 12.6115495688 0
2457419.5 14.1675361794 0 12.6728659793 0
2457420.5 14.0644960987 0 12.5575401407 0
2457421.5 14.1839534629 0 12.6916421281 0
2457422.5 13.8117738271 0 12.2522441307 0
2457423.5 13.7675897935 0 12.2042373061 0
2457424.5 13.6925443281 0 12.1133201496 0
2457425.5 13.7632679666 0 12.2009176796 0
2457426.5 13.8752114874 0 12.3379353487 0
2457427.5 13.9359174963 0 12.4134188332 0
2457428.5 14.021221719 0 12.5105684707 0
2457429.5 14.0102632228 0 12.4965333558 0
2457430.5 13.9271775814 0 12.3994675955 0
2457431.5 13.9784254823 0 12.4544839086 0
2457432.5 13.9464393757 0 12.4165753314 0
2457433.5 13.9854665898 0 12.4609060045 0
2457434.5 14.0832236907 0 12.5756161893 0
2457435.5 14.1089290065 0 12.6089527643 0
2457436.5 15.3460943804 0 13.9886537469 0
2457437.5 15.2603613391 0 13.892010002 0
2457438.5 15.0933412852 0 13.7106709613 0
2457439.5 14.9728927267 0 13.5797398612 0
2457440.5 14.9048411825 0 13.5026384608 0
2457441.5 15.0971332158 0 13.7166363209 0
2457442.5 15.0778215043 0 13.695552877 0
2457443.5 14.8953423809 0 13.4957860582 0
2457444.5 14.7577102016 0 13.3454044212 0
2457445.5 14.2026556886 0 12.7239319492 0
2457446.5 14.3520728876 0 12.8899071781 0
2457447.5 14.2758314458 0 12.8032116335 0
2457448.5 14.3001377402 0 12.8298042215 0
2457449.5 14.5203277534 0 13.0784811395 0
2457450.5 14.6318900541 0 13.2026620359 0
2457451.5 14.6844002847 0 13.2621434954 0
2457452.5 14.8161330059 0 13.410407826 0
2457453.5 14.7004355644 0 13.2821099021 0
2457454.5 14.4045691087 0 12.9478148451 0
2457455.5 14.5148809846 0 13.0719877547 0
2457456.5 14.4021255859 0 12.9467062628 0
2457457.5 14.4451010814 0 12.992589777 0
2457458.5 14.3394233584 0 12.8770619222 0
2457459.5 14.8356726851 0 13.4297772193 0
2457460.5 14.779719163 0 13.3703842591 0
2457461.5 14.6295294706 0 13.2056700447 0
2457462.5 14.7106359888 0 13.29505769 0
2457463.5 13.7623153713 0 12.2174458233 0
2457464.5 13.7118384753 0 12.153139129 0
2457465.5 13.7067383601 0 12.1473802392 0
2457466.5 13.7297822022 0 12.1790018282 0
2457467.5 13.8182953323 0 12.2799611673 0
2457468.5 13.9052242423 0 12.3681410956 0
2457469.5 14.3025070133 0 12.8275240388 0
2457470.5 14.2848349673 0 12.8089693805 0
2457471.5 14.2235651385 0 12.7414332348 0
2457472.5 14.2220669668 0 12.7430941222 0
2457473.5 14.2505858425 0 12.7740155058 0
2457474.5 14.7487393509 0 13.3331101627 0
2457475.5 14.781644278 0 13.3683240774 0
2457476.5 14.733404438 0 13.31341174 0
2457477.5 14.8045523955 0 13.3957878481 0
2457478.5 14.8264634429 0 13.4184587392 0
2457479.5 14.7070099162 0 13.2845211 0
2457480.5 14.3258569548 0 12.8594868826 0
2457481.5 14.3385067115 0 12.8749781985 0
2457482.5 14.3127848308 0 12.8486285666 0
2457483.5 14.3369315569 0 12.8746357969 0
2457484.5 14.4122316734 0 12.9591317301 0
2457485.5 15.250159982 0 13.8896447232 0
2457486.5 15.1758623335 0 13.8061767505 0
2457487.5 15.3489793332 0 13.9955679851 0
2457488.5 15.4460077311 0 14.0993549933 0
2457489.5 14.74880396 0 13.3325880639 0
2457490.5 14.7892064717 0 13.3775970856 0
2457491.5 14.6652868805 0 13.2371698439 0
2457492.5 14.5520961122 0 13.1109301916 0
2457493.5 14.0370325797 0 12.5232106354 0
2457494.5 14.0949296234 0 12.5916754247 0
2457495.5 14.09865373 0 12.5926908344 0
2457496.5 14.0193139761 0 12.5050543395 0
2457497.5 13.9642759214 0 12.4362622228 0
2457498.5 14.1485397557 0 12.6503013306 0
2457499.5 14.2110590887 0 12.7205400509 0
2457500.5 14.2970420391 0 12.820806182 0
2457501.5 14.1840835294 0 12.6940573687 0
2457502.5 13.9265973065 0 12.3910117992 0
2457503.5 13.8159789761 0 12.2846594544 0
2457504.5 13.8303710066 0 12.2993016363 0
2457505.5 13.8480255459 0 12.3237776777 0
2457506.5 13.878938805 0 12.3605692364 0
2457507.5 14.0659474577 0 12.5732132293 0
2457508.5 14.0646149068 0 12.5730062743 0
2457509.5 14.0112048263 0 12.5110984691 0
2457510.5 14.0079225771 0 12.5086057946 0
2457511.5 14.5182274102 0 13.0883955096 0
2457512.5 14.6282705323 0 13.2114077794 0
2457513.5 14.6971587389 0 13.2875080002 0
2457514.5 14.7245168055 0 13.3174774693 0
2457515.5 14.6933333626 0 13.2828712835 0
2457516.5 14.7157874067 0 13.3075475706 0
2457517.5 13.7299931882 0 12.18548548 0
2457518.5 13.6680478278 0 12.1118785941 0
2457519.5 13.6700484488 0 12.1122287381 0
2457520.5 13.5986341271 0 12.0250691351 0
2457521.5 13.6450926231 0 12.0801921209 0
2457522.5 14.4053417262 0 12.9591917227 0
2457523.5 14.4655835626 0 13.0276978171 0
2457524.5 14.5621355377 0 13.1338251365 0
2457525.5 14.6579980961 0 13.2392761563 0
2457526.5 14.6129734544 0 13.1916032391 0
2457527.5 14.9743105466 0 13.5913150856 0
2457528.5 15.0774212646 0 13.7022296954 0
2457529.5 15.0628687478 0 13.6867173019 0
2457530.5 15.0385981238 0 13.6619593902 0
2457531.5 15.1028952372 0 13.7333197784 0
2457532.5 14.2306524908 0 12.7611243152 0
2457533.5 14.2503484879 0 12.786451912 0
2457534.5 14.2681412682 0 12.8047649709 0
2457535.5 14.376194541 0 12.924171942 0
2457536.5 14.2403441786 0 12.7696522806 0
2457537.5 14.308437697 0 12.8496818057 0
2457538.5 14.1600331104 0 12.6844019694 0
2457539.5 14.3431682587 0 12.8837005951 0
2457540.5 14.3109592741 0 12.8467601713 0
2457541.5 13.8590492327 0 12.3275401677 0
2457542.5 13.8430787807 0 12.3034085277 0
2457543.5 13.903146267 0 12.3758319812 0
2457544.5 13.906192763 0 12.3750836619 0
2457545.5 14.5132799376 0 13.0718005875 0
2457546.5 14.3919917567 0 12.935729774 0
2457547.5 14.440905216 0 12.9873169559 0
2457548.5 14.3766628414 0 12.9166189685 0
2457549.5 14.4089169755 0 12.9516913944 0
2457550.5 14.0506809025 0 12.5397194562 0
2457551.5 14.100088466 0 12.5933699192 0
2457552.5 14.197411063 0 12.7060502096 0
2457553.5 14.1445450612 0 12.6445440474 0
2457554.5 14.2271509848 0 12.7378914123 0
2457555.5 14.2769867004 0 12.7983653865 0
2457556.5 14.2026822568 0 12.712771718 0
2457557.5 14.262837338 0 12.7835044654 0
2457558.5 14.2842743368 0 12.8115685753 0
2457559.5 14.239491818 0 12.7608770174 0
2457560.5 14.3752237363 0 12.9114228296 0
2457561.5 14.264491035 0 12.7887292342 0
2457562.5 14.2227682975 0 12.7408894319 0
2457563.5 14.1530761228 0 12.6649806892 0
2457564.5 13.8161906105 0 12.268909875 0
2457565.5 13.7373571551 0 12.1735633633 0
2457566.5 13.8259916462 0 12.2753413865 0
2457567.5 13.8687996537 0 12.3210543424 0
2457568.5 14.098645683 0 12.5909298672 0
2457569.5 14.1550716826 0 12.652360855 0
2457570.5 14.1008741345 0 12.5916085599 0
2457571.5 14.1172650863 0 12.6013452959 0
2457572.5 14.0851635205 0 12.5602816851 0
2457573.5 14.0370017208 0 12.507532742 0
2457574.5 14.5775923638 0 13.1292259689 0
2457575.5 14.623873405 0 13.1818619709 0
2457576.5 14.5974339434 0 13.1545814054 0
2457577.5 14.6031358794 0 13.158236453 0
2457578.5 14.5228511615 0 13.0655709933 0
2457579.5 14.335275097 0 12.8505054306 0
2457580.5 14.2903313051 0 12.8009645021 0
2457581.5 14.2935415718 0 12.8082608798 0
2457582.5 14.3192377089 0 12.8390467318 0
2457583.5 14.3019206317 0 12.8208155194 0
2457584.5 13.9093567734 0 12.3692628652 0
2457585.5 13.8628855642 0 12.3137360079 0
2457586.5 13.9329885107 0 12.4009145368 0
2457587.5 13.987610121 0 12.4690523087 0
2457588.5 13.9753581628 0 12.4587924409 0
2457589.5 13.8627461421 0 12.3301136309 0
2457590.5 14.3703832989 0 12.9105001904 0
2457591.5 14.2881512981 0 12.8152237973 0
2457592.5 14.3527779187 0 12.8882599812 0
2457593.5 14.3957478829 0 12.9340867652 0
2457594.5 15.0761028703 0 13.6938092117 0
2457595.5 14.9725803771 0 13.5814485423 0
2457596.5 14.9850239718 0 13.5935937019 0
2457597.5 15.1286780945 0 13.7499027225 0
2457598.5 14.9507525598 0 13.5556591561 0
2457599.5 14.136303952 0 12.6409301264 0
2457600.5 14.0227085756 0 12.5111448686 0
2457601.5 13.9109308943 0 12.3823280699 0
2457602.5 13.8566474063 0 12.3216179933 0
2457603.5 14.3945853634 0 12.9358215757 0
2457604.5 14.3367470535 0 12.8693555304 0
2457605.5 14.2838644396 0 12.8098922353 0
2457606.5 14.3120465191 0 12.8429615223 0
2457607.5 14.83302272 0 13.4165018351 0
2457608.5 14.8220814746 0 13.4020682306 0
2457609.5 14.9195545002 0 13.5130068469 0
2457610.5 14.9392364329 0 13.5359184789 0
2457611.5 14.8187833647 0 13.4002762032 0
2457612.5 14.6736276694 0 13.2381338817 0
2457613.5 14.7594678865 0 13.3324765688 0
2457614.5 14.7274971785 0 13.2952853325 0
2457615.5 14.6798511996 0 13.2417046926 0
2457616.5 14.7296432489 0 13.2997659064 0
2457617.5 14.8785808869 0 13.4625598587 0
2457618.5 14.4680067 0 13.0048237867 0
2457619.5 14.5682482629 0 13.1141169271 0
2457620.5 14.6849825488 0 13.2480590454 0
2457621.5 14.7585391405 0 13.3330844376 0
2457622.5 14.7871938344 0 13.3638799714 0
2457623.5 14.6820646242 0 13.2467938791 0
2457624.5 14.6004415914 0 13.1582535737 0
2457625.5 14.4925749399 0 13.0404287504 0
2457626.5 14.5701488065 0 13.1299090369 0
2457627.5 14.6078467926 0 13.1719137563 0
2457628.5 14.935145795 0 13.5375180172 0
2457629.5 14.9573258295 0 13.5616042621 0
2457630.5 14.9353779911 0 13.5390859884 0
2457631.5 14.8043646896 0 13.3968202789 0
2457632.5 14.8512949907 0 13.4468980056 0
2457633.5 14.8668235833 0 13.4657225363 0
2457634.5 13.8964982764 0 12.3636033285 0
2457635.5 14.0023575844 0 12.4855616781 0
2457636.5 14.0970010904 0 12.5956345129 0
2457637.5 13.9925712586 0 12.4764173807 0
2457638.5 13.9335957946 0 12.4032588879 0
2457639.5 13.9882944998 0 12.4635002146 0
2457640.5 13.9530241423 0 12.4194073132 0
2457641.5 13.8647973762 0 12.3203695136 0
2457642.5 13.8626059761 0 12.3205959012 0
2457643.5 13.9160173978 0 12.3796202045 0
2457644.5 15.2647031067 0 13.8963917956 0
2457645.5 15.345947146 0 13.9835171398 0
2457646.5 15.4090786105 0 14.0547055234 0
2457647.5 15.440469968 0 14.0892596012 0
2457648.5 14.4067666414 0 12.9430090735 0
2457649.5 14.5047792909 0 13.0508663009 0
2457650.5 14.4714884098 0 13.0118149637 0
2457651.5 14.5549467209 0 13.1085295283 0
2457652.5 14.5028832355 0 13.0508605303 0
2457653.5 14.1647119213 0 12.6680759922 0
2457654.5 14.1288294292 0 12.6285281225 0
2457655.5 14.1172178966 0 12.616764424 0
2457656.5 14.032331581 0 12.5148930979 0
2457657.5 15.2765352014 0 13.9097401457 0
2457658.5 15.2190016179 0 13.8473125481 0
2457659.5 15.3192176493 0 13.9579595341 0
2457660.5 15.166150184 0 13.791480764 0
2457661.5 14.2076253391 0 12.7215999965 0
2457662.5 14.2260661622 0 12.743668247 0
2457663.5 14.2550409558 0 12.7799833984 0
2457664.5 14.1481497805 0 12.6614521539 0
2457665.5 14.2412414704 0 12.7669932528 0
2457666.5 14.4696002652 0 13.0276914622 0
2457667.5 14.4353259368 0 12.9917121817 0
2457668.5 14.4130597183 0 12.9635696761 0
2457669.5 14.3404904071 0 12.881430376 0
2457670.5 14.3435679562 0 12.8874922368 0
2457671.5 14.469817448 0 13.0295734136 0
2457672.5 13.8820075975 0 12.3557092508 0
2457673.5 13.9346001435 0 12.4162074041 0
2457674.5 13.8944828064 0 12.3721852877 0
2457675.5 13.935345972 0 12.4173226275 0
2457676.5 13.9956824985 0 12.4840863008 0
2457677.5 13.9347670148 0 12.4094601008 0
2457678.5 13.7426607897 0 12.1854424089 0
2457679.5 13.8166286057 0 12.2739765576 0
2457680.5 13.8503563835 0 12.31764736 0
2457681.5 13.9307107696 0 12.4094251409 0
2457682.5 13.8738583559 0 12.3382346498 0
2457683.5 15.1048071415 0 13.7249240296 0
2457684.5 15.2264366329 0 13.856091883 0
2457685.5 15.2801584921 0 13.9153606886 0
2457686.5 15.3476965843 0 13.9876460177 0
2457687.5 15.3664875139 0 14.0069581482 0
2457688.5 15.2504896307 0 13.8773115234 0
2457689.5 14.8024323897 0 13.3792041594 0
2457690.5 14.923787092 0 13.5148477468 0
2457691.5 14.8990510042 0 13.4847057539 0
2457692.5 14.9306120809 0 13.5173538852 0
2457693.5 14.9082531398 0 13.4916112203 0
2457694.5 14.7535152711 0 13.3187677845 0
2457695.5 14.8722924256 0 13.4529360691 0
2457696.5 14.7767397543 0 13.3444045967 0
2457697.5 14.8512523871 0 13.4260909655 0
2457698.5 14.9619349775 0 13.5497989614 0
2457699.5 15.0936965421 0 13.6935963396 0
2457700.5 14.4538398008 0 12.9802127416 0
2457701.5 14.4135037092 0 12.9312787655 0
2457702.5 14.4147386042 0 12.9341772945 0
2457703.5 14.4391743977 0 12.9589854085 0
2457704.5 14.4184371228 0 12.936867301 0
2457705.5 14.5894361915 0 13.1274107449 0
2457706.5 14.5599825056 0 13.0931404612 0
2457707.5 14.5235125077 0 13.0520159797 0
2457708.5 14.6823879109 0 13.2281495702 0
2457709.5 14.7596044827 0 13.3124340502 0
2457710.5 14.8923481953 0 13.4606449921 0
2457711.5 14.3506456898 0 12.8443378286 0
2457712.5 14.3004449462 0 12.7810834727 0
2457713.5 14.233015617 0 12.6966341391 0
2457714.5 14.2720575688 0 12.7382016721 0
2457715.5 14.3291372886 0 12.8056405191 0
2457716.5 14.4150768471 0 12.9018054412 0
2457717.5 14.5156660614 0 13.0144221041 0
2457718.5 14.4614447978 0 12.9469502406 0
2457719.5 14.4229698898 0 12.9047340527 0
2457720.5 14.4244398702 0 12.9103618621 0
2457721.5 14.5575006978 0 13.0599206899 0
2457722.5 14.432509029 0 12.9199228453 0
2457723.5 14.6776253349 0 13.2009031297 0
2457724.5 14.6631734409 0 13.1878701205 0
2457725.5 14.7910589268 0 13.3318076052 0
2457726.5 14.8781615563 0 13.4325670619 0
2457727.5 15.5507934495 0 14.180031145 0
2457728.5 15.6591605588 0 14.3002728089 0
2457729.5 15.794652207 0 14.446147534 0
2457730.5 15.8357291178 0 14.4912727851 0
2457731.5 15.7203727268 0 14.3641271726 0
2457732.5 14.2605364956 0 12.7254155185 0
2457733.5 14.1895496316 0 12.6425162442 0
2457734.5 14.0854099256 0 12.5222470602 0
2457735.5 14.1490781218 0 12.5972025591 0
2457736.5 15.1323690126 0 13.7209031227 0
2457737.5 15.2491880257 0 13.847522492 0
2457738.5 15.2298664868 0 13.8289193484 0
2457739.5 15.1783946959 0 13.7744328903 0
2457740.5 15.2414179108 0 13.847660724 0
2457741.5 15.3367846829 0 13.950851907 0
2457742.5 15.4932643861 0 14.1226412609 0
2457743.5 15.6316641432 0 14.2719764944 0
2457744.5 15.1113675373 0 13.6942005095 0
2457745.5 15.0936870734 0 13.66891703 0
2457746.5 15.2053522428 0 13.796330723 0
2457747.5 15.2648660533 0 13.8654585618 0
2457748.5 15.2804776964 0 13.8829544547 0
2457749.5 14.9056331954 0 13.4654184283 0
2457750.5 14.8667150631 0 13.4232760167 0
2457751.5 14.9353033147 0 13.4974238218 0
2457752.5 14.8588241511 0 13.4130239158 0
2457753.5 14.9063630352 0 13.4691025157 0
2457754.5 14.4975968863 0 13.003006473 0
2457755.5 14.5456153436 0 13.056394518 0
2457756.5 14.4477197594 0 12.9465221279 0
2457757.5 14.4309689464 0 12.9226027199 0
2457758.5 14.4552253243 0 12.954847528 0
2457759.5 14.2223984774 0 12.6871609896 0
2457760.5 14.2764105921 0 12.7465308984 0
2457761.5 14.1748522749 0 12.6287849331 0
2457762.5 14.2422173005 0 12.7130818832 0
2457763.5 15.5618213215 0 14.1961918859 0
2457764.5 15.4910003082 0 14.1195538383 0
2457765.5 15.4298565136 0 14.0546073394 0
2457766.5 15.5555967598 0 14.19501132 0
2457767.5 14.9473732091 0 13.5212602417 0
2457768.5 14.9467041815 0 13.5222552458 0
2457769.5 15.0706030521 0 13.6574083485 0
2457770.5 15.0793606289 0 13.6651398377 0
2457771.5 15.1272523042 0 13.7198430306 0
2457772.5 14.5830628335 0 13.1135079074 0
2457773.5 14.7078242503 0 13.2521718216 0
2457774.5 14.6658621739 0 13.2009629702 0
2457775.5 14.6721953488 0 13.2074571107 0
2457776.5 14.3509758873 0 12.8429816246 0
2457777.5 14.4766850628 0 12.9845358148 0
2457778.5 14.4912693872 0 12.9983222404 0
2457779.5 14.4866709971 0 12.9933435682 0
2457780.5 14.4535864064 0 12.953965267 0
2457781.5 14.4354718156 0 12.9452003529 0
2457782.5 15.5993089693 0 14.2426701416 0
2457783.5 15.4702916852 0 14.1024167789 0
2457784.5 15.5177788442 0 14.1519355298 0
2457785.5 15.438361852 0 14.0631699081 0
2457786.5 15.4818269278 0 14.1139878759 0
2457787.5 15.3716704861 0 13.9902054339 0
2457788.5 14.1184710448 0 12.571047383 0
2457789.5 14.1613943656 0 12.6249185509 0
2457790.5 14.1814463293 0 12.6476554374 0
2457791.5 14.2265682306 0 12.6958351737 0
2457792.5 14.1707729243 0 12.6344092693 0
2457793.5 14.1796031751 0 12.6389482949 0
2457794.5 14.6834418939 0 13.2205462302 0
2457795.5 14.8397867262 0 13.3937143044 0
2457796.5 14.9089507973 0 13.4718199951 0
2457797.5 14.8071755106 0 13.3600936907 0
2457798.5 14.8033849742 0 13.3548820283 0
2457799.5 14.5341407197 0 13.0464411673 0
2457800.5 14.4200409774 0 12.920250253 0
2457801.5 14.2904380482 0 12.7737574309 0
2457802.5 14.2319629197 0 12.7025553022 0
2457803.5 14.2366162015 0 12.711787385 0
2457804.5 14.2138482454 0 12.6845382419 0
2457805.5 14.1700538244 0 12.6323262082 0
2457806.5 14.1675346663 0 12.6278237636 0
2457807.5 14.262944716 0 12.7374365247 0
2457808.5 14.2286012374 0 12.6997930853 0
2457809.5 15.1355733392 0 13.7310190432 0
2457810.5 15.2969831587 0 13.9072732626 0
2457811.5 15.4456187791 0 14.071687871 0
2457812.5 15.5412499336 0 14.1784461041 0
2457813.5 14.3329266939 0 12.8283853779 0
2457814.5 14.4502387563 0 12.9595209123 0
2457815.5 14.4584782918 0 12.9728190114 0
2457816.5 14.4008217843 0 12.9045557964 0
2457817.5 14.4493236859 0 12.9617057714 0
2457818.5 14.9151676284 0 13.4858556831 0
2457819.5 15.0510491724 0 13.6364891054 0
2457820.5 15.0767794632 0 13.6640224014 0
2457821.5 15.1206521792 0 13.7150646039 0
2457822.5 14.7126339612 0 13.2618318044 0
2457823.5 14.7650291255 0 13.3239940624 0
2457824.5 14.6609369783 0 13.20590944 0
2457825.5 14.7530429595 0 13.3103356462 0
2457826.5 14.8481855366 0 13.4175448087 0
2457827.5 14.9467393288 0 13.5246039082 0
2457828.5 14.7774029079 0 13.3323386767 0
2457829.5 14.8944120291 0 13.4640608896 0
2457830.5 14.9204975754 0 13.4938394003 0
2457831.5 14.8869977758 0 13.455527207 0
2457832.5 14.3636128899 0 12.8632709165 0
2457833.5 14.3865681666 0 12.8888903191 0
2457834.5 14.2741164441 0 12.759752806 0
2457835.5 14.2987629334 0 12.7854323875 0
2457836.5 14.2763420149 0 12.7636240639 0
2457837.5 14.5538425805 0 13.0775431586 0
2457838.5 14.5930402805 0 13.1243953155 0
2457839.5 14.5773422197 0 13.1065630772 0
2457840.5 14.4611916055 0 12.9743961838 0
2457841.5 14.4542429903 0 12.970842847 0
2457842.5 14.5610443568 0 13.0929856047 0
2457843.5 14.7463283027 0 13.3022512309 0
2457844.5 14.7899157586 0 13.3521758204 0
2457845.5 14.7584991562 0 13.3164926584 0
2457846.5 14.7325112905 0 13.2910562288 0
2457847.5 15.3660787192 0 13.9929430892 0
2457848.5 15.2700314805 0 13.8841686172 0
2457849.5 15.3648189205 0 13.9905430322 0
2457850.5 15.3353111523 0 13.9582510649 0
2457851.5 15.3870566936 0 14.0098374339 0
2457852.5 14.3496640501 0 12.8499043252 0
2457853.5 14.4228180244 0 12.9370361655 0
2457854.5 14.4243242175 0 12.941802629 0
2457855.5 14.4801463276 0 13.0073758843 0
2457856.5 14.0567147892 0 12.5210838385 0
2457857.5 14.1355485482 0 12.6106808325 0
2457858.5 14.1349620276 0 12.612439713 0
2457859.5 14.1899789664 0 12.6726309861 0
2457860.5 14.2533284356 0 12.7435452723 0
2457861.5 14.1720828895 0 12.6480413647 0
2457862.5 14.1936770308 0 12.6726013291 0
2457863.5 14.2387720649 0 12.7270542059 0
2457864.5 14.9972619714 0 13.581208395 0
2457865.5 15.0931703252 0 13.6847229376 0
2457866.5 15.0198036537 0 13.6059965273 0
2457867.5 14.9938742181 0 13.5766899026 0
2457868.5 14.9093402432 0 13.4801728054 0
2457869.5 15.3287486229 0 13.9475755275 0
2457870.5 15.2559511005 0 13.8682240971 0
2457871.5 15.2586997504 0 13.8681192048 0
2457872.5 15.1517943179 0 13.7520419281 0
2457873.5 14.9199659232 0 13.4954028021 0
2457874.5 15.0009341349 0 13.5863326601 0
2457875.5 14.9069269308 0 13.4821390881 0
2457876.5 14.7990525761 0 13.363746212 0
2457877.5 14.8387370999 0 13.4064783325 0
2457878.5 14.2483982666 0 12.7404807083 0
2457879.5 14.1834369353 0 12.6630304571 0
2457880.5 14.1463879675 0 12.6204643693 0
2457881.5 14.2443875736 0 12.7353863569 0
2457882.5 14.7772914698 0 13.3375171918 0
2457883.5 14.9001408122 0 13.4714405887 0
2457884.5 14.8966140335 0 13.4646626226 0
2457885.5 14.8225682047 0 13.3817352855 0
2457886.5 14.8590548872 0 13.4232282436 0
2457887.5 15.4512658506 0 14.0798427721 0
2457888.5 15.4455122344 0 14.075131921 0
2457889.5 15.2939880921 0 13.9063929947 0
2457890.5 15.3302268074 0 13.943162318 0
2457891.5 15.3945299204 0 14.0146963588 0
2457892.5 14.1195311585 0 12.5685681072 0
2457893.5 14.1000330118 0 12.5466865322 0
2457894.5 14.1469920775 0 12.6044708238 0
2457895.5 14.1612895544 0 12.6211602053 0
2457896.5 14.2117712036 0 12.6828348428 0
2457897.5 14.1307330977 0 12.5882910514 0
2457898.5 14.2362389487 0 12.7100379621 0
2457899.5 14.3578293598 0 12.8475205715 0
2457900.5 14.3966574937 0 12.8950604846 0
2457901.5 14.4531618082 0 12.9576879366 0
2457902.5 14.2840368022 0 12.7639641956 0
2457903.5 14.3839702245 0 12.8809940188 0
2457904.5 14.3072192527 0 12.7928221196 0
2457905.5 14.3992273201 0 12.895590683 0
2457906.5 14.432477485 0 12.930774929 0
2457907.5 15.4443857272 0 14.0653922972 0
2457908.5 15.5738984108 0 14.2105226853 0
2457909.5 15.7464494232 0 14.3984010197 0
2457910.5 15.780933501 0 14.4388816632 0
2457911.5 14.8306950113 0 13.3910061281 0
2457912.5 14.7145613231 0 13.2614028554 0
2457913.5 14.7362117648 0 13.2846854815 0
2457914.5 14.7496769916 0 13.299620088 0
2457915.5 14.8394326799 0 13.4003777147 0
2457916.5 14.1619822978 0 12.6236509797 0
2457917.5 14.1944646887 0 12.6677253262 0
2457918.5 14.1828551762 0 12.6541458301 0
2457919.5 14.2083849545 0 12.68600203 0
2457920.5 14.1231853324 0 12.5878235986 0
2457921.5 14.9083259786 0 13.4840361062 0
2457922.5 14.8350793066 0 13.4012399498 0
2457923.5 14.7116861309 0 13.2645715256 0
2457924.5 14.5374123991 0 13.0790645274 0
2457925.5 14.5112111673 0 13.0461396647 0
2457926.5 14.5783887941 0 13.1229827534 0
2457927.5 14.5224237753 0 13.0581849479 0
2457928.5 14.6034515658 0 13.1488879928 0
2457929.5 14.5150851889 0 13.0504617131 0
2457930.5 14.645104001 0 13.1934308218 0
2457931.5 15.2375727278 0 13.8512307971 0
2457932.5 15.1640756005 0 13.768354607 0
2457933.5 15.200860001 0 13.8089941577 0
2457934.5 15.293873801 0 13.9136044845 0
2457935.5 15.2336923708 0 13.8486653132 0
2457936.5 14.3138069613 0 12.813972609 0
2457937.5 14.3187164244 0 12.8226741041 0
2457938.5 14.2784174173 0 12.7743017375 0
2457939.5 14.2715123764 0 12.7684769624 0
2457940.5 14.1151310833 0 12.5833429796 0
2457941.5 14.226144412 0 12.7090834823 0
2457942.5 14.1473445065 0 12.6148567106 0
2457943.5 14.1419459012 0 12.6034958167 0
2457944.5 14.2326712094 0 12.7100159607 0
2457945.5 14.4238285202 0 12.9274561027 0
2457946.5 14.5381749174 0 13.057499991 0
2457947.5 14.4134581633 0 12.9162599959 0
2457948.5 14.3940719871 0 12.895269064 0
2457949.5 14.4015548236 0 12.9040872054 0
2457950.5 14.6063784799 0 13.1414468736 0
2457951.5 14.6067230753 0 13.1387584415 0
2457952.5 14.6934496062 0 13.2334011649 0
2457953.5 14.6442923257 0 13.1751170575 0
2457954.5 14.6257424123 0 13.1603662648 0
2457955.5 14.5923143282 0 13.1187261141 0
2457956.5 14.6490764091 0 13.1852243887 0
2457957.5 14.6176502281 0 13.1517556044 0
2457958.5 14.5924224815 0 13.1221561245 0
2457959.5 14.6362996409 0 13.1744954847 0
2457960.5 14.5327701277 0 13.0600667183 0
2457961.5 15.4124711822 0 14.0434478735 0
2457962.5 15.4427643472 0 14.0745734345 0
2457963.5 15.4123503805 0 14.0413058263 0
2457964.5 15.4837752277 0 14.1229026135 0
2457965.5 14.5459726262 0 13.0808814574 0
2457966.5 14.6231050638 0 13.1702558574 0
2457967.5 14.6661359642 0 13.2180096873 0
2457968.5 14.6401635191 0 13.1870870495 0
2457969.5 14.224989867 0 12.7087635348 0
2457970.5 14.2366457638 0 12.7194513704 0
2457971.5 14.3105155902 0 12.805702962 0
2457972.5 14.1933360964 0 12.6724413482 0
2457973.5 14.4682468498 0 12.9859262593 0
2457974.5 14.4388065494 0 12.9507676201 0
2457975.5 14.5317426125 0 13.0523568592 0
2457976.5 14.6402874592 0 13.1745324659 0
2457977.5 14.6549114841 0 13.193322252 0
2457978.5 15.1334629994 0 13.7298462351 0
2457979.5 15.1600208194 0 13.757130037 0
2457980.5 15.1385628719 0 13.7340516853 0
2457981.5 15.2343375284 0 13.8414046013 0
2457982.5 14.888661378 0 13.474167662 0
2457983.5 14.7702832834 0 13.3401421041 0
2457984.5 14.8672625765 0 13.4462541234 0
2457985.5 14.8451084967 0 13.4249478722 0
2457986.5 14.7917739066 0 13.3646241285 0
2457987.5 14.8057891642 0 13.3808221686 0
2457988.5 14.268792728 0 12.7767900147 0
2457989.5 14.3327487422 0 12.8475764977 0
2457990.5 14.4666479608 0 12.9968810083 0
2457991.5 14.3237798068 0 12.8384424449 0
2457992.5 14.3609167446 0 12.8806996654 0
2457993.5 14.0656645613 0 12.5396455805 0
2457994.5 14.0210158984 0 12.4857791928 0
2457995.5 13.9775753787 0 12.4296184611 0
2457996.5 14.0031943753 0 12.4555630875 0
2457997.5 14.0164656536 0 12.4762622802 0
2457998.5 13.9679082074 0 12.4209487255 0
2457999.5 14.0121310744 0 12.4749607347 0
2458000.5 14.0005847316 0 12.4554421995 0
2458001.5 13.9202796512 0 12.3579445622 0
2458002.5 14.3390488099 0 12.8466972645 0
2458003.5 14.4005735888 0 12.9179802546 0
2458004.5 14.520023468 0 13.0505175964 0
2458005.5 14.5409742226 0 13.0732253776 0
2458006.5 14.8897692482 0 13.4624995234 0
2458007.5 14.8680555193 0 13.4365807202 0
2458008.5 14.9171898266 0 13.4911471967 0
2458009.5 14.7956121935 0 13.3532552547 0
2458010.5 14.2635969213 0 12.7475004779 0
2458011.5 14.2239842323 0 12.7030895297 0
2458012.5 14.1753774339 0 12.6421012124 0
2458013.5 14.2380640909 0 12.6945969119 0
2458014.5 14.2049439772 0 12.6569316773 0
2458015.5 14.1173782536 0 12.5564503533 0
2458016.5 15.5102952663 0 14.1338285618 0
2458017.5 15.5462666124 0 14.1732448567 0
2458018.5 15.4762271375 0 14.0960009855 0
2458019.5 15.6401448976 0 14.2747024695 0
2458020.5 15.6592390643 0 14.2930772042 0
2458021.5 15.6515866184 0 14.287562477 0
2458022.5 14.2943433565 0 12.7553961329 0
2458023.5 14.3915484152 0 12.8695819665 0
2458024.5 14.4557954197 0 12.9422500957 0
2458025.5 14.4906627037 0 12.9774630304 0
2458026.5 15.4369603356 0 14.0448812595 0
2458027.5 15.4976743593 0 14.1133874538 0
2458028.5 15.5137462487 0 14.1335391477 0
2458029.5 15.4088436281 0 14.0189712723 0
2458030.5 15.2648248987 0 13.8588116194 0
2458031.5 15.3192893281 0 13.9165135926 0
2458032.5 14.43936096 0 12.9209704816 0
2458033.5 14.4013033329 0 12.8739088773 0
2458034.5 14.4634704768 0 12.9502401957 0
2458035.5 14.5747676167 0 13.075061135 0
2458036.5 14.6719449069 0 13.1841652888 0
2458037.5 14.7135025602 0 13.2362316877 0
2458038.5 14.3344066426 0 12.7959916328 0
2458039.5 14.2842018916 0 12.7328169704 0
2458040.5 14.3130621876 0 12.7698034435 0
2458041.5 14.3109022928 0 12.7640482413 0
2458042.5 14.2309524126 0 12.6698754593 0
2458043.5 14.7365907697 0 13.264006745 0
2458044.5 14.6933931201 0 13.2164147761 0
2458045.5 14.6695213366 0 13.1893512979 0
2458046.5 14.6988967011 0 13.2197881212 0
2458047.5 15.4595530741 0 14.0720365423 0
2458048.5 15.5789930904 0 14.2067444112 0
2458049.5 15.5985167438 0 14.2266869933 0
2458050.5 15.509675968 0 14.1261292039 0
2458051.5 15.1563372965 0 13.736225962 0
2458052.5 15.2016220165 0 13.7842189223 0
2458053.5 15.2853486471 0 13.8772181022 0
2458054.5 15.1724746915 0 13.7493854788 0
2458055.5 15.0798397598 0 13.6494304113 0
2458056.5 14.7912120971 0 13.3254231124 0
2458057.5 14.8297933546 0 13.3676222842 0
2458058.5 14.8660296199 0 13.4093383155 0
2458059.5 14.8792296152 0 13.4220503373 0
2458060.5 14.9429911867 0 13.4943482561 0
2458061.5 14.762503151 0 13.2920044898 0
2458062.5 14.8210138298 0 13.359540245 0
2458063.5 14.7961825843 0 13.3354260402 0
2458064.5 14.8119239212 0 13.3491098284 0
2458065.5 15.5266494185 0 14.1479585606 0
2458066.5 15.3905765899 0 13.9964671966 0
2458067.5 15.4816204974 0 14.0974667345 0
2458068.5 15.4775911303 0 14.0946739742 0
2458069.5 15.6234129804 0 14.2546107964 0
2458070.5 15.7372274351 0 14.3785742065 0
2458071.5 15.0303724396 0 13.593086368 0
2458072.5 15.0284656175 0 13.594126851 0
2458073.5 14.9975760873 0 13.55811437 0
2458074.5 14.9900031048 0 13.5513773474 0
2458075.5 15.0467882066 0 13.6143563138 0
2458076.5 15.0082485395 0 13.5739292991 0
2458077.5 15.3530777504 0 13.9555197353 0
2458078.5 15.2702935454 0 13.8623009492 0
2458079.5 15.2446502337 0 13.8309778864 0
2458080.5 15.2311193284 0 13.8152283716 0
2458081.5 15.1941265659 0 13.7705536087 0
2458082.5 15.3410754942 0 13.9304634327 0
2458083.5 15.4163465017 0 14.0149715392 0
2458084.5 15.2582815135 0 13.8423323886 0
2458085.5 15.2644580399 0 13.8465039489 0
2458086.5 14.4058177464 0 12.8741937326 0
2458087.5 14.4872930576 0 12.9678801493 0
2458088.5 14.3625687574 0 12.833540355 0
2458089.5 14.4406580652 0 12.9248377745 0
2458090.5 14.6755054799 0 13.1969811475 0
2458091.5 14.5387058043 0 13.0439727111 0
2458092.5 14.4601682002 0 12.9495214828 0
2458093.5 14.4124300938 0 12.8987282573 0
2458094.5 14.4332663617 0 12.9255673202 0
2458095.5 14.5170646259 0 13.0254750106 0
2458096.5 14.5803271039 0 13.096080736 0
2458097.5 14.6733543946 0 13.2009727024 0
2458098.5 14.8092046185 0 13.3523341084 0
2458099.5 14.1874486499 0 12.6313339618 0
2458100.5 14.1424435507 0 12.5800813331 0
2458101.5 14.076207562 0 12.5011185586 0
2458102.5 14.1064479543 0 12.5457183253 0
2458103.5 14.091391266 0 12.532677408 0
2458104.5 14.0881076711 0 12.5316771156 0
2458105.5 14.1238338305 0 12.5727032296 0
2458106.5 14.0589180586 0 12.4995592806 0
2458107.5 14.1106051806 0 12.5602062823 0
2458108.5 14.1728078963 0 12.6381299894 0
2458109.5 15.52780356 0 14.1642637984 0
2458110.5 15.4864917054 0 14.1166407114 0
2458111.5 15.5449911661 0 14.1832557737 0
2458112.5 15.4180799824 0 14.0410404996 0
2458113.5 15.2863809551 0 13.8963167544 0
2458114.5 15.3739127076 0 13.9931359244 0
2458115.5 14.6776180736 0 13.2192215187 0
2458116.5 14.5734796689 0 13.1030541748 0
2458117.5 14.5938496215 0 13.1297145233 0
2458118.5 14.5012586188 0 13.0260875254 0
2458119.5 14.4687266432 0 12.987443162 0
2458120.5 14.5394976488 0 13.0679590286 0
2458121.5 13.9966554879 0 12.4389715917 0
2458122.5 14.0237352578 0 12.473383138 0
2458123.5 14.0096106474 0 12.4550566982 0
2458124.5 13.9359659858 0 12.3667390711 0
2458125.5 13.9833145126 0 12.4211153049 0
2458126.5 14.8518726712 0 13.4222440275 0
2458127.5 14.9639653948 0 13.5475222907 0
2458128.5 14.8553585278 0 13.4275814161 0
2458129.5 14.9159099366 0 13.4966448692 0
2458130.5 14.8512675349 0 13.4237548798 0
2458131.5 14.8234971001 0 13.3896608514 0
2458132.5 14.0208484501 0 12.466855443 0
2458133.5 13.9664244987 0 12.3953049149 0
2458134.5 13.9026838049 0 12.3148770807 0
2458135.5 13.8796848779 0 12.281018463 0
2458136.5 13.882544346 0 12.2790705385 0
2458137.5 14.0917190435 0 12.5331455491 0
2458138.5 14.0995582123 0 12.5420013759 0
2458139.5 14.1116178771 0 12.5511077812 0
2458140.5 14.1424829782 0 12.595038502 0
2458141.5 14.0660926085 0 12.5037343987 0
2458142.5 14.063578182 0 12.5064494991 0
2458143.5 14.2642814972 0 12.7394645806 0
2458144.5 14.2526272732 0 12.7246023089 0
2458145.5 14.1675134835 0 12.6259384783 0
2458146.5 14.166378287 0 12.6262834644 0
2458147.5 14.0755285004 0 12.5221497635 0
2458148.5 14.0792046733 0 12.5298461197 0
2458149.5 14.6911205592 0 13.2386148283 0
2458150.5 14.5888360519 0 13.1213980518 0
2458151.5 14.5080387754 0 13.0253353224 0
2458152.5 14.4872727453 0 13.0042241842 0
2458153.5 14.4373195885 0 12.9488319723 0
2458154.5 13.9972132286 0 12.4385570088 0
2458155.5 14.0790810037 0 12.5330079845 0
2458156.5 14.2159023739 0 12.6748344847 0
2458157.5 14.227042294 0 12.6837198345 0
2458158.5 14.2909414073 0 12.7623451978 0
2458159.5 15.2495199754 0 13.8497107266 0
2458160.5 15.3039286249 0 13.908632156 0
2458161.5 15.4790273889 0 14.0999078948 0
2458162.5 15.5060791854 0 14.1274359452 0
2458163.5 15.1915049611 0 13.778982125 0
2458164.5 15.3379284576 0 13.9404743656 0
2458165.5 15.2266087848 0 13.8198119295 0
2458166.5 15.2186795316 0 13.8090902275 0
2458167.5 15.3355158089 0 13.93954061 0
2458168.5 15.2730364876 0 13.8684875209 0
2458169.5 14.6945922395 0 13.2212797622 0
2458170.5 14.6398377568 0 13.1626041946 0
2458171.5 14.59404981 0 13.1121996803 0
2458172.5 14.5608465391 0 13.0707335419 0
2458173.5 14.6557050469 0 13.1796351991 0
2458174.5 14.7656825377 0 13.303383614 0
2458175.5 14.7161041751 0 13.2444968376 0
2458176.5 14.6661878564 0 13.1916820729 0
2458177.5 14.6710094717 0 13.1944279915 0
2458178.5 14.7504368331 0 13.2805702451 0
2458179.5 15.2355684314 0 13.8221243778 0
2458180.5 15.4183656537 0 14.0218513225 0
2458181.5 15.4918947492 0 14.1065151802 0
2458182.5 15.4047447711 0 14.0099674214 0
2458183.5 14.357854 0 12.819823426 0
2458184.5 14.3654021449 0 12.8286257643 0
2458185.5 14.3160183304 0 12.7651307552 0
2458186.5 14.3474557727 0 12.8047339198 0
2458187.5 14.3587317975 0 12.8201533427 0
2458188.5 15.1108922095 0 13.677823896 0
2458189.5 15.176736036 0 13.7505723818 0
2458190.5 15.1144009647 0 13.6795983679 0
2458191.5 15.0172851999 0 13.5681052391 0
2458192.5 15.0842079406 0 13.6273900236 0
2458193.5 15.1330717863 0 13.6806639938 0
2458194.5 14.454147761 0 12.8965661241 0
2458195.5 14.4646196657 0 12.9134744672 0
2458196.5 14.4025300574 0 12.8373055354 0
2458197.5 14.3155714187 0 12.7337272453 0
2458198.5 14.3441843955 0 12.7656984881 0
2458199.5 14.300468888 0 12.7182415147 0
2458200.5 15.6654527984 0 14.2824702635 0
2458201.5 15.5784332316 0 14.1866311583 0
2458202.5 15.5353784657 0 14.1414588198 0
2458203.5 15.6683551108 0 14.2902183608 0
2458204.5 15.0615608867 0 13.6141175627 0
2458205.5 15.0268977583 0 13.5774221543 0
2458206.5 14.9353432097 0 13.4707806631 0
2458207.5 15.024080594 0 13.5686939986 0
2458208.5 15.0605937957 0 13.6111777785 0
2458209.5 15.0595408533 0 13.609503451 0
2458210.5 14.9996059493 0 13.5380133079 0
2458211.5 15.0006581556 0 13.5429917335 0
2458212.5 15.0502160176 0 13.6021050283 0
2458213.5 14.3291314356 0 12.7697828418 0
2458214.5 14.3400711477 0 12.7782652962 0
2458215.5 14.3093298704 0 12.7356516563 0
2458216.5 14.2740880691 0 12.6914957654 0
2458217.5 14.2330429386 0 12.6378847659 0
2458218.5 15.2284328369 0 13.7928681861 0
2458219.5 15.1562941635 0 13.7082570923 0
2458220.5 15.1961380661 0 13.7550684056 0
2458221.5 15.1369392817 0 13.6915466901 0
2458222.5 15.4528246874 0 14.0407671596 0
2458223.5 15.5718051835 0 14.1709763006 0
2458224.5 15.4694100064 0 14.0611130047 0
2458225.5 15.5354213108 0 14.124053313 0
2458226.5 15.6699793173 0 14.2745404878 0
2458227.5 15.5611011179 0 14.1511055854 0
2458228.5 15.6506776325 0 14.2478800296 0
2458229.5 15.6321712879 0 14.2296741774 0
2458230.5 15.5725558889 0 14.1623843016 0
2458231.5 15.4685651504 0 14.0449767658 0
2458232.5 15.5447874346 0 14.1313929509 0
2458233.5 15.602254486 0 14.1961043733 0
2458234.5 14.6198213779 0 13.0848959883 0
2458235.5 14.5680425642 0 13.0287069433 0
2458236.5 14.6845399346 0 13.16058191 0
2458237.5 14.6628996006 0 13.1320348602 0
2458238.5 14.9025767876 0 13.4132366479 0
2458239.5 14.9124147753 0 13.4277309309 0
2458240.5 14.8637613373 0 13.3769740123 0
2458241.5 14.8630796699 0 13.3763727132 0
2458242.5 14.7660352113 0 13.269017702 0
2458243.5 14.8921633602 0 13.4103033636 0
2458244.5 15.5061968616 0 14.0973400218 0
2458245.5 15.5040182877 0 14.0963745589 0
2458246.5 15.3470399343 0 13.9251782336 0
2458247.5 15.2853883276 0 13.8555381573 0
2458248.5 15.2093043813 0 13.7700733003 0
2458249.5 15.1973614199 0 13.7569589774 0
2458250.5 14.4334532002 0 12.8814726482 0
2458251.5 14.4953292242 0 12.9597810526 0
2458252.5 14.4745462664 0 12.9300123522 0
2458253.5 14.4485557268 0 12.8945889459 0
2458254.5 14.7844333148 0 13.2852161451 0
2458255.5 14.7639698066 0 13.2590277648 0
2458256.5 14.7062500351 0 13.1930749263 0
2458257.5 14.7186785221 0 13.2031034529 0
2458258.5 14.6893085389 0 13.1734764714 0
2458259.5 14.555645221 0 13.0410847895 0
2458260.5 14.5174906035 0 12.9989139499 0
2458261.5 14.5830739264 0 13.0698980208 0
2458262.5 14.6037530227 0 13.0984447691 0
2458263.5 14.5552357258 0 13.0377073521 0
2458264.5 14.4845678384 0 12.9572343943 0
2458265.5 14.4360800705 0 12.902067836 0
2458266.5 14.9377477968 0 13.4783453423 0
2458267.5 14.9935805991 0 13.5373051738 0
2458268.5 15.0713501978 0 13.6268304834 0
2458269.5 15.0509419776 0 13.6028933069 0
2458270.5 15.4579915071 0 14.0552297761 0
2458271.5 15.4288046232 0 14.0234066139 0
2458272.5 15.3171036509 0 13.8957122928 0
2458273.5 15.4035585109 0 13.9925171692 0
2458274.5 15.4993921245 0 14.0951626844 0
2458275.5 14.968887706 0 13.5023804131 0
2458276.5 14.8874753477 0 13.4111199948 0
2458277.5 14.9709396359 0 13.5035875324 0
2458278.5 15.0160134503 0 13.5580971069 0
2458279.5 15.0220329746 0 13.5650602347 0
2458280.5 15.9014548685 0 14.5404073846 0
2458281.5 15.9668665442 0 14.6125744357 0
2458282.5 16.0830580473 0 14.7410636387 0
2458283.5 16.2701453505 0 14.94398269 0
2458284.5 16.0718695623 0 14.7299437666 0
2458285.5 14.4279683999 0 12.8771521219 0
2458286.5 14.3321029581 0 12.7664613396 0
2458287.5 14.3073764315 0 12.729712465 0
2458288.5 14.350652257 0 12.7883809731 0
2458289.5 14.3070598026 0 12.7289803557 0
2458290.5 15.34195197 0 13.9246401573 0
2458291.5 15.2324266058 0 13.799538732 0
2458292.5 15.3187831614 0 13.8939679582 0
2458293.5 15.2271703745 0 13.7941379435 0
2458294.5 15.1156651438 0 13.6717652018 0
2458295.5 14.5918214349 0 13.097093209 0
2458296.5 14.6288080253 0 13.1373151691 0
2458297.5 14.7171905817 0 13.2347116875 0
2458298.5 14.6856138907 0 13.1944479566 0
2458299.5 15.4869981043 0 14.0964803729 0
2458300.5 15.5409857865 0 14.1575570586 0
2458301.5 15.6878316593 0 14.3208565031 0
2458302.5 15.585656734 0 14.210107181 0
2458303.5 15.564955348 0 14.1847884126 0
2458304.5 14.9456131138 0 13.4991490797 0
2458305.5 14.907329608 0 13.4553832379 0
2458306.5 14.9730748839 0 13.5273849458 0
2458307.5 14.8456094295 0 13.3851250501 0
2458308.5 14.9057894772 0 13.4498460419 0
2458309.5 15.7012152063 0 14.3343466531 0
2458310.5 15.6633385965 0 14.2918815226 0
2458311.5 15.6946822136 0 14.3280708089 0
2458312.5 15.8641973551 0 14.5143338508 0
2458313.5 15.0213088095 0 13.5780362093 0
2458314.5 15.1952315916 0 13.7687426303 0
2458315.5 15.2683982731 0 13.8512059225 0
2458316.5 15.3284260753 0 13.9178207904 0
2458317.5 15.3177275982 0 13.9092700959 0
2458318.5 15.4323692738 0 14.0334779541 0
2458319.5 15.3225719512 0 13.9115032525 0
2458320.5 15.4322226347 0 14.0330875256 0
2458321.5 15.2920685174 0 13.8766855231 0
2458322.5 15.6867399712 0 14.314653312 0
2458323.5 15.5373487777 0 14.1500623461 0
2458324.5 15.6266751007 0 14.2508853317 0
2458325.5 15.5042145104 0 14.1167899125 0
2458326.5 15.5682078327 0 14.1863514422 0
2458327.5 14.3985432683 0 12.8744093774 0
2458328.5 14.281279479 0 12.7417652633 0
2458329.5 14.291190631 0 12.7476589534 0
2458330.5 14.22394545 0 12.6677091073 0
2458331.5 14.192302067 0 12.6239777137 0
2458332.5 15.7291266665 0 14.3665107969 0
2458333.5 15.6715027723 0 14.3040186767 0
2458334.5 15.5998840389 0 14.2219110592 0
2458335.5 15.7085917353 0 14.3399564561 0
2458336.5 15.668261075 0 14.2927154749 0
2458337.5 15.564378212 0 14.1779489934 0
2458338.5 15.0888580344 0 13.6459280359 0
2458339.5 15.2604706381 0 13.8342355326 0
2458340.5 15.2856028538 0 13.8635631212 0
2458341.5 15.3735318923 0 13.9630678548 0
2458342.5 15.484338876 0 14.0891141354 0
2458343.5 15.3918985833 0 13.9888509557 0
2458344.5 14.6746675462 0 13.1827306657 0
2458345.5 14.6574459603 0 13.1663098618 0
2458346.5 14.549211392 0 13.0448491239 0
2458347.5 14.6358003481 0 13.1442583183 0
2458348.5 14.5260054468 0 13.0196513868 0
2458349.5 14.5732026224 0 13.0701232232 0
2458350.5 14.9951727067 0 13.5478673919 0
2458351.5 14.9961968204 0 13.5526714259 0
2458352.5 15.0593031187 0 13.622292779 0
2458353.5 14.9651476178 0 13.5153455246 0
2458354.5 15.0144502537 0 13.5745591999 0
2458355.5 14.9148573956 0 13.4642960008 0
2458356.5 14.9101945175 0 13.460332048 0
2458357.5 14.851716383 0 13.3948489781 0
2458358.5 14.7410456763 0 13.2670531904 0
2458359.5 15.5647273792 0 14.1884184219 0
2458360.5 15.6264792322 0 14.2536881957 0
2458361.5 15.7166611743 0 14.3514423952 0
2458362.5 15.6377851065 0 14.2653753992 0
2458363.5 14.6581962046 0 13.1683567183 0
2458364.5 14.575354888 0 13.0725005154 0
2458365.5 14.5928552023 0 13.0897125425 0
2458366.5 14.6228641577 0 13.1215743364 0
2458367.5 14.6066671467 0 13.1056306859 0
2458368.5 15.5500142098 0 14.1646616177 0
2458369.5 15.4298329622 0 14.0351388434 0
2458370.5 15.4947634977 0 14.103599691 0
2458371.5 15.558240867 0 14.1721092264 0
2458372.5 15.7276029923 0 14.3573570966 0
2458373.5 15.7477144041 0 14.380796424 0
2458374.5 14.9770390673 0 13.5275206044 0
2458375.5 15.0887909894 0 13.6536363537 0
2458376.5 15.071329907 0 13.6373333967 0
2458377.5 15.2018820683 0 13.7805220865 0
2458378.5 14.2271067613 0 12.6667938928 0
2458379.5 14.3279831035 0 12.7838350899 0
2458380.5 14.2392568761 0 12.6804323598 0
2458381.5 14.1899197555 0 12.6147371146 0
2458382.5 15.5286864477 0 14.1449525145 0
2458383.5 15.4956655018 0 14.1075951778 0
2458384.5 15.5156060825 0 14.1292061958 0
2458385.5 15.5527267478 0 14.1694660536 0
2458386.5 14.9596269116 0 13.5080172784 0
2458387.5 14.9074791549 0 13.4498108867 0
2458388.5 14.8966663521 0 13.4393680049 0
2458389.5 15.0115779165 0 13.5702122455 0
2458390.5 15.1478638112 0 13.7207019163 0
2458391.5 15.0363289514 0 13.6017155962 0
2458392.5 14.8888760009 0 13.4391944441 0
2458393.5 14.803501841 0 13.3395770887 0
2458394.5 14.6965428166 0 13.2169116209 0
2458395.5 14.6764528579 0 13.198595472 0
2458396.5 14.5594997286 0 13.0688460431 0
2458397.5 14.5424129152 0 13.0467071841 0
2458398.5 14.5400320262 0 13.0391342723 0
2458399.5 14.4614910795 0 12.9434937911 0
2458400.5 14.4888806218 0 12.9731503449 0
2458401.5 14.4123959679 0 12.8888182442 0
2458402.5 14.4972797707 0 12.9894325895 0
2458403.5 14.3154107373 0 12.7723915081 0
2458404.5 14.368425598 0 12.8381356837 0
2458405.5 14.2811921128 0 12.7351820652 0
2458406.5 14.2330488316 0 12.6814407578 0
2458407.5 14.1655689496 0 12.596896366 0
2458408.5 14.3238881423 0 12.7923490317 0
2458409.5 14.2452703353 0 12.7047576388 0
2458410.5 14.2445640685 0 12.6982378759 0
2458411.5 14.256912793 0 12.70853722 0
2458412.5 14.2131999922 0 12.6503640534 0
2458413.5 15.0867840319 0 13.658046019 0
2458414.5 15.1668853036 0 13.7449545707 0
2458415.5 15.1577125553 0 13.7348633123 0
2458416.5 15.0433621438 0 13.6034928416 0
2458417.5 15.033345715 0 13.5925047268 0
2458418.5 14.8883135636 0 13.4337066636 0
2458419.5 14.9831868552 0 13.5426132899 0
2458420.5 15.0225412197 0 13.5877264651 0
2458421.5 15.0522647863 0 13.6246615815 0
2458422.5 14.9703182617 0 13.530702949 0
2458423.5 15.2800716443 0 13.874092742 0
2458424.5 15.229085602 0 13.8205668098 0
2458425.5 15.1470998038 0 13.7286147684 0
2458426.5 15.1709619105 0 13.7533154238 0
2458427.5 15.0525005288 0 13.6189454932 0
2458428.5 14.8893749914 0 13.4400411059 0
2458429.5 15.2650169671 0 13.8622255624 0
2458430.5 15.0998707678 0 13.6824589261 0
2458431.5 15.0902121924 0 13.6750501671 0
2458432.5 15.0274098452 0 13.6062801176 0
2458433.5 14.8799613564 0 13.4448586257 0
2458434.5 14.1142034561 0 12.563815875 0
2458435.5 14.122935045 0 12.5700001238 0
2458436.5 14.053996162 0 12.4909965088 0
2458437.5 13.9685550813 0 12.3922223467 0
2458438.5 14.0035412411 0 12.4407672077 0
2458439.5 14.6945266797 0 13.2415469058 0
2458440.5 14.6907685294 0 13.2364550254 0
2458441.5 14.7158141487 0 13.2623950162 0
2458442.5 14.582204591 0 13.1148035588 0
2458443.5 14.6307187795 0 13.1678173277 0
2458444.5 14.5651988739 0 13.096077728 0
2458445.5 14.4458535654 0 12.9611422923 0
2458446.5 14.3524800635 0 12.8545676318 0
2458447.5 14.386697147 0 12.8911620412 0
2458448.5 14.3634147355 0 12.8624396769 0
2458449.5 14.9725189766 0 13.5540452996 0
2458450.5 15.0591020081 0 13.6471956353 0
2458451.5 15.2060445653 0 13.8071328067 0
2458452.5 15.3586092851 0 13.9746337489 0
2458453.5 15.4114949933 0 14.0337271708 0
2458454.5 14.9358558371 0 13.5045349696 0
2458455.5 14.8628126725 0 13.4241477357 0
2458456.5 14.7623452545 0 13.309338756 0
2458457.5 14.6805604609 0 13.2152723707 0
2458458.5 14.6456036748 0 13.1747877312 0
2458459.5 14.5272256167 0 13.0410469028 0
2458460.5 15.0485407239 0 13.6246676997 0
2458461.5 15.0282956576 0 13.6038727082 0
2458462.5 14.9338180147 0 13.497063922 0
2458463.5 14.9601155523 0 13.5287204517 0
2458464.5 14.8380026843 0 13.3951968424 0
2458465.5 14.8720829858 0 13.4363458757 0
2458466.5 14.2511903512 0 12.7266885164 0
2458467.5 14.3053297261 0 12.7886949555 0
2458468.5 14.2683742433 0 12.7466157855 0
2458469.5 14.2619638409 0 12.7396082136 0
2458470.5 14.1659299795 0 12.6321790425 0
2458471.5 14.2784911534 0 12.7597630121 0
2458472.5 14.630881059 0 13.1620778424 0
2458473.5 14.748053008 0 13.2959497887 0
2458474.5 14.7743610417 0 13.3294395222 0
2458475.5 14.6219309595 0 13.1602160767 0
2458476.5 15.1976521039 0 13.8021869099 0
2458477.5 15.3475847224 0 13.9648704157 0
2458478.5 15.5023161284 0 14.1336633125 0
2458479.5 15.5411264306 0 14.1795246388 0
2458480.5 15.4715297205 0 14.1050400298 0
2458481.5 14.1509878543 0 12.6192405182 0
2458482.5 14.1348166705 0 12.6103173313 0
2458483.5 14.074998525 0 12.5357483445 0
2458484.5 14.0513282812 0 12.5115796723 0
2458485.5 14.3403194906 0 12.8522500701 0
2458486.5 14.3539252453 0 12.8693472917 0
2458487.5 14.3267326107 0 12.8380526699 0
2458488.5 14.3669755443 0 12.8827017316 0
2458489.5 14.3889348327 0 12.9098483161 0
2458490.5 14.3520178917 0 12.8684511725 0
2458491.5 14.6088262673 0 13.1629050534 0
2458492.5 14.48954398 0 13.0279726995 0
2458493.5 14.422685957 0 12.9546625023 0
2458494.5 14.4535975651 0 12.9935282918 0
2458495.5 13.9780590132 0 12.4447026639 0
2458496.5 14.0521959842 0 12.5336620479 0
2458497.5 13.9811038232 0 12.4459622189 0
2458498.5 13.9037529049 0 12.3522952354 0
2458499.5 15.3657707415 0 14.0013582674 0
2458500.5 15.1896920737 0 13.808443642 0
2458501.5 15.1538008846 0 13.7659481897 0
2458502.5 15.2307190997 0 13.8478868916 0
2458503.5 15.339432708 0 13.9679669601 0
2458504.5 15.467534387 0 14.1111959251 0
2458505.5 14.3835713763 0 12.9031677858 0
2458506.5 14.5037627915 0 13.0398227311 0
2458507.5 14.4005504602 0 12.9213633459 0
2458508.5 14.3488698401 0 12.8636042887 0
2458509.5 14.3756494638 0 12.8977525954 0
2458510.5 14.4110557975 0 12.9390476715 0
2458511.5 14.3228326228 0 12.840133633 0
2458512.5 14.2549376364 0 12.7644324143 0
2458513.5 14.4820879572 0 13.0044486076 0
2458514.5 14.3822189687 0 12.8886664987 0
2458515.5 14.4385029093 0 12.9571425837 0
2458516.5 14.4359741503 0 12.9517741859 0
2458517.5 14.3664580937 0 12.8741137388 0
2458518.5 14.3624981381 0 12.8669521779 0
2458519.5 14.3734231131 0 12.8821331732 0
2458520.5 14.4331330174 0 12.9462454926 0
2458521.5 15.0286152042 0 13.6175548185 0
2458522.5 14.9481451194 0 13.5311025213 0
2458523.5 14.8479514355 0 13.4195496852 0
2458524.5 14.9003814895 0 13.4776967042 0
2458525.5 15.5291432737 0 14.17094139 0
2458526.5 15.6153543634 0 14.2658435264 0
2458527.5 15.5339681877 0 14.1750934915 0
2458528.5 15.3872069735 0 14.0110895375 0
2458529.5 15.3670654442 0 13.9887880674 0
2458530.5 15.4971808069 0 14.1289150908 0
2458531.5 15.2738306413 0 13.8814854532 0
2458532.5 15.3714775501 0 13.9876844798 0
2458533.5 15.2066930666 0 13.8076164003 0
2458534.5 15.1724536927 0 13.7680075641 0
2458535.5 14.473422626 0 12.9786411075 0
2458536.5 14.4050893568 0 12.9022114018 0
2458537.5 14.4912490004 0 13.0039238164 0
2458538.5 14.3885891792 0 12.8844418374 0
2458539.5 14.3758070925 0 12.8678805794 0
2458540.5 14.4956000567 0 13.0027932163 0
2458541.5 14.2647039228 0 12.7315742641 0
2458542.5 14.2692113739 0 12.7422364896 0
2458543.5 14.3192725088 0 12.8054583907 0
2458544.5 14.2115048936 0 12.6844651494 0
2458545.5 14.0508231206 0 12.5150193591 0
2458546.5 14.0058376842 0 12.455496389 0
2458547.5 15.2796053427 0 13.8963297193 0
2458548.5 15.1917477028 0 13.7989958622 0
2458549.5 15.2318856811 0 13.8440626631 0
2458550.5 15.1447028229 0 13.7507939755 0
2458551.5 15.0625021579 0 13.6614845971 0
2458552.5 15.1242985806 0 13.7325424141 0
2458553.5 14.4912741442 0 13.0235071182 0
2458554.5 14.5788424758 0 13.1202619343 0
2458555.5 14.5569836458 0 13.0965015603 0
2458556.5 14.5465795616 0 13.0817197256 0
2458557.5 14.5909093151 0 13.1330164723 0
2458558.5 15.2660628531 0 13.884503945 0
2458559.5 15.1716672312 0 13.7821816471 0
2458560.5 15.0295603507 0 13.6279246922 0
2458561.5 15.1866972057 0 13.8003659536 0
2458562.5 14.1251901962 0 12.6035342747 0
2458563.5 14.0714893401 0 12.5357537305 0
2458564.5 14.0287203858 0 12.4897718356 0
2458565.5 13.9613012323 0 12.4087800843 0
2458566.5 14.1052181231 0 12.5831969132 0
2458567.5 14.0164432728 0 12.4813058839 0
2458568.5 14.128417764 0 12.607878029 0
2458569.5 14.0964983245 0 12.5697900753 0
2458570.5 14.9516784838 0 13.5396988186 0
2458571.5 15.0690402997 0 13.6685277299 0
2458572.5 15.2064205675 0 13.8206181065 0
2458573.5 15.0924623996 0 13.6952903651 0
2458574.5 14.5778204865 0 13.124543524 0
2458575.5 14.6821885799 0 13.2450220142 0
2458576.5 14.6242596998 0 13.1824474697 0
2458577.5 14.6668754631 0 13.2309159687 0
2458578.5 14.7179690469 0 13.2900002293 0
2458579.5 14.8375370321 0 13.4232882144 0
2458580.5 14.0515240658 0 12.5353903479 0
2458581.5 14.1462732197 0 12.645343619 0
2458582.5 14.16993857 0 12.6708752391 0
2458583.5 14.1457570044 0 12.6392099274 0
2458584.5 14.159475769 0 12.6582350857 0
2458585.5 14.1493865881 0 12.6460655258 0
2458586.5 14.3334983333 0 12.8534688983 0
2458587.5 14.2029828874 0 12.7071489169 0
2458588.5 14.21802961 0 12.7205964559 0
2458589.5 14.2408712409 0 12.7459244826 0
2458590.5 14.3453933714 0 12.8669573538 0
2458591.5 14.2737415092 0 12.782948341 0
2458592.5 14.2390903998 0 12.7475182063 0
2458593.5 14.230084951 0 12.7329174764 0
2458594.5 14.3450126007 0 12.8637971967 0
2458595.5 14.2592180344 0 12.7659081877 0
2458596.5 14.2678010263 0 12.7757411671 0
2458597.5 13.8960814496 0 12.3418092498 0
2458598.5 13.8455440971 0 12.2865621375 0
2458599.5 13.8769718484 0 12.3217119636 0
2458600.5 13.8665802913 0 12.3084380254 0
2458601.5 13.8077554372 0 12.2377456338 0
2458602.5 14.3759965217 0 12.900834236 0
2458603.5 14.2528733105 0 12.7611994408 0
2458604.5 14.1519166378 0 12.6459760996 0
2458605.5 14.1934905367 0 12.6935834932 0
2458606.5 14.2804604173 0 12.7920042964 0
2458607.5 14.2381873475 0 12.7408201712 0
2458608.5 14.1835746179 0 12.6820359494 0
2458609.5 14.1733873378 0 12.6666918561 0
2458610.5 14.2180882604 0 12.7212668885 0
2458611.5 13.9122529125 0 12.362238707 0
2458612.5 13.8118974041 0 12.2466386335 0
2458613.5 13.6498821145 0 12.0771656822 0
2458614.5 13.6736622751 0 12.1108273217 0
2458615.5 14.5947231023 0 13.1723093669 0
2458616.5 14.5626579526 0 13.1378822053 0
2458617.5 14.645104784 0 13.2272425076 0
2458618.5 14.7288216941 0 13.3181115942 0
2458619.5 14.0034826997 0 12.4970378132 0
2458620.5 13.973163598 0 12.4596729412 0
2458621.5 13.9634309695 0 12.4441621231 0
2458622.5 13.8860525364 0 12.3529151675 0
2458623.5 13.8099011781 0 12.2676354949 0
2458624.5 13.7047362223 0 12.1466499749 0
2458625.5 14.1936351831 0 12.7150229555 0
2458626.5 14.3063614803 0 12.8433976033 0
2458627.5 14.1742517516 0 12.6969671933 0
2458628.5 14.2519745353 0 12.7864902194 0
2458629.5 14.141763651 0 12.6631633163 0
2458630.5 13.7693614494 0 12.2348441891 0
2458631.5 13.7176063041 0 12.1758477617 0
2458632.5 13.6859152973 0 12.1409689924 0
2458633.5 13.6669684254 0 12.1173189384 0
2458634.5 14.6483819155 0 13.2345888722 0
2458635.5 14.6224660893 0 13.205668589 0
2458636.5 14.6187150086 0 13.2036274536 0
2458637.5 14.6499270618 0 13.2353206291 0
2458638.5 14.5881976058 0 13.1640114511 0
2458639.5 14.7014709336 0 13.292647789 0
2458640.5 14.6040945237 0 13.1835362745 0
2458641.5 14.7778700111 0 13.3743609053 0
2458642.5 15.0283134882 0 13.6416076081 0
2458643.5 13.8298073303 0 12.2885164127 0
2458644.5 13.7736781718 0 12.2271492013 0
2458645.5 13.6816242745 0 12.1187043098 0
2458646.5 13.7395322872 0 12.1867954943 0
2458647.5 14.8199803479 0 13.4153359928 0
2458648.5 14.6565181808 0 13.2345361194 0
2458649.5 14.7779505359 0 13.3715434989 0
2458650.5 14.7730652747 0 13.3690091617 0
2458651.5 14.9115407387 0 13.5202489211 0
2458652.5 14.9553015277 0 13.5681049487 0
2458653.5 14.8738388969 0 13.4788528705 0
2458654.5 14.8369332908 0 13.4396445218 0
2458655.5 14.8506778752 0 13.4561092982 0
2458656.5 13.7855907038 0 12.2540449196 0
2458657.5 13.8109168083 0 12.2886120294 0
2458658.5 13.7491899034 0 12.2210423148 0
2458659.5 13.7409685695 0 12.2148543547 0
2458660.5 13.7936685356 0 12.2808152617 0
2458661.5 13.7646695432 0 12.2427140297 0
2458662.5 15.0543100089 0 13.6917939798 0
2458663.5 15.174798263 0 13.8237172545 0
2458664.5 15.0799026314 0 13.7192477883 0
2458665.5 15.0063592867 0 13.6370490054 0
2458666.5 15.0441352094 0 13.6772467489 0
2458667.5 14.6564794087 0 13.2511167394 0
2458668.5 14.7898647603 0 13.3980103409 0
2458669.5 14.8178529833 0 13.4262688146 0
2458670.5 14.8806371729 0 13.493756422 0
2458671.5 14.9755401863 0 13.6014152297 0
2458672.5 14.4532582634 0 13.0255556961 0
2458673.5 14.457165003 0 13.0288357565 0
2458674.5 14.3457612003 0 12.9021505452 0
2458675.5 14.4569417767 0 13.026504113 0
2458676.5 14.3738517944 0 12.9318903043 0
2458677.5 14.1066620425 0 12.6285305669 0
2458678.5 14.1288970818 0 12.6574200682 0
2458679.5 14.1498559026 0 12.6799619577 0
2458680.5 14.2630289739 0 12.8048552544 0
2458681.5 14.1511761308 0 12.6758153541 0
2458682.5 14.2454784033 0 12.7788560829 0
2458683.5 14.6318583396 0 13.211476774 0
2458684.5 14.6106346356 0 13.1901560956 0
2458685.5 14.7409105398 0 13.3345580609 0
2458686.5 14.8929068245 0 13.5021278918 0
2458687.5 14.9181137325 0 13.5323979331 0
2458688.5 14.8020296942 0 13.4055221766 0
2458689.5 14.4111227036 0 12.9715540262 0
2458690.5 14.2924115796 0 12.8402808239 0
2458691.5 14.3825097264 0 12.942717498 0
2458692.5 14.3568616213 0 12.9156887206 0
2458693.5 14.3643085289 0 12.9245887619 0
2458694.5 13.6445108022 0 12.0953885849 0
2458695.5 13.6580961781 0 12.1166444581 0
2458696.5 13.6828710058 0 12.1417399368 0
2458697.5 13.6365429175 0 12.0840868108 0
2458698.5 13.7061871897 0 12.1679928541 0
2458699.5 13.74794488 0 12.2125922992 0
2458700.5 14.3910172639 0 12.9468850216 0
2458701.5 14.4706906148 0 13.0342782278 0
2458702.5 14.5374329623 0 13.1088853898 0
2458703.5 14.3955742656 0 12.9521699602 0
2458704.5 14.3561761362 0 12.9054759195 0
2458705.5 14.5136419965 0 13.0787804729 0
2458706.5 14.3149271027 0 12.8583010023 0
2458707.5 14.392705824 0 12.9492291387 0
2458708.5 14.5037744779 0 13.0713212336 0
2458709.5 14.5052238787 0 13.0734267835 0
2458710.5 14.3897081592 0 12.947177063 0
2458711.5 13.7580130636 0 12.2217109482 0
2458712.5 13.7397397349 0 12.1980849222 0
2458713.5 13.8104292017 0 12.2780496516 0
2458714.5 13.8762808605 0 12.3512495469 0
2458715.5 13.8408579405 0 12.3084016211 0
2458716.5 13.8750697031 0 12.3458260699 0
2458717.5 13.9352075153 0 12.417210953 0
2458718.5 13.9655263686 0 12.4553202829 0
2458719.5 14.0012777732 0 12.4984289911 0
2458720.5 13.9081649686 0 12.3881783869 0
2458721.5 13.7899365901 0 12.2529391823 0
2458722.5 14.9390454944 0 13.5525506219 0
2458723.5 14.7533188822 0 13.3497477444 0
2458724.5 14.616238751 0 13.2003489851 0
2458725.5 14.5936270673 0 13.1733486825 0
2458726.5 13.8079897401 0 12.2775789326 0
2458727.5 13.7590377073 0 12.2190246328 0
2458728.5 13.7572354507 0 12.2115545994 0
2458729.5 13.7383638392 0 12.1853481461 0
2458730.5 13.6870525903 0 12.1262871199 0
2458731.5 13.7247827928 0 12.1699658806 0
2458732.5 14.1544217018 0 12.6736945899 0
2458733.5 14.1530363087 0 12.6708859138 0
2458734.5 14.1452306583 0 12.6643597807 0
2458735.5 14.0140945352 0 12.5184177426 0
2458736.5 13.7035851987 0 12.1540506029 0
2458737.5 13.7011623964 0 12.1459241195 0
2458738.5 13.6865874256 0 12.1283707619 0
2458739.5 13.7410329251 0 12.198629331 0
2458740.5 13.7542667012 0 12.2167714462 0
2458741.5 13.7934169336 0 12.2679370713 0
2458742.5 13.7662088395 0 12.2318715966 0
2458743.5 13.8104763916 0 12.281561703 0
2458744.5 13.9057642723 0 12.3911925095 0
2458745.5 13.884284008 0 12.3791256761 0
2458746.5 13.9026778771 0 12.4024537177 0
2458747.5 14.2420417268 0 12.7880403264 0
2458748.5 14.3596470255 0 12.9173645384 0
2458749.5 14.264677999 0 12.8138211136 0
2458750.5 14.3742867467 0 12.9385307865 0
2458751.5 14.3111331141 0 12.8685972218 0
2458752.5 14.407390473 0 12.9756427808 0
2458753.5 14.5006908853 0 13.0814785645 0
2458754.5 14.3501150764 0 12.9165861414 0
2458755.5 14.3121358276 0 12.8759616894 0
2458756.5 14.4575358313 0 13.0380471541 0
2458757.5 14.330581601 0 12.8941664688 0
2458758.5 14.3691801977 0 12.9352389447 0
2458759.5 14.5889914466 0 13.177942569 0
2458760.5 14.4514709695 0 13.0266455388 0
2458761.5 14.2966767144 0 12.8558585291 0
2458762.5 14.3715889521 0 12.9395815671 0
2458763.5 14.8924052252 0 13.5167823397 0
2458764.5 14.9094790795 0 13.5342407924 0
2458765.5 14.9529960683 0 13.5802362971 0
2458766.5 15.1227590159 0 13.7671819503 0
2458767.5 15.0980416787 0 13.7395129048 0
2458768.5 15.0429274161 0 13.6760513573 0
2458769.5 13.9093523996 0 12.4054649936 0
2458770.5 13.9439062545 0 12.4464375126 0
2458771.5 13.9099887737 0 12.4097038521 0
2458772.5 13.8343865556 0 12.3268253181 0
2458773.5 13.8578404507 0 12.3516197798 0
2458774.5 14.1165762243 0 12.6456190889 0
2458775.5 14.0017898352 0 12.5169873876 0
2458776.5 13.9480253769 0 12.4513181931 0
2458777.5 14.0263161827 0 12.5446808352 0
2458778.5 14.0313554674 0 12.5487317114 0
2458779.5 13.9453451017 0 12.4470929325 0
2458780.5 15.2884085863 0 13.9313898167 0
2458781.5 15.2755950531 0 13.917961456 0
2458782.5 15.366450538 0 14.0194213407 0
2458783.5 15.4643723515 0 14.1252813924 0
2458784.5 15.4245330589 0 14.0788885534 0
2458785.5 14.272267502 0 12.8016582217 0
2458786.5 14.2142009482 0 12.7327686717 0
2458787.5 14.3332997235 0 12.8646890256 0
2458788.5 14.3958928964 0 12.9371995344 0
2458789.5 14.2823480429 0 12.8077457002 0
2458790.5 13.775886235 0 12.2234912169 0
2458791.5 13.7602896312 0 12.2021705315 0
2458792.5 13.8085889452 0 12.2644364089 0
2458793.5 13.861015903 0 12.3223662959 0
2458794.5 13.8228067007 0 12.2809749801 0
2458795.5 14.4739869762 0 13.02494982 0
2458796.5 14.3395013563 0 12.8750694523 0
2458797.5 14.28720258 0 12.8129622664 0
2458798.5 14.2038685901 0 12.7158882265 0
2458799.5 14.1332278205 0 12.6357549227 0
2458800.5 14.1912808781 0 12.7024716975 0
2458801.5 14.2177570066 0 12.7358894963 0
2458802.5 14.1176031785 0 12.6254617267 0
2458803.5 14.0316584895 0 12.5238609303 0
2458804.5 14.7535325758 0 13.3366684221 0
2458805.5 14.6671375232 0 13.2429422007 0
2458806.5 14.8193053887 0 13.409745815 0
2458807.5 14.7568289535 0 13.3430957436 0
2458808.5 14.2789174683 0 12.8031331134 0
2458809.5 14.1694933377 0 12.6823536382 0
2458810.5 14.0532691046 0 12.5498711804 0
2458811.5 14.1131418132 0 12.6146189797 0
2458812.5 14.0080758504 0 12.4905906425 0
2458813.5 14.0065275654 0 12.4851032185 0
2458814.5 13.9836197448 0 12.4585071113 0
2458815.5 13.9975879464 0 12.4706859708 0
2458816.5 13.9845764393 0 12.4562834841 0
2458817.5 14.9333022641 0 13.5335038921 0
2458818.5 14.8329277658 0 13.4230333615 0
2458819.5 14.9591907736 0 13.5604419285 0
2458820.5 14.8999843511 0 13.4939937136 0
2458821.5 14.2334244414 0 12.7453111921 0
2458822.5 14.3558845462 0 12.8844153834 0
2458823.5 14.2833946519 0 12.798823518 0
2458824.5 14.2172943714 0 12.7201339949 0
2458825.5 14.2481619329 0 12.75341491 0
2458826.5 15.0504496096 0 13.6523031633 0
2458827.5 15.2140133076 0 13.8321500763 0
2458828.5 15.2240391096 0 13.8415222589 0
2458829.5 15.1719705786 0 13.7828442713 0
2458830.5 15.0807473113 0 13.6817251855 0
2458831.5 15.1613339901 0 13.7688072561 0
2458832.5 14.7487496881 0 13.3102117577 0
2458833.5 14.8226299834 0 13.3907545478 0
2458834.5 14.8786032169 0 13.4553410979 0
2458835.5 14.8056974697 0 13.3718444691 0
2458836.5 14.7617827711 0 13.3209040709 0
2458837.5 14.6494521236 0 13.1940719748 0
2458838.5 15.0580934627 0 13.6528533848 0
2458839.5 14.956123934 0 13.5383890211 0
2458840.5 14.9713646577 0 13.5535690022 0
2458841.5 15.0435638632 0 13.6370292029 0
2458842.5 15.0265896206 0 13.6167588638 0
2458843.5 15.1036871645 0 13.7014131995 0
2458844.5 14.6988860051 0 13.2467105086 0
2458845.5 14.8004610592 0 13.3639562409 0
2458846.5 14.7917550853 0 13.3544266294 0
2458847.5 14.7702507722 0 13.3279057915 0
2458848.5 14.4136871773 0 12.9368137245 0
2458849.5 14.4342234428 0 12.9591990149 0
2458850.5 14.4369245728 0 12.9635340672 0
2458851.5 14.5515493002 0 13.092409867 0
2458852.5 14.1688174997 0 12.6524149513 0
2458853.5 14.0970355933 0 12.5636575601 0
2458854.5 14.0962479735 0 12.5651642712 0
2458855.5 14.0547482544 0 12.5176764508 0
2458856.5 14.1513137573 0 12.6314735374 0
2458857.5 14.1481854522 0 12.6325737368 0
2458858.5 14.542298234 0 13.082085094 0
2458859.5 14.3976445454 0 12.9219683629 0
2458860.5 14.3014218572 0 12.814675273 0
2458861.5 14.2378477529 0 12.7453601881 0
2458862.5 14.1222135528 0 12.6148450039 0
2458863.5 14.1013604242 0 12.5949688228 0
2458864.5 15.0437979499 0 13.6564934947 0
2458865.5 15.0970438123 0 13.7161899269 0
2458866.5 15.1287587726 0 13.7498457347 0
2458867.5 15.1413210901 0 13.7611412374 0
2458868.5 15.0140859011 0 13.6180092604 0
2458869.5 14.4113657464 0 12.9480579239 0
2458870.5 14.4561624907 0 13.0020514575 0
2458871.5 14.3948869142 0 12.9367336894 0
2458872.5 14.3640431544 0 12.9046990611 0
2458873.5 14.3328045325 0 12.8724511414 0
2458874.5 14.4018307797 0 12.9476615136 0
2458875.5 14.4813133127 0 13.0357321218 0
2458876.5 14.5936673925 0 13.1592223266 0
2458877.5 14.540470668 0 13.0979612302 0
2458878.5 14.6572384868 0 13.2275972627 0
2458879.5 14.7575130525 0 13.3416998306 0
2458880.5 14.113922106 0 12.6200254235 0
2458881.5 14.0315948523 0 12.5227260246 0
2458882.5 14.0548682738 0 12.5498402607 0
2458883.5 14.0246572285 0 12.5100082676 0
2458884.5 14.132731934 0 12.6354979344 0
2458885.5 14.2284054468 0 12.746678331 0
2458886.5 14.4560190683 0 12.9853276627 0
2458887.5 14.4481539902 0 12.9728874854 0
2458888.5 14.4531171923 0 12.9819115418 0
2458889.5 14.1510082203 0 12.6382457778 0
2458890.5 14.0813655849 0 12.5573843408 0
2458891.5 14.1196566272 0 12.5991672641 0
2458892.5 14.1382384561 0 12.6170929619 0
2458893.5 14.375154121 0 12.8909375965 0
2458894.5 14.3352333059 0 12.8476412501 0
2458895.5 14.3182116143 0 12.8242655102 0
2458896.5 14.2845209111 0 12.7828470403 0
2458897.5 14.3826093273 0 12.8984149534 0
2458898.5 14.2895657729 0 12.795289125 0
2458899.5 14.3641749268 0 12.8769041291 0
2458900.5 14.3290723222 0 12.8362716277 0
2458901.5 14.3110030193 0 12.8187939377 0
2458902.5 14.4236158741 0 12.9435031022 0
2458903.5 14.4950530038 0 13.024677286 0
2458904.5 14.6159795439 0 13.1599542444 0
2458905.5 14.5755333346 0 13.118091482 0
2458906.5 15.2294038165 0 13.847754266 0
2458907.5 15.1914798351 0 13.8037233646 0
2458908.5 15.1149290056 0 13.7204897207 0
2458909.5 15.274954007 0 13.894740126 0
2458910.5 15.1848112245 0 13.7949639217 0
2458911.5 15.2126190457 0 13.8252786159 0
2458912.5 14.0439559148 0 12.5037926873 0
2458913.5 14.0030123152 0 12.4504133212 0
2458914.5 13.9428219104 0 12.3801421812 0
2458915.5 13.9327434984 0 12.3745302568 0
2458916.5 14.9005578219 0 13.4804098249 0
2458917.5 14.9771783313 0 13.5685066182 0
2458918.5 14.9134749756 0 13.500485478 0
2458919.5 14.9016759206 0 13.4850088575 0
2458920.5 14.9965539193 0 13.5892588478 0
2458921.5 14.6926075306 0 13.2484782109 0
2458922.5 14.7438591349 0 13.3062967516 0
2458923.5 14.872922919 0 13.447060854 0
2458924.5 14.8617080588 0 13.4338962859 0
2458925.5 14.8666593667 0 13.4415423154 0
2458926.5 14.272711939 0 12.7707073804 0
2458927.5 14.368093085 0 12.8822921913 0
2458928.5 14.3915862317 0 12.9114231467 0
2458929.5 14.4846117394 0 13.0193188693 0
2458930.5 14.5997452192 0 13.1479313708 0
2458931.5 14.5658610564 0 13.1078846719 0
2458932.5 14.510486022 0 13.042476969 0
2458933.5 14.4144675792 0 12.9371271034 0
2458934.5 14.4215522425 0 12.9420853125 0
2458935.5 14.3803386089 0 12.8912691436 0
2458936.5 14.8681093643 0 13.4403549667 0
2458937.5 14.9138088825 0 13.4896415009 0
2458938.5 14.8408711255 0 13.41107401 0
2458939.5 14.8581770169 0 13.4321780659 0
2458940.5 15.4513171835 0 14.0906462578 0
2458941.5 15.3088491726 0 13.935342714 0
2458942.5 15.3452141079 0 13.9784348045 0
2458943.5 15.3836560717 0 14.0191723062 0
2458944.5 15.3869300032 0 14.0224384877 0
2458945.5 15.4133607033 0 14.0540347764 0
2458946.5 15.2008482437 0 13.8083940042 0
2458947.5 15.3149159801 0 13.9368758716 0
2458948.5 15.2101648416 0 13.8232455371 0
2458949.5 15.0944345273 0 13.6973157009 0
2458950.5 15.251368317 0 13.8682424734 0
2458951.5 14.0058537634 0 12.4575878775 0
2458952.5 13.9926004509 0 12.446011805 0
2458953.5 13.981614106 0 12.4351590912 0
2458954.5 13.8876056781 0 12.3279181541 0
2458955.5 13.8301965129 0 12.2645613944 0
2458956.5 13.8597050268 0 12.3034511066 0
2458957.5 14.730026741 0 13.3038306152 0
2458958.5 14.6631240808 0 13.226199919 0
2458959.5 14.6678817029 0 13.2310811593 0
2458960.5 14.6723936563 0 13.2380430315 0
2458961.5 14.8184471231 0 13.4003157617 0
2458962.5 14.7488022371 0 13.3236914603 0
2458963.5 14.2175203831 0 12.7245980361 0
2458964.5 14.2850271538 0 12.8025503477 0
2458965.5 14.3485170443 0 12.8736331338 0
2458966.5 14.2668909191 0 12.7783452652 0
2458967.5 14.15915041 0 12.6570730773 0
2458968.5 13.9234020624 0 12.383977697 0
2458969.5 13.8616629926 0 12.3079548582 0
2458970.5 13.9005404753 0 12.3531010266 0
2458971.5 13.8420722442 0 12.2827352123 0
2458972.5 13.9335413122 0 12.3896329094 0
2458973.5 14.784457351 0 13.3638371474 0
2458974.5 14.9342696253 0 13.5269456404 0
2458975.5 14.9802722572 0 13.577079536 0
2458976.5 15.0784075524 0 13.6848031204 0
2458977.5 14.9873609664 0 13.58193929 0
2458978.5 15.1091562416 0 13.7161752832 0
2458979.5 14.37326583 0 12.8881950892 0
2458980.5 14.2894799947 0 12.8008746849 0
2458981.5 14.2349759451 0 12.737949537 0
2458982.5 14.2273257656 0 12.7277585018 0
2458983.5 14.2686487865 0 12.7778663813 0
2458984.5 14.3670822158 0 12.8943222635 0
2458985.5 14.405427746 0 12.9369941093 0
2458986.5 14.3743892573 0 12.8989621578 0
2458987.5 14.3714447142 0 12.8947404282 0
2458988.5 14.4670605878 0 13.0003874923 0
2458989.5 14.734519356 0 13.3019125869 0
2458990.5 14.6422474357 0 13.1966057313 0
2458991.5 14.6072500038 0 13.155904991 0
2458992.5 14.6315041284 0 13.1853131699 0
2458993.5 14.6394193969 0 13.196918019 0
2458994.5 15.2365856428 0 13.8627670924 0
2458995.5 15.1031649196 0 13.7185214539 0
2458996.5 15.2665015849 0 13.896382366 0
2458997.5 15.3591401113 0 14.0012457503 0
2458998.5 15.2240891569 0 13.8548296642 0
2458999.5 15.2795825877 0 13.9163262924 0
2459000.5 15.2825336176 0 13.9175907953 0
2459001.5 15.3821475302 0 14.0244092006 0
2459002.5 15.2298146965 0 13.8576906797 0
2459003.5 15.1913716964 0 13.8148900763 0
2459004.5 15.3315147072 0 13.9710694151 0
2459005.5 14.0527004229 0 12.5387837694 0
2459006.5 14.0804002527 0 12.573493994 0
2459007.5 14.1849893061 0 12.6931237032 0
2459008.5 14.2566773365 0 12.7644278433 0
2459009.5 15.081967499 0 13.6906192049 0
2459010.5 15.234122523 0 13.858037649 0
2459011.5 15.329703455 0 13.9626664389 0
2459012.5 15.1968007185 0 13.8160300565 0
2459013.5 15.2822577396 0 13.9126193621 0
2459014.5 15.3955034708 0 14.0350075929 0
2459015.5 15.4201901355 0 14.0620064139 0
2459016.5 15.4338621751 0 14.0741892367 0
2459017.5 15.5975159321 0 14.2509376147 0
2459018.5 15.7660123547 0 14.4347774529 0
2459019.5 15.6995246053 0 14.3622597563 0
2459020.5 14.5587589712 0 13.0992346795 0
2459021.5 14.5947350625 0 13.1399232901 0
2459022.5 14.5223720247 0 13.0612269142 0
2459023.5 14.6399039924 0 13.1898174627 0
2459024.5 14.7572907598 0 13.3213583453 0
2459025.5 14.634750486 0 13.1847506035 0
2459026.5 14.5686648857 0 13.1130571433 0
2459027.5 14.6836227954 0 13.239126443 0
2459028.5 14.7967577768 0 13.3678096422 0
2459029.5 14.7136343278 0 13.2754725434 0
2459030.5 14.4857733945 0 13.0160406714 0
2459031.5 14.5858477338 0 13.126905625 0
2459032.5 14.6160428152 0 13.1589430045 0
2459033.5 14.7010429822 0 13.2583086747 0
2459034.5 14.4567100387 0 12.9843833156 0
2459035.5 14.4385857707 0 12.9626064836 0
2459036.5 14.4087891076 0 12.9293088358 0
2459037.5 14.4267030062 0 12.9529602941 0
2459038.5 14.517671625 0 13.0596088768 0
2459039.5 14.8513243408 0 13.4302280128 0
2459040.5 14.7091997218 0 13.2734520549 0
2459041.5 14.7086574601 0 13.2740122479 0
2459042.5 14.6362724573 0 13.1985002265 0
2459043.5 14.1177028924 0 12.6144495829 0
2459044.5 14.2350269308 0 12.7490754864 0
2459045.5 14.1486140998 0 12.650177766 0
2459046.5 14.175421632 0 12.6829630801 0
2459047.5 14.755380573 0 13.3387577388 0
2459048.5 14.6837883101 0 13.2586304922 0
2459049.5 14.8450171861 0 13.4361339676 0
2459050.5 14.7208525517 0 13.3008369 0
2459051.5 14.8882880942 0 13.4850957431 0
2459052.5 14.3141451915 0 12.8404763171 0
2459053.5 14.406611368 0 12.9435563564 0
2459054.5 14.4626143467 0 13.0033191872 0
2459055.5 14.376058246 0 12.9038400713 0
2459056.5 14.3693113803 0 12.8933703605 0
2459057.5 13.8489924844 0 12.2912461379 0
2459058.5 13.859671601 0 12.2990796451 0
2459059.5 13.7645762804 0 12.1868630301 0
2459060.5 13.7971178528 0 12.2283794457 0
2459061.5 13.8373578512 0 12.2764242354 0
2459062.5 13.8699436307 0 12.3158543968 0
2459063.5 15.0288299228 0 13.6360537584 0
2459064.5 15.1455937611 0 13.7645341756 0
2459065.5 15.1989155038 0 13.8261006482 0
2459066.5 15.231414894 0 13.8597088253 0
2459067.5 15.3883051596 0 14.0309867045 0
2459068.5 15.3910140145 0 14.0357234132 0
2459069.5 14.9673136349 0 13.5688651386 0
2459070.5 15.0605171085 0 13.6702912087 0
2459071.5 14.9764173807 0 13.5767917617 0
2459072.5 14.8975097207 0 13.4920502637 0
2459073.5 14.7237496278 0 13.2999827427 0
2459074.5 14.7954359188 0 13.3795636443 0
2459075.5 14.689861619 0 13.2632222908 0
2459076.5 14.740747201 0 13.3186214686 0
2459077.5 14.6988045539 0 13.2750585677 0
2459078.5 14.60981269 0 13.1761218265 0
2459079.5 14.7168249795 0 13.297756109 0
2459080.5 14.6192141497 0 13.1877391944 0
2459081.5 14.5149302957 0 13.0734100289 0
2459082.5 14.9710612048 0 13.5832464838 0
2459083.5 15.0406054543 0 13.6607278897 0
2459084.5 15.0635054844 0 13.6889668504 0
2459085.5 15.1245345441 0 13.7571404051 0
2459086.5 13.8790014415 0 12.3548293312 0
2459087.5 13.9361726 0 12.4228714945 0
