2457258.5 14.6579109397 0 13.1937800459 0
2457259.5 14.5609624718 0 13.098702732 0
2457260.5 13.7825813667 0 12.3348843835 0
2457261.5 13.0784511737 0 11.6437952531 0
2457262.5 10.5022000791 0 9.11262528567 0
2457263.5 10.4963437403 0 9.10678078666 0
2457264.5 9.66795926762 0 8.29366239012 0
2457265.5 9.58109453958 0 8.20822333168 0
2457266.5 10.2286972466 0 8.84239145302 0
2457267.5 9.55942591954 0 8.18560078929 0
2457268.5 8.64974342191 0 7.29288135195 0
2457269.5 9.52563503375 0 8.15235637049 0
2457270.5 10.2968011923 0 8.90941244144 0
2457271.5 9.59875139034 0 8.22420827883 0
2457272.5 18.5764013536 0 17.0348981131 0
2457273.5 18.6584359962 0 17.1155443677 0
2457274.5 17.9100402734 0 16.3808186986 0
2457275.5 18.5927907555 0 17.05088071 0
2457276.5 18.2190385419 0 16.6839365657 0
2457277.5 18.5300505929 0 16.9892509129 0
2457278.5 11.4400640359 0 10.0280427174 0
2457279.5 11.5636391384 0 10.1492175344 0
2457280.5 11.184860998 0 9.77764616571 0
2457281.5 12.0171523135 0 10.5943391904 0
2457282.5 11.8901668474 0 10.4698092506 0
2457283.5 12.5647382445 0 11.132002098 0
2457284.5 10.0248239399 0 8.63957802754 0
2457285.5 9.99727821654 0 8.61271611078 0
2457286.5 10.4028531984 0 9.0109214299 0
2457287.5 10.434939886 0 9.04257364517 0
2457288.5 10.6593600218 0 9.26271455463 0
2457289.5 10.6478396788 0 9.25137994211 0
2457290.5 10.0922885046 0 8.70793170674 0
2457291.5 9.75955053821 0 8.38137165808 0
2457292.5 9.23596710699 0 7.86736282454 0
2457293.5 9.39441317503 0 8.02281047262 0
2457294.5 8.8840330389 0 7.52186944699 0
2457295.5 17.9492196142 0 16.4170953095 0
2457296.5 18.1613313155 0 16.6251901962 0
2457297.5 18.8585452203 0 17.3096108955 0
2457298.5 19.3993053644 0 17.8403683161 0
2457299.5 19.4830229816 0 17.92250562 0
2457300.5 15.4201447299 0 13.9349269911 0
2457301.5 15.7668483317 0 14.2751456769 0
2457302.5 15.9498910943 0 14.4545983677 0
2457303.5 15.3460643645 0 13.8620580552 0
2457304.5 19.2097385017 0 17.6564840115 0
2457305.5 19.5495971086 0 17.9900196433 0
2457306.5 20.4459771141 0 18.8696154524 0
2457307.5 19.7026047068 0 18.1399504992 0
2457308.5 16.4385320912 0 14.9357401934 0
2457309.5 16.0190733821 0 14.523914411 0
2457310.5 16.4011058024 0 14.8989026137 0
2457311.5 15.7782682919 0 14.2874486938 0
2457312.5 17.5367281375 0 16.0116116779 0
2457313.5 17.7496406225 0 16.2204135409 0
2457314.5 17.4549889891 0 15.9310367394 0
2457315.5 17.4376114491 0 15.9140761508 0
2457316.5 14.8202627782 0 13.3474329033 0
2457317.5 15.4526022829 0 13.9681600269 0
2457318.5 14.6887793794 0 13.218594809 0
2457319.5 14.5255466584 0 13.0582550288 0
2457320.5 15.1207473098 0 13.6423417738 0
2457321.5 13.8556607626 0 12.4026293944 0
2457322.5 14.0730864648 0 12.6158636014 0
2457323.5 13.4493227378 0 12.0036796154 0
2457324.5 13.7931746789 0 12.341352282 0
2457325.5 13.8550932619 0 12.4021788456 0
2457326.5 16.7751941289 0 15.271414789 0
2457327.5 16.6597862024 0 15.1582278004 0
2457328.5 17.0296996475 0 15.521365695 0
2457329.5 17.1014414822 0 15.5917241407 0
2457330.5 17.9951913637 0 16.4691031898 0
2457331.5 17.7714684627 0 16.2496572842 0
2457332.5 13.0295037452 0 11.5943038142 0
2457333.5 12.7041300777 0 11.2748838655 0
2457334.5 12.5496718091 0 11.1234802011 0
2457335.5 12.7314843636 0 11.3020208492 0
2457336.5 11.8264248831 0 10.413875119 0
2457337.5 11.5751059816 0 10.1670996806 0
2457338.5 17.6464741237 0 16.1255310104 0
2457339.5 17.4111304945 0 15.8943685888 0
2457340.5 16.4977311409 0 14.997849117 0
2457341.5 17.3162136693 0 15.801087329 0
2457342.5 18.0654498102 0 16.5363677424 0
2457343.5 12.3658962296 0 10.9445504574 0
2457344.5 12.5913364178 0 11.1656715076 0
2457345.5 12.2230578643 0 10.8042158575 0
2457346.5 11.6953957299 0 10.2864885231 0
2457347.5 11.4463937075 0 10.0422005851 0
2457348.5 11.1698229636 0 9.77073942132 0
2457349.5 19.6480772328 0 18.0891899089 0
2457350.5 20.0631904643 0 18.4966793989 0
2457351.5 19.6493798002 0 18.0905670117 0
2457352.5 19.9831579911 0 18.4182272757 0
2457353.5 19.9617169466 0 18.397188622 0
2457354.5 11.7360073954 0 10.3229946548 0
2457355.5 12.5922177015 0 11.1634332036 0
2457356.5 13.2164229675 0 11.7761435556 0
2457357.5 13.9751849354 0 12.5210053532 0
2457358.5 14.4949445809 0 13.0310902515 0
2457359.5 14.720609099 0 13.2516069441 0
2457360.5 14.5831227362 0 13.1165033619 0
2457361.5 14.4345703916 0 12.9705865747 0
2457362.5 14.6913730128 0 13.2227267661 0
2457363.5 16.7172046134 0 15.2085151174 0
2457364.5 17.557700085 0 16.0334878597 0
2457365.5 17.5680808608 0 16.0435031539 0
2457366.5 18.4981339062 0 16.9564586062 0
2457367.5 18.5515317661 0 17.0090081704 0
2457368.5 19.0684885609 0 17.5162616194 0
2457369.5 16.8496032116 0 15.3407899819 0
2457370.5 16.5025295701 0 15.0000509222 0
2457371.5 16.2494280297 0 14.7515685246 0
2457372.5 16.3060397233 0 14.8069546305 0
2457373.5 16.6702671785 0 15.1646238193 0
2457374.5 14.5712030962 0 13.1076315488 0
2457375.5 14.5770458001 0 13.1133149728 0
2457376.5 14.1303445913 0 12.6750501821 0
2457377.5 14.7854058712 0 13.3178721974 0
2457378.5 15.412072635 0 13.9329478747 0
2457379.5 14.9980821133 0 13.526680074 0
2457380.5 16.880679804 0 15.3738010226 0
2457381.5 16.5110244746 0 15.0108365629 0
2457382.5 16.9882244453 0 15.4790454491 0
2457383.5 17.7989384743 0 16.2745786289 0
2457384.5 17.1354797725 0 15.6235471721 0
2457385.5 11.2651558225 0 9.86270646602 0
2457386.5 11.5867986943 0 10.178545702 0
2457387.5 11.7551273361 0 10.3438328164 0
2457388.5 12.3280200847 0 10.9059682613 0
2457389.5 13.0687501593 0 11.6331892163 0
2457390.5 13.1826673423 0 11.7448526941 0
2457391.5 13.7086080234 0 12.2610733242 0
2457392.5 14.0431977651 0 12.589307661 0
2457393.5 14.8868627629 0 13.4171490278 0
2457394.5 14.0488595323 0 12.5948493832 0
2457395.5 10.0408907634 0 8.66150959768 0
2457396.5 9.39025848444 0 8.02285862399 0
2457397.5 9.20085629552 0 7.8370204203 0
2457398.5 8.6406202825 0 7.28723221202 0
2457399.5 8.98568966804 0 7.62597920266 0
2457400.5 18.3324877879 0 16.8007950047 0
2457401.5 17.630151659 0 16.1115005024 0
2457402.5 17.9498441382 0 16.4252964525 0
2457403.5 17.9008142899 0 16.3771652185 0
2457404.5 18.0408910809 0 16.5145268158 0
2457405.5 16.1627020663 0 14.6689897248 0
2457406.5 15.2312922245 0 13.754798691 0
2457407.5 15.1311993049 0 13.6567275709 0
2457408.5 16.0504315832 0 14.5589715979 0
2457409.5 17.3238875287 0 15.8067597907 0
2457410.5 17.2057920431 0 15.6910006779 0
2457411.5 18.0820908474 0 16.551116221 0
2457412.5 18.8365201901 0 17.2915023738 0
2457413.5 12.0723528681 0 10.6503916057 0
2457414.5 12.6949605243 0 11.2615013599 0
2457415.5 13.5054262218 0 12.0569865337 0
2457416.5 13.8044898811 0 12.350522705 0
2457417.5 14.2222260793 0 12.7604118471 0
2457418.5 14.3352821605 0 12.8715305964 0
2457419.5 18.7484346954 0 17.2006852487 0
2457420.5 19.4752143134 0 17.9141588909 0
2457421.5 19.7848224109 0 18.2180801545 0
2457422.5 19.370877686 0 17.8116942931 0
2457423.5 8.88747473586 0 7.52198422397 0
2457424.5 9.59572073096 0 8.2169885314 0
2457425.5 8.90852765698 0 7.54244736179 0
2457426.5 7.9928930086 0 6.64392405097 0
2457427.5 9.39100796949 0 8.01346640703 0
2457428.5 9.70796943509 0 8.32474362657 0
2457429.5 10.3253167571 0 8.93054208781 0
2457430.5 9.54543317466 0 8.16526864313 0
2457431.5 10.3555671449 0 8.96026647233 0
2457432.5 9.51160854196 0 8.13215029789 0
2457433.5 9.17436543471 0 7.80365888981 0
2457434.5 9.47453288293 0 8.09827916997 0
2457435.5 9.72317817597 0 8.34225463145 0
2457436.5 10.0383676299 0 8.65164000391 0
2457437.5 10.2842716121 0 8.89284147681 0
2457438.5 10.472537944 0 9.07765702868 0
2457439.5 9.74596392762 0 8.36472452765 0
2457440.5 9.72538822218 0 8.34468040803 0
2457441.5 9.00734320769 0 7.63990059471 0
2457442.5 9.73054251031 0 8.3497182975 0
2457443.5 9.29301209537 0 7.92024305788 0
2457444.5 13.3384817825 0 11.8913698896 0
2457445.5 12.6805676221 0 11.2455890406 0
2457446.5 12.6673263864 0 11.23273231 0
2457447.5 12.1149532342 0 10.6905881493 0
2457448.5 11.9983004755 0 10.5761099261 0
2457449.5 8.89125580548 0 7.52895246295 0
2457450.5 8.95218458934 0 7.58861084853 0
2457451.5 8.9619800734 0 7.5983346442 0
2457452.5 8.08066976729 0 6.73331512074 0
2457453.5 7.73325700507 0 6.39237046442 0
2457454.5 19.5254491733 0 17.965330279 0
2457455.5 19.9993628598 0 18.4303975882 0
2457456.5 19.8343473602 0 18.2682710376 0
2457457.5 19.4926858482 0 17.9328306616 0
2457458.5 16.8465400539 0 15.3358065941 0
2457459.5 16.3627099562 0 14.8609713183 0
2457460.5 16.6653514832 0 15.1581837131 0
2457461.5 16.3665088114 0 14.8649274825 0
2457462.5 13.0926830795 0 11.6524144031 0
2457463.5 13.9377383578 0 12.4817851634 0
2457464.5 13.4944163567 0 12.0467340304 0
2457465.5 13.2980726262 0 11.854080949 0
2457466.5 13.695556469 0 12.2443815188 0
2457467.5 13.7250451522 0 12.2728344908 0
2457468.5 13.6162427167 0 12.1658502021 0
2457469.5 14.3599263808 0 12.8957960814 0
2457470.5 14.5064939519 0 13.0396640507 0
2457471.5 15.6939518198 0 14.2052045053 0
2457472.5 15.2607563577 0 13.7798682889 0
2457473.5 15.6768640145 0 14.1881382451 0
2457474.5 16.2048570897 0 14.7062508635 0
2457475.5 15.834257417 0 14.3444710789 0
2457476.5 15.4950094401 0 14.0114472347 0
2457477.5 15.4956704722 0 14.0120003906 0
2457478.5 15.7163162745 0 14.2286279146 0
2457479.5 15.7593255416 0 14.2707067481 0
2457480.5 15.1441056745 0 13.6642673075 0
2457481.5 14.4037675737 0 12.9374626653 0
2457482.5 14.5835576846 0 13.1137683281 0
2457483.5 14.3806196575 0 12.9146708216 0
2457484.5 12.1261093675 0 10.7028074264 0
2457485.5 11.2421452794 0 9.83537035744 0
2457486.5 10.9359156735 0 9.53470995299 0
2457487.5 10.5181364366 0 9.12460778879 0
2457488.5 9.66626849389 0 8.28859883911 0
2457489.5 9.18254472524 0 7.81398188788 0
2457490.5 16.8729726617 0 15.3598706671 0
2457491.5 17.0634754556 0 15.5466874237 0
2457492.5 17.0829119821 0 15.5658252841 0
2457493.5 16.9821189545 0 15.4668914285 0
2457494.5 16.4110654928 0 14.9064437161 0
2457495.5 14.8990114314 0 13.4218579505 0
2457496.5 14.4806374661 0 13.0110849236 0
2457497.5 13.9026604893 0 12.4437032871 0
2457498.5 13.641416533 0 12.1872650772 0
2457499.5 13.0236622236 0 11.5811103147 0
2457500.5 12.2003729464 0 10.7731105454 0
2457501.5 9.76578141478 0 8.38634386383 0
2457502.5 10.6945243213 0 9.29791636292 0
2457503.5 11.3380267328 0 9.92950246231 0
2457504.5 12.054845119 0 10.6328499888 0
2457505.5 18.8837021281 0 17.3375015086 0
2457506.5 18.9066479966 0 17.3600059991 0
2457507.5 19.22153464 0 17.6691636885 0
2457508.5 18.4207791352 0 16.8831007023 0
2457509.5 17.5443948678 0 16.0229107327 0
2457510.5 18.1777639854 0 16.6446151817 0
2457511.5 16.5051139325 0 15.0004504568 0
2457512.5 16.4657173266 0 14.9615932754 0
2457513.5 16.1155056589 0 14.6179228163 0
2457514.5 16.1766211302 0 14.677775413 0
2457515.5 16.150409809 0 14.6521212348 0
2457516.5 16.2929610536 0 14.7921997134 0
2457517.5 9.23688336712 0 7.86595141116 0
2457518.5 9.87580196102 0 8.49290910405 0
2457519.5 9.03685906572 0 7.66946252971 0
2457520.5 8.77943287756 0 7.4168327535 0
2457521.5 8.28906719051 0 6.93543760336 0
2457522.5 9.18684214775 0 7.81642397118 0
2457523.5 17.1200516628 0 15.600948976 0
2457524.5 16.20767378 0 14.7055900249 0
2457525.5 16.7040490514 0 15.1929553526 0
2457526.5 16.4041829767 0 14.8987878722 0
2457527.5 11.3776254313 0 9.96534215114 0
2457528.5 10.7915123621 0 9.39002197757 0
2457529.5 11.1137979972 0 9.70627488648 0
2457530.5 11.7999565352 0 10.3798657636 0
2457531.5 11.6159195408 0 10.1991442563 0
2457532.5 13.2584012366 0 11.8120903082 0
2457533.5 13.3893275633 0 11.9407897422 0
2457534.5 13.2271956258 0 11.7815494624 0
2457535.5 13.0013456965 0 11.5597251732 0
2457536.5 12.6885924105 0 11.2529201361 0
2457537.5 13.7317855259 0 12.278268269 0
2457538.5 13.818448908 0 12.3632835508 0
2457539.5 13.6096244257 0 12.158243756 0
2457540.5 13.3553688889 0 11.9085642729 0
2457541.5 13.2513802512 0 11.8066681593 0
2457542.5 13.3665697205 0 11.9229450028 0
2457543.5 13.6202630001 0 12.1718253253 0
2457544.5 14.1479402329 0 12.6897379765 0
2457545.5 14.5330384579 0 13.0676584512 0
2457546.5 15.4334605549 0 13.951590798 0
2457547.5 15.9939682192 0 14.5015467131 0
2457548.5 8.90597037065 0 7.54470674336 0
2457549.5 8.11964311874 0 6.77281585239 0
2457550.5 7.1932801566 0 5.8637346652 0
2457551.5 7.27313222886 0 5.94207894657 0
2457552.5 7.20969571729 0 5.87974355345 0
2457553.5 6.45571890038 0 5.13986601386 0
2457554.5 19.6735480911 0 18.1131281836 0
2457555.5 20.568234402 0 18.9913956352 0
2457556.5 21.4341289723 0 19.8411243392 0
2457557.5 21.0848038091 0 19.4984106022 0
2457558.5 21.6705387347 0 20.0734026823 0
2457559.5 10.6166280806 0 9.22702790921 0
2457560.5 10.7357659067 0 9.3439986556 0
2457561.5 10.2697632149 0 8.88679183204 0
2457562.5 9.78444310725 0 8.41040330577 0
2457563.5 15.7359406046 0 14.253528227 0
2457564.5 16.0464483632 0 14.5581610914 0
2457565.5 16.3435131659 0 14.8498786074 0
2457566.5 15.7524077987 0 14.269663427 0
2457567.5 15.1019190196 0 13.6311527083 0
2457568.5 10.8671356905 0 9.47669579084 0
2457569.5 9.97887219107 0 8.6047863124 0
2457570.5 10.7769941011 0 9.3881082918 0
2457571.5 11.2882615862 0 9.88975061096 0
2457572.5 12.0322703629 0 10.6197687751 0
2457573.5 19.3872657073 0 17.8365118424 0
2457574.5 19.92872437 0 18.3680849434 0
2457575.5 20.1431688816 0 18.5786511982 0
2457576.5 19.9695430994 0 18.4082305093 0
2457577.5 19.0581001435 0 17.5135301468 0
2457578.5 18.3506902286 0 16.8193896766 0
2457579.5 19.0687505507 0 17.5218380959 0
2457580.5 19.3330476942 0 17.781051263 0
2457581.5 19.4785385631 0 17.9238765574 0
2457582.5 19.1018132253 0 17.5540358727 0
2457583.5 11.0739929443 0 9.67747205069 0
2457584.5 11.7033127911 0 10.2950508774 0
2457585.5 10.8550433364 0 9.46257397361 0
2457586.5 10.445509616 0 9.06066040504 0
2457587.5 10.9853338399 0 9.59065682913 0
2457588.5 11.0886617928 0 9.69215852692 0
2457589.5 13.0975136731 0 11.6609756831 0
2457590.5 13.0665780854 0 11.6306716684 0
2457591.5 13.0780899845 0 11.6419109265 0
2457592.5 13.4643358507 0 12.0210210887 0
2457593.5 13.2708894836 0 11.8310646384 0
2457594.5 12.7731095098 0 11.3423985559 0
2457595.5 11.6002501051 0 10.1937137851 0
2457596.5 12.3288738977 0 10.9089974281 0
2457597.5 12.2806555668 0 10.8617866984 0
2457598.5 12.3904894797 0 10.9697216374 0
2457599.5 16.2213628288 0 14.7308593768 0
2457600.5 16.3606516331 0 14.8673701905 0
2457601.5 16.6260194898 0 15.1276466767 0
2457602.5 17.0670314142 0 15.5604057691 0
2457603.5 17.1957073634 0 15.6867113596 0
2457604.5 16.8470629722 0 15.3444756 0
2457605.5 19.2032361694 0 17.6602011273 0
2457606.5 18.5438776483 0 17.013010206 0
2457607.5 18.7473169097 0 17.2125897996 0
2457608.5 19.5699222898 0 18.0198232917 0
2457609.5 18.9541187287 0 17.4152559957 0
2457610.5 10.6767548612 0 9.28897787659 0
2457611.5 10.0226753581 0 8.647116933 0
2457612.5 10.0666834667 0 8.69046740952 0
2457613.5 9.80814227605 0 8.43689152352 0
2457614.5 8.8783288682 0 7.52416241045 0
2457615.5 10.6686662105 0 9.28074755041 0
2457616.5 10.2101701121 0 8.83060210609 0
2457617.5 10.0284244903 0 8.65219616459 0
2457618.5 10.2475370261 0 8.86717371763 0
2457619.5 16.0332589322 0 14.5443636385 0
2457620.5 16.7985466765 0 15.2955603521 0
2457621.5 17.5804816193 0 16.0631530879 0
2457622.5 16.7435536712 0 15.2418280726 0
2457623.5 11.888728293 0 10.4799471533 0
2457624.5 11.0479389336 0 9.65461049293 0
2457625.5 11.1912542451 0 9.79529473976 0
2457626.5 11.7974847978 0 10.3902981366 0
2457627.5 12.3638446603 0 10.9460262598 0
2457628.5 12.9208919258 0 11.4926884617 0
2457629.5 12.5858090266 0 11.1612254477 0
2457630.5 12.9564318521 0 11.5251392985 0
2457631.5 12.9347491474 0 11.5040023105 0
2457632.5 13.424876103 0 11.9850663871 0
2457633.5 12.224954112 0 10.8062848873 0
2457634.5 12.3258944969 0 10.9053951861 0
2457635.5 12.9691411933 0 11.5366641192 0
2457636.5 13.4201361102 0 11.9792998036 0
2457637.5 13.1851950007 0 11.7486911744 0
2457638.5 13.3767860401 0 11.9368295577 0
2457639.5 13.1096324889 0 11.6721482266 0
2457640.5 13.4172950911 0 11.9741006841 0
2457641.5 13.4298779476 0 11.9863387908 0
2457642.5 13.9271169532 0 12.4743285726 0
2457643.5 9.92747144081 0 8.55067987728 0
2457644.5 10.5072729783 0 9.11969571843 0
2457645.5 11.1966826636 0 9.79617628497 0
2457646.5 11.02005666 0 9.62299764686 0
2457647.5 10.3203216198 0 8.93633441401 0
2457648.5 10.4856198724 0 9.09843648236 0
2457649.5 14.7957471169 0 13.3281653369 0
2457650.5 15.4639862541 0 13.9841205625 0
2457651.5 15.7388669604 0 14.2537859357 0
2457652.5 15.4981495831 0 14.0177293831 0
2457653.5 9.27253247568 0 7.90799099822 0
2457654.5 9.32270519158 0 7.9571640882 0
2457655.5 9.7039429925 0 8.33130434338 0
2457656.5 9.98501219236 0 8.60731616726 0
2457657.5 9.57202852522 0 8.20219529989 0
2457658.5 10.2234718004 0 8.84414353905 0
2457659.5 9.81761156348 0 8.44576653289 0
2457660.5 9.23495501478 0 7.87384085408 0
2457661.5 10.1231138164 0 8.74537158349 0
2457662.5 9.72481590746 0 8.35457021806 0
2457663.5 9.70236448567 0 8.33255183256 0
2457664.5 12.810688091 0 11.3809104935 0
2457665.5 12.4449565222 0 11.0220807203 0
2457666.5 13.0280503925 0 11.5943990535 0
2457667.5 13.2980382078 0 11.8592762682 0
2457668.5 18.9597028139 0 17.4148292882 0
2457669.5 18.5609786572 0 17.0236077187 0
2457670.5 17.955669218 0 16.4295297368 0
2457671.5 18.6816616718 0 17.1419905335 0
2457672.5 18.0690554402 0 16.5408905805 0
2457673.5 15.4711903349 0 13.9941165212 0
2457674.5 15.4547871147 0 13.9781225539 0
2457675.5 15.7003338779 0 14.2192301964 0
2457676.5 15.2848206521 0 13.8113461414 0
2457677.5 15.1544677279 0 13.6834931325 0
2457678.5 18.551900458 0 17.0174154189 0
2457679.5 18.101206968 0 16.575033262 0
2457680.5 17.5972852069 0 16.080396344 0
2457681.5 17.920081421 0 16.3970725102 0
2457682.5 18.1048761 0 16.5782965411 0
2457683.5 18.0021300761 0 16.4775626766 0
2457684.5 13.1345202594 0 11.6984333664 0
2457685.5 13.8678244887 0 12.4180362069 0
2457686.5 13.6251134997 0 12.1799086026 0
2457687.5 14.2493299766 0 12.7923629598 0
2457688.5 14.6978539188 0 13.2326061017 0
2457689.5 13.3954132925 0 11.9529807317 0
2457690.5 14.3346836959 0 12.8749585685 0
2457691.5 13.5707587756 0 12.1250965032 0
2457692.5 13.7991205078 0 12.3493000966 0
2457693.5 13.1299912745 0 11.6926757113 0
2457694.5 12.049151181 0 10.6293007888 0
2457695.5 12.0219406328 0 10.6026205901 0
2457696.5 12.8916742977 0 11.4561600982 0
2457697.5 12.3542348864 0 10.9285132855 0
2457698.5 11.5985590634 0 10.1866736091 0
2457699.5 12.9149371402 0 11.4767872874 0
2457700.5 12.34272752 0 10.915111247 0
2457701.5 11.4332742252 0 10.0224349185 0
2457702.5 11.8191820315 0 10.401232135 0
2457703.5 11.1492592326 0 9.74358217615 0
2457704.5 8.6890174848 0 7.33163367804 0
2457705.5 8.25534628169 0 6.9059760474 0
2457706.5 8.09558246376 0 6.74922121776 0
2457707.5 7.93992912278 0 6.59644399816 0
2457708.5 8.13317714542 0 6.78592053687 0
2457709.5 9.7942620837 0 8.41658062954 0
2457710.5 10.0242281345 0 8.64225129728 0
2457711.5 9.91192410685 0 8.53205125267 0
2457712.5 9.64283174362 0 8.26780694517 0
2457713.5 10.2814883556 0 8.89450477036 0
2457714.5 12.4675918042 0 11.0377419148 0
2457715.5 12.8944014182 0 11.4565624377 0
2457716.5 12.1577960626 0 10.7337395847 0
2457717.5 12.550930485 0 11.1195265581 0
2457718.5 15.5140749718 0 14.025808802 0
2457719.5 15.6658392452 0 14.1746903091 0
2457720.5 15.4565254212 0 13.969267046 0
2457721.5 14.8296077305 0 13.3539006179 0
2457722.5 10.8194876502 0 9.41862905355 0
2457723.5 11.0116425519 0 9.60723034337 0
2457724.5 11.1576296931 0 9.75047652157 0
2457725.5 10.9086609099 0 9.50599166837 0
2457726.5 11.704127817 0 10.2868633273 0
2457727.5 11.7168139886 0 10.2995051407 0
2457728.5 13.3100519372 0 11.8657707627 0
2457729.5 13.3202958167 0 11.8760172998 0
2457730.5 13.6522774325 0 12.2016820855 0
2457731.5 13.348584488 0 11.9036848197 0
2457732.5 16.5295431065 0 15.025138466 0
2457733.5 15.6259992814 0 14.1382875502 0
2457734.5 15.1864684821 0 13.7068079772 0
2457735.5 15.6615858918 0 14.1729528544 0
2457736.5 18.726247381 0 17.1781095324 0
2457737.5 18.6990433896 0 17.1514492067 0
2457738.5 18.9379959309 0 17.3860901855 0
2457739.5 18.2828634683 0 16.7432843186 0
2457740.5 16.4352079225 0 14.9274033993 0
2457741.5 17.0898535845 0 15.5698279184 0
2457742.5 16.9625130859 0 15.4447578835 0
2457743.5 17.1410743017 0 15.6200881691 0
2457744.5 17.1447595324 0 15.6238518642 0
2457745.5 17.4650204014 0 15.9382391954 0
2457746.5 13.7191156307 0 12.2622964071 0
2457747.5 13.9337051744 0 12.4727561289 0
2457748.5 14.205804114 0 12.7396386754 0
2457749.5 14.941187778 0 13.4613248385 0
2457750.5 14.26569059 0 12.7984134062 0
2457751.5 9.7326487806 0 8.34691121577 0
2457752.5 10.3091014369 0 8.91248576717 0
2457753.5 10.1071180304 0 8.71431049539 0
2457754.5 10.4139011879 0 9.0155422789 0
2457755.5 13.7644409245 0 12.3054033735 0
2457756.5 12.8356739118 0 11.3938828926 0
2457757.5 12.4987965857 0 11.0633661448 0
2457758.5 12.7388189406 0 11.299037888 0
2457759.5 13.2901319483 0 11.8400285803 0
2457760.5 13.3405352704 0 11.8894266046 0
2457761.5 16.1848234904 0 14.678583448 0
2457762.5 15.3348851052 0 13.8445015623 0
2457763.5 15.0076995916 0 13.5233010383 0
2457764.5 14.6973444053 0 13.2187718173 0
2457765.5 15.6266244383 0 14.1310237153 0
2457766.5 17.3223930305 0 15.7926184989 0
2457767.5 17.2424116698 0 15.7141582038 0
2457768.5 17.5059931625 0 15.972928153 0
2457769.5 18.2157099198 0 16.6696990012 0
2457770.5 15.2167065981 0 13.7257872815 0
2457771.5 15.3775568068 0 13.8838221299 0
2457772.5 16.2747809396 0 14.7643061944 0
2457773.5 15.8080399378 0 14.3061608961 0
2457774.5 15.2317965613 0 13.7404807487 0
2457775.5 14.2292608899 0 12.7597812178 0
2457776.5 15.1011660396 0 13.6154847288 0
2457777.5 15.6607181815 0 14.1646601087 0
2457778.5 16.0131545231 0 14.5106188368 0
2457779.5 15.1112140433 0 13.6252518359 0
2457780.5 14.6999478982 0 13.22156272 0
2457781.5 11.4247433957 0 10.0095521857 0
2457782.5 11.7736630897 0 10.3521231718 0
2457783.5 12.4525178954 0 11.0185691764 0
2457784.5 11.6179466762 0 10.1996109095 0
2457785.5 12.4024140207 0 10.9696736329 0
2457786.5 11.6176672448 0 10.2026836655 0
2457787.5 11.8546680329 0 10.4352434839 0
2457788.5 12.0211314488 0 10.5986284836 0
2457789.5 11.3255796733 0 9.91594410105 0
2457790.5 11.1872567297 0 9.7801863772 0
2457791.5 10.5019914629 0 9.10781044701 0
2457792.5 17.8104251976 0 16.2798548781 0
2457793.5 18.4589204508 0 16.9163839359 0
2457794.5 18.6292393228 0 17.0835421478 0
2457795.5 19.3222706412 0 17.7638387622 0
2457796.5 13.7641260871 0 12.3108653011 0
2457797.5 14.5018266494 0 13.0347258645 0
2457798.5 15.0515126667 0 13.5740857911 0
2457799.5 15.2635102951 0 13.7822216125 0
2457800.5 18.2043718655 0 16.668335881 0
2457801.5 17.5052360824 0 15.9822085735 0
2457802.5 17.6634952197 0 16.1374893949 0
2457803.5 17.8154972924 0 16.2867901718 0
2457804.5 17.8455201893 0 16.3163435238 0
2457805.5 15.4294618546 0 13.9429904604 0
2457806.5 14.7246760355 0 13.251259223 0
2457807.5 14.5881641702 0 13.1173855132 0
2457808.5 15.3868334059 0 13.9013279898 0
2457809.5 9.45458719884 0 8.07903065905 0
2457810.5 9.96995278928 0 8.58471181034 0
2457811.5 10.699174149 0 9.30037255401 0
2457812.5 10.4992961632 0 9.10407483446 0
2457813.5 9.75481562153 0 8.37327388327 0
2457814.5 12.5917687588 0 11.155134141 0
2457815.5 12.4838680553 0 11.0491455917 0
2457816.5 12.1191843324 0 10.6912475316 0
2457817.5 12.7915136707 0 11.3511761492 0
2457818.5 10.5229828785 0 9.12748212282 0
2457819.5 11.1278185351 0 9.72114896617 0
2457820.5 10.4772805142 0 9.08278790446 0
2457821.5 9.84989846369 0 8.46685040809 0
2457822.5 16.5608240506 0 15.05143252 0
2457823.5 16.9809962048 0 15.4639684427 0
2457824.5 16.9586352283 0 15.4419946109 0
2457825.5 17.2585600025 0 15.7362152173 0
2457826.5 16.5519483869 0 15.0426076951 0
2457827.5 16.278658813 0 14.7743954402 0
2457828.5 9.48545971295 0 8.11017591431 0
2457829.5 9.76574991314 0 8.3851625883 0
2457830.5 9.94478108536 0 8.56068531257 0
2457831.5 10.3818434496 0 8.98952798358 0
2457832.5 9.53398449785 0 8.15738136023 0
2457833.5 14.1002467868 0 12.640189882 0
2457834.5 13.218527465 0 11.7746223106 0
2457835.5 13.8365852605 0 12.3813727837 0
2457836.5 14.6712003441 0 13.200393687 0
2457837.5 17.3872629589 0 15.8636726032 0
2457838.5 17.6021452779 0 16.0747032202 0
2457839.5 18.3217412955 0 16.7810448384 0
2457840.5 19.0583997765 0 17.504007565 0
2457841.5 19.6355876554 0 18.0706354712 0
2457842.5 11.3758489753 0 9.96369970314 0
2457843.5 11.2480308988 0 9.83822716627 0
2457844.5 10.7643331098 0 9.36341775592 0
2457845.5 10.2391028071 0 8.84798684113 0
2457846.5 9.81277978497 0 8.4296021174 0
2457847.5 9.22077371751 0 7.84870909964 0
2457848.5 10.3081117654 0 8.91819513742 0
2457849.5 9.73515040363 0 8.35573704323 0
2457850.5 9.60905120188 0 8.2318067205 0
2457851.5 10.1285541553 0 8.74162047415 0
2457852.5 10.9936761613 0 9.59067023399 0
2457853.5 16.1963522313 0 14.6994596276 0
2457854.5 16.8661267882 0 15.3568201694 0
2457855.5 16.8630674485 0 15.3539698394 0
2457856.5 16.1050861108 0 14.610217519 0
2457857.5 15.6330711296 0 14.1469138854 0
2457858.5 15.3634528398 0 13.8822251348 0
2457859.5 10.7958869632 0 9.40056546249 0
2457860.5 10.6931481107 0 9.29959250701 0
2457861.5 11.2752903954 0 9.8709872227 0
2457862.5 10.53051526 0 9.1399629898 0
2457863.5 10.6073353633 0 9.21550378306 0
2457864.5 17.2461658657 0 15.7310428397 0
2457865.5 17.0440939219 0 15.5328612185 0
2457866.5 17.7834239746 0 16.2583271711 0
2457867.5 17.2791803875 0 15.7633045266 0
2457868.5 18.9829974515 0 17.4373900488 0
2457869.5 19.7628835927 0 18.2028984869 0
2457870.5 19.3863096348 0 17.8332579977 0
2457871.5 19.6122173434 0 18.0548489976 0
2457872.5 19.8981718387 0 18.335588468 0
2457873.5 19.0497144039 0 17.5026948817 0
2457874.5 10.1892508598 0 8.80541048796 0
2457875.5 9.50632236393 0 8.13524642727 0
2457876.5 9.66130410373 0 8.287437813 0
2457877.5 10.2873600608 0 8.90175117935 0
2457878.5 9.95432566365 0 8.57502346366 0
2457879.5 16.0777016 0 14.5862281481 0
2457880.5 15.5976849921 0 14.115118588 0
2457881.5 15.6886371734 0 14.2043902363 0
2457882.5 14.7574783162 0 13.2904170195 0
2457883.5 15.1585932541 0 13.6842820381 0
2457884.5 16.0578842184 0 14.5670022674 0
2457885.5 16.1411000125 0 14.6487463907 0
2457886.5 15.5593496765 0 14.0776951009 0
2457887.5 16.2642899303 0 14.7696894487 0
2457888.5 16.8006758353 0 15.2961757456 0
2457889.5 16.7802125252 0 15.2762471201 0
2457890.5 19.3474123196 0 17.793907105 0
2457891.5 20.0051350619 0 18.4396166606 0
2457892.5 20.398113803 0 18.825395275 0
2457893.5 20.9379197638 0 19.3553315801 0
2457894.5 20.6874004964 0 19.1096355057 0
2457895.5 12.344478892 0 10.9206275325 0
2457896.5 12.4242699885 0 10.9987401178 0
2457897.5 12.9739693772 0 11.5382148222 0
2457898.5 12.9523832179 0 11.5170433266 0
2457899.5 12.478127078 0 11.051496591 0
2457900.5 11.7562388663 0 10.3431536266 0
2457901.5 14.150146225 0 12.6913336238 0
2457902.5 13.6600004674 0 12.2101329129 0
2457903.5 13.3392766984 0 11.8954199624 0
2457904.5 14.0262285031 0 12.56975291 0
2457905.5 10.1559956654 0 8.77271885722 0
2457906.5 10.9361702256 0 9.53842258499 0
2457907.5 11.6847146243 0 10.2730718113 0
2457908.5 12.1793185475 0 10.7584479571 0
2457909.5 12.5420999037 0 11.1146605854 0
2457910.5 12.7774090159 0 11.345492359 0
2457911.5 11.5496316012 0 10.1422804253 0
2457912.5 12.1894773698 0 10.7703609184 0
2457913.5 12.66731334 0 11.2392687838 0
2457914.5 12.3873892127 0 10.964495793 0
2457915.5 12.3493256126 0 10.9269473548 0
2457916.5 12.4307638508 0 11.0068236144 0
2457917.5 17.262591269 0 15.7489600834 0
2457918.5 16.6977185346 0 15.1945506734 0
2457919.5 17.5401353256 0 16.0213692692 0
2457920.5 17.1167794732 0 15.6058152412 0
2457921.5 16.0458866192 0 14.5573750229 0
2457922.5 15.8595888909 0 14.3744661466 0
2457923.5 15.0557215021 0 13.5855076217 0
2457924.5 15.3747541609 0 13.8986052865 0
2457925.5 15.3292841606 0 13.8541507315 0
2457926.5 14.7421522043 0 13.2777939067 0
2457927.5 9.2675233793 0 7.90257582652 0
2457928.5 10.1223788102 0 8.74165147832 0
2457929.5 10.5103235825 0 9.12223483742 0
2457930.5 10.2674670859 0 8.883780186 0
2457931.5 10.9197472358 0 9.52408950252 0
2457932.5 10.8387953532 0 9.44458474274 0
2457933.5 13.9357333373 0 12.4854556154 0
2457934.5 14.7109520895 0 13.2464794373 0
2457935.5 13.9976772251 0 12.5464186198 0
2457936.5 14.5974137106 0 13.1350938274 0
2457937.5 15.144218754 0 13.6717089765 0
2457938.5 15.078363439 0 13.6098537412 0
2457939.5 15.2613523319 0 13.7892553854 0
2457940.5 15.3441563967 0 13.8707219171 0
2457941.5 15.4795924612 0 14.0036565985 0
2457942.5 15.8927609179 0 14.4092269445 0
2457943.5 15.8286135772 0 14.3463479641 0
2457944.5 11.5636803891 0 10.1618644421 0
2457945.5 10.9014855034 0 9.51214044851 0
2457946.5 10.5955582232 0 9.21199922107 0
2457947.5 9.85473719943 0 8.48475469659 0
2457948.5 9.47323346049 0 8.1102656228 0
2457949.5 12.0292646311 0 10.6170511964 0
2457950.5 11.9450144652 0 10.5341654596 0
2457951.5 11.3892941422 0 9.98857325242 0
2457952.5 10.7756162634 0 9.38632135691 0
2457953.5 12.2627858518 0 10.8471675268 0
2457954.5 12.4254300201 0 11.0067303074 0
2457955.5 13.128138368 0 11.6965487408 0
2457956.5 12.6929701373 0 11.2693562066 0
2457957.5 13.0692692796 0 11.6385345274 0
2457958.5 9.87007942613 0 8.4963876982 0
2457959.5 10.4358371471 0 9.05154083602 0
2457960.5 10.0946567433 0 8.71651113896 0
2457961.5 9.20172829302 0 7.84018710067 0
2457962.5 8.41342952756 0 7.06634157343 0
2457963.5 8.68429205651 0 7.33230425274 0
2457964.5 10.5633215337 0 9.17429438139 0
2457965.5 11.2028617024 0 9.80195007772 0
2457966.5 10.3362312271 0 8.95138577563 0
2457967.5 10.6443854803 0 9.2537351535 0
2457968.5 14.4598690908 0 12.9984993929 0
2457969.5 14.0199358702 0 12.5666406352 0
2457970.5 14.0694074147 0 12.6150179629 0
2457971.5 14.5008177082 0 13.0385562542 0
2457972.5 14.9980344263 0 13.5267085843 0
2457973.5 13.5167322088 0 12.0731865002 0
2457974.5 14.3627528721 0 12.9034982086 0
2457975.5 14.4589993029 0 12.9980518421 0
2457976.5 15.2200939694 0 13.7451131534 0
2457977.5 18.2879687022 0 16.7566132792 0
2457978.5 18.9109962004 0 17.3682459118 0
2457979.5 18.224941538 0 16.6947485716 0
2457980.5 18.243408272 0 16.7127324589 0
2457981.5 18.391749864 0 16.8582459151 0
2457982.5 9.60383216901 0 8.23471425074 0
2457983.5 9.45671662143 0 8.09023916751 0
2457984.5 9.90871819495 0 8.53395430131 0
2457985.5 10.4636557081 0 9.07850421979 0
2457986.5 9.86831515368 0 8.49475122418 0
2457987.5 9.23755237593 0 7.87570875047 0
2457988.5 9.83368763269 0 8.4608814693 0
2457989.5 10.5022856061 0 9.11715000489 0
2457990.5 12.7358426796 0 11.3089093332 0
2457991.5 12.1158888361 0 10.7004773012 0
2457992.5 12.9613890379 0 11.5301140049 0
2457993.5 12.9859288072 0 11.5543428323 0
2457994.5 12.2521559843 0 10.8343637099 0
2457995.5 12.5904675316 0 11.1662307723 0
2457996.5 12.4769848548 0 11.0557828903 0
2457997.5 12.5062445115 0 11.0844352712 0
2457998.5 12.906088085 0 11.4769755816 0
2457999.5 12.9882495602 0 11.5577285675 0
2458000.5 13.2706755095 0 11.8349078608 0
2458001.5 12.3449362367 0 10.9263343051 0
2458002.5 10.693618377 0 9.30302399966 0
2458003.5 10.2598518367 0 8.87713935666 0
2458004.5 9.67906160997 0 8.3072885677 0
2458005.5 9.01894268192 0 7.6594000995 0
2458006.5 9.56619084292 0 8.19650261767 0
2458007.5 9.43294881016 0 8.06588159814 0
2458008.5 13.3802001732 0 11.942836355 0
2458009.5 13.4995557422 0 12.0598891182 0
2458010.5 12.5986624076 0 11.1758438623 0
2458011.5 12.6498729672 0 11.2259350294 0
2458012.5 12.8086356307 0 11.381652109 0
2458013.5 13.4581589193 0 12.0189758714 0
2458014.5 10.3348910173 0 8.95567076546 0
2458015.5 9.67464582163 0 8.30766932786 0
2458016.5 8.86725977608 0 7.51512603771 0
2458017.5 8.03594323244 0 6.69914607296 0
2458018.5 7.71108387524 0 6.38021583398 0
2458019.5 8.5241194361 0 7.17802801069 0
2458020.5 9.37340787146 0 8.01122139927 0
2458021.5 9.47132226532 0 8.10720259047 0
2458022.5 8.94112147145 0 7.5869497546 0
2458023.5 8.45872351969 0 7.11352624245 0
2458024.5 8.30351127736 0 6.9611612 0
2458025.5 8.47337141366 0 7.12802154041 0
2458026.5 11.6322460383 0 10.229494618 0
2458027.5 11.4191785132 0 10.0202695941 0
2458028.5 12.1114845323 0 10.6998534547 0
2458029.5 13.0391455112 0 11.610291269 0
2458030.5 12.2509684344 0 10.8366254849 0
2458031.5 20.034555444 0 18.4760142437 0
2458032.5 19.4805526784 0 17.9323640999 0
2458033.5 18.6036638552 0 17.0716793975 0
2458034.5 18.76397618 0 17.228829306 0
2458035.5 17.0553258303 0 15.5505920518 0
2458036.5 16.6509550706 0 15.1536551571 0
2458037.5 17.4671282282 0 15.9548426084 0
2458038.5 16.8024824554 0 15.302359987 0
2458039.5 10.1051581563 0 8.73171901517 0
2458040.5 10.61153319 0 9.22882587984 0
2458041.5 10.6793079504 0 9.29525465316 0
2458042.5 10.2589905172 0 8.88279380711 0
2458043.5 9.42249777285 0 8.0616377198 0
2458044.5 10.8260207706 0 9.43785771341 0
2458045.5 10.6491282178 0 9.26417012778 0
2458046.5 11.3563421552 0 9.95813096703 0
2458047.5 11.1093809817 0 9.71591527306 0
2458048.5 10.6859999899 0 9.30023861274 0
2458049.5 10.6826162383 0 9.29694146309 0
2458050.5 11.1259391874 0 9.73205990233 0
2458051.5 11.6021536624 0 10.1995078294 0
2458052.5 11.0019123114 0 9.61046701132 0
2458053.5 11.6689826321 0 10.2651526549 0
2458054.5 11.251839683 0 9.85593362088 0
2458055.5 17.2108963493 0 15.7077598253 0
2458056.5 16.8259625798 0 15.3297581767 0
2458057.5 17.3425772386 0 15.8366585675 0
2458058.5 17.0500152424 0 15.549480619 0
2458059.5 12.6252829531 0 11.209023207 0
2458060.5 12.6991529952 0 11.2816622317 0
2458061.5 11.9998514855 0 10.5952964975 0
2458062.5 11.7381383661 0 10.3382427215 0
2458063.5 13.6852908111 0 12.2468845541 0
2458064.5 13.880385005 0 12.4385036581 0
2458065.5 13.1890661652 0 11.759929508 0
2458066.5 12.4353155899 0 11.0201244476 0
2458067.5 11.6748065768 0 10.2763920615 0
2458068.5 12.1868817456 0 10.7791066421 0
2458069.5 12.8445938528 0 11.4247647705 0
2458070.5 13.6019645171 0 12.1681616017 0
2458071.5 13.593215631 0 12.159675236 0
2458072.5 18.3188912683 0 16.8007071944 0
2458073.5 17.8662001092 0 16.3565167362 0
2458074.5 17.1872487971 0 15.6902169869 0
2458075.5 17.1234695935 0 15.6276609736 0
2458076.5 16.3833581189 0 14.9012792999 0
2458077.5 17.660188418 0 16.1568564446 0
2458078.5 18.5106698909 0 16.9914263785 0
2458079.5 19.2122950847 0 17.6800221886 0
2458080.5 19.3602274908 0 17.825050298 0
2458081.5 20.1685240261 0 18.6184486844 0
2458082.5 19.5657693455 0 18.027053696 0
2458083.5 13.1155943636 0 11.6967943085 0
2458084.5 12.676030608 0 11.2655036963 0
2458085.5 13.4590010716 0 12.0339788432 0
2458086.5 12.5378863266 0 11.130084142 0
2458087.5 12.7313047193 0 11.3197914258 0
2458088.5 20.0611878459 0 18.5169299763 0
2458089.5 20.8918379913 0 19.332274934 0
2458090.5 20.20908572 0 18.6620296772 0
2458091.5 20.1879996825 0 18.6413435294 0
2458092.5 19.7637121254 0 18.2250793571 0
2458093.5 20.3199181775 0 18.7708682157 0
2458094.5 18.0670826227 0 16.5578370636 0
2458095.5 17.3443151982 0 15.8484217647 0
2458096.5 17.4226156699 0 15.9252110666 0
2458097.5 17.5843461637 0 16.0838523523 0
2458098.5 20.1839747327 0 18.6334653815 0
2458099.5 19.6227498611 0 18.082605432 0
2458100.5 18.8227666817 0 17.2972810256 0
2458101.5 19.3608263455 0 17.8253338982 0
2458102.5 19.3969515213 0 17.8609736306 0
2458103.5 19.5138695589 0 17.9755936499 0
2458104.5 19.5458289844 0 18.0090596255 0
2458105.5 20.0972130085 0 18.5503875876 0
2458106.5 19.592162186 0 18.0548274596 0
2458107.5 18.7457306162 0 17.2238961161 0
2458108.5 18.6897009558 0 17.1691041915 0
2458109.5 19.1967305799 0 17.6668418762 0
2458110.5 18.5686126512 0 17.0522815591 0
2458111.5 17.8873443993 0 16.3836803816 0
2458112.5 18.0568016857 0 16.550153409 0
2458113.5 17.8259237484 0 16.3236753648 0
2458114.5 17.5251165762 0 16.0282643703 0
2458115.5 18.4602040037 0 16.9461996876 0
2458116.5 10.7323997534 0 9.35919382803 0
2458117.5 9.87695397392 0 8.51953894663 0
2458118.5 9.6381528354 0 8.28504049626 0
2458119.5 9.59215249134 0 8.23972048435 0
2458120.5 8.77022125322 0 7.43301742972 0
2458121.5 11.4149969099 0 10.0319297858 0
2458122.5 11.5298336274 0 10.1446900456 0
2458123.5 11.9445313649 0 10.5516140311 0
2458124.5 11.8052799105 0 10.4147809048 0
2458125.5 19.6068568622 0 18.0708207846 0
2458126.5 19.5166742932 0 17.982342837 0
2458127.5 19.0800889031 0 17.5536819489 0
2458128.5 18.2463941476 0 16.7354413456 0
2458129.5 19.4925742595 0 17.9611026124 0
2458130.5 19.9488191788 0 18.4088356757 0
2458131.5 20.3095994991 0 18.7627707201 0
2458132.5 19.6295518547 0 18.0953100238 0
2458133.5 11.6943747303 0 10.3063457278 0
2458134.5 11.5447145942 0 10.1594371944 0
2458135.5 11.9712128507 0 10.5782209086 0
2458136.5 11.7500246587 0 10.3609392643 0
2458137.5 15.9071088105 0 14.440169119 0
2458138.5 15.9208800464 0 14.4536888074 0
2458139.5 16.5478652906 0 15.0688715037 0
2458140.5 17.132142256 0 15.6422902883 0
2458141.5 16.2773006854 0 14.8032663083 0
2458142.5 15.9677588977 0 14.4993515801 0
2458143.5 14.9741080389 0 13.5259181194 0
2458144.5 14.1911520083 0 12.7576402819 0
2458145.5 14.0209868135 0 12.5907727431 0
2458146.5 13.1861821804 0 11.7712543105 0
2458147.5 11.4645231346 0 10.0820214778 0
2458148.5 11.9928838783 0 10.6007169112 0
2458149.5 11.6622226792 0 10.2760285542 0
2458150.5 11.9204018849 0 10.5292739065 0
2458151.5 11.5818222396 0 10.1971598621 0
2458152.5 11.5217741456 0 10.1381347983 0
2458153.5 15.0877789833 0 13.6360021344 0
2458154.5 16.0043235655 0 14.5353941349 0
2458155.5 16.9367313196 0 15.4507043091 0
2458156.5 16.5589582176 0 15.0800082828 0
2458157.5 16.7714624234 0 15.2885096992 0
2458158.5 12.357968377 0 10.9593832483 0
2458159.5 11.5123881172 0 10.1295625804 0
2458160.5 11.237437927 0 9.85972353588 0
2458161.5 11.1744716098 0 9.79776757595 0
2458162.5 10.9827493165 0 9.6096497397 0
2458163.5 10.8977963512 0 9.52635142017 0
2458164.5 13.1436906931 0 11.7305701738 0
2458165.5 12.4840103378 0 11.0832435393 0
2458166.5 11.7226297992 0 10.3358768616 0
2458167.5 11.8210110213 0 10.4325972748 0
2458168.5 12.3239853886 0 10.9262693242 0
2458169.5 19.6140838778 0 18.0786504063 0
2458170.5 19.2691299579 0 17.7398979742 0
2458171.5 19.0359695715 0 17.5108831706 0
2458172.5 19.1008859926 0 17.574627083 0
2458173.5 19.9589983847 0 18.4141714009 0
2458174.5 19.720481518 0 18.1802004024 0
2458175.5 20.1501482174 0 18.6020963395 0
2458176.5 19.8046984115 0 18.262967509 0
2458177.5 13.3950807102 0 11.9744030714 0
2458178.5 12.9356019781 0 11.5235457453 0
2458179.5 12.0444250119 0 10.6487725379 0
2458180.5 11.2854002031 0 9.90367510996 0
2458181.5 14.77011898 0 13.3267724332 0
2458182.5 15.3660727869 0 13.9117056615 0
2458183.5 15.6832013294 0 14.2230097831 0
2458184.5 15.6535299611 0 14.1940072194 0
2458185.5 16.0123821368 0 14.5462871322 0
2458186.5 17.3290955724 0 15.8408251746 0
2458187.5 17.8091588829 0 16.3121046088 0
2458188.5 17.7607522163 0 16.2645139937 0
2458189.5 18.486204077 0 16.9766703119 0
2458190.5 17.5740138964 0 16.0813594729 0
2458191.5 17.1669569506 0 15.6811072105 0
2458192.5 17.8153230837 0 16.3174324216 0
2458193.5 17.1821885799 0 15.6960374908 0
2458194.5 16.4104253034 0 14.9385559828 0
2458195.5 17.0350594192 0 15.5516795383 0
2458196.5 12.5609479129 0 11.1585423492 0
2458197.5 12.1354184626 0 10.740929522 0
2458198.5 11.2910681277 0 9.91243881378 0
2458199.5 11.8792991159 0 10.4899001273 0
2458200.5 11.5488396385 0 10.1654441379 0
2458201.5 15.936805066 0 14.4710540858 0
2458202.5 15.146639644 0 13.6957311862 0
2458203.5 15.5264753716 0 14.0686354332 0
2458204.5 16.0540857171 0 14.5865775348 0
2458205.5 16.1551360287 0 14.6859211628 0
2458206.5 19.4860303563 0 17.9576746966 0
2458207.5 19.0778799096 0 17.5570149061 0
2458208.5 19.6583721553 0 18.1266691062 0
2458209.5 20.1643049597 0 18.6231144906 0
2458210.5 10.6555840217 0 9.29010542824 0
2458211.5 9.73956437001 0 8.3911020893 0
2458212.5 9.92104967965 0 8.56922523075 0
2458213.5 10.1816548198 0 8.8250133277 0
2458214.5 10.3284507589 0 8.96920822296 0
2458215.5 10.4963428828 0 9.13405740989 0
2458216.5 13.5056499031 0 12.0857046495 0
2458217.5 13.8284719389 0 12.4025341086 0
2458218.5 13.4803717911 0 12.0607117828 0
2458219.5 14.2699488271 0 12.835451332 0
2458220.5 14.9850978639 0 13.5374124371 0
2458221.5 17.4438455571 0 15.9510605061 0
2458222.5 17.4022582239 0 15.9100560589 0
2458223.5 17.169584603 0 15.6815812388 0
2458224.5 17.6888798515 0 16.1912340794 0
2458225.5 18.1322018019 0 16.6262063988 0
2458226.5 19.5072054011 0 17.9745627511 0
2458227.5 19.6587304854 0 18.1234696628 0
2458228.5 18.9151855799 0 17.3936872228 0
2458229.5 19.5263394882 0 17.9934754371 0
2458230.5 20.3356648894 0 18.7853239412 0
2458231.5 19.6917734641 0 18.1533077849 0
2458232.5 19.1444937083 0 17.6160488048 0
2458233.5 18.4792643082 0 16.9630611982 0
2458234.5 17.6113688606 0 16.1112173584 0
2458235.5 16.8195915596 0 15.3368407992 0
2458236.5 17.6635141527 0 16.1649760063 0
2458237.5 17.2598133253 0 15.7686158763 0
2458238.5 17.2733992055 0 15.7817781506 0
2458239.5 18.0151688756 0 16.5097227264 0
2458240.5 17.3762639758 0 15.882673405 0
2458241.5 17.5637047643 0 16.0674886475 0
2458242.5 16.6398076204 0 15.1606880959 0
2458243.5 15.9252024112 0 14.4594169517 0
2458244.5 16.4463513324 0 14.9707779176 0
2458245.5 20.0921512761 0 18.5463424804 0
2458246.5 20.2064614052 0 18.658555289 0
2458247.5 20.005757371 0 18.4615369829 0
2458248.5 20.9169441175 0 19.3559889336 0
2458249.5 21.3072786584 0 19.7392321443 0
2458250.5 21.3448143675 0 19.7759657034 0
2458251.5 13.3881553402 0 11.9660641722 0
2458252.5 13.7116936274 0 12.283706248 0
2458253.5 13.1735416838 0 11.7557021046 0
2458254.5 13.4732961051 0 12.0497857151 0
2458255.5 12.8544871145 0 11.4422795294 0
2458256.5 14.3681252397 0 12.9301898355 0
2458257.5 13.9747494537 0 12.544272608 0
2458258.5 14.000999119 0 12.5700148311 0
2458259.5 14.0401439864 0 12.6085891212 0
2458260.5 16.2305552313 0 14.7591425611 0
2458261.5 16.9881343198 0 15.5028655049 0
2458262.5 16.0815949495 0 14.6130365507 0
2458263.5 16.3612775836 0 14.8875497426 0
2458264.5 15.703270483 0 14.2419007481 0
2458265.5 16.0488354572 0 14.5809269857 0
2458266.5 16.4536489526 0 14.97655444 0
2458267.5 15.5521156325 0 14.09155961 0
2458268.5 15.3910688023 0 13.9335217968 0
2458269.5 15.7414422288 0 14.2772388788 0
2458270.5 16.1615671962 0 14.6894561625 0
2458271.5 12.494555677 0 11.0911599466 0
2458272.5 11.6398051622 0 10.2521297907 0
2458273.5 11.6532503266 0 10.2654784304 0
2458274.5 10.7600192872 0 9.38867202708 0
2458275.5 10.0907786451 0 8.73173589567 0
2458276.5 9.35358457161 0 8.00826311637 0
2458277.5 16.3842490398 0 14.9091115516 0
2458278.5 15.4884652571 0 14.0300375716 0
2458279.5 15.0951647181 0 13.6439429938 0
2458280.5 15.778570059 0 14.314722042 0
2458281.5 20.0934735758 0 18.5522936004 0
2458282.5 20.0422353517 0 18.5018849912 0
2458283.5 19.1248046376 0 17.6013143053 0
2458284.5 19.0162041339 0 17.4948041757 0
2458285.5 19.5131024203 0 17.9824898008 0
2458286.5 19.9595254442 0 18.4207040918 0
2458287.5 10.8359483334 0 9.4660986993 0
2458288.5 10.8586171052 0 9.4881634573 0
2458289.5 11.4577142265 0 10.0763125131 0
2458290.5 12.3906651945 0 10.9920413295 0
2458291.5 11.6802878037 0 10.2947367611 0
2458292.5 18.5804638938 0 17.0681811512 0
2458293.5 18.7177776068 0 17.2029696804 0
2458294.5 17.8943405294 0 16.3949300167 0
2458295.5 17.6789486583 0 16.1836455708 0
2458296.5 17.03791099 0 15.5524345109 0
2458297.5 17.8553038515 0 16.3545699109 0
2458298.5 17.8800805349 0 16.3789821089 0
2458299.5 18.2482980234 0 16.7402125878 0
2458300.5 18.237021277 0 16.7293137435 0
2458301.5 19.7732881775 0 18.2391976508 0
2458302.5 19.9194375554 0 18.3824425926 0
2458303.5 19.7229367249 0 18.1895438868 0
2458304.5 20.1240780048 0 18.5834122762 0
2458305.5 15.1115022834 0 13.662505659 0
2458306.5 14.992552479 0 13.5457338546 0
2458307.5 15.290525706 0 13.838144025 0
2458308.5 15.1765640752 0 13.7261969957 0
2458309.5 18.290978388 0 16.7858772282 0
2458310.5 17.4846781381 0 15.9946958581 0
2458311.5 16.6393529484 0 15.1649669126 0
2458312.5 15.7700550246 0 14.3117734537 0
2458313.5 15.368078668 0 13.9174089174 0
2458314.5 20.7057272369 0 19.1550273081 0
2458315.5 21.4195609548 0 19.8555096385 0
2458316.5 21.3240300088 0 19.7617705654 0
2458317.5 21.6783620479 0 20.1097263009 0
2458318.5 21.4030383416 0 19.839366192 0
2458319.5 15.6692653485 0 14.2121185027 0
2458320.5 15.1755410501 0 13.727489952 0
2458321.5 14.7020781059 0 13.2628708303 0
2458322.5 14.0676831886 0 12.64028291 0
2458323.5 13.5481256483 0 12.1302367208 0
2458324.5 14.1804541796 0 12.7508976259 0
2458325.5 18.9114215824 0 17.3914312111 0
2458326.5 19.4466848355 0 17.916865044 0
2458327.5 19.7094597381 0 18.1749338839 0
2458328.5 20.2165949897 0 18.6727502558 0
2458329.5 20.189361502 0 18.6458434987 0
2458330.5 21.0285555236 0 19.4696648825 0
2458331.5 10.2343857622 0 8.87560033363 0
2458332.5 10.4998596703 0 9.13600897827 0
2458333.5 10.578637456 0 9.21345777383 0
2458334.5 10.3333816768 0 8.97292284168 0
2458335.5 10.4601173875 0 9.09733151172 0
2458336.5 14.3068883337 0 12.8753730221 0
2458337.5 13.4399076909 0 12.0243949297 0
2458338.5 12.8685851773 0 11.4634823753 0
2458339.5 12.849277791 0 11.4445233739 0
2458340.5 17.182181288 0 15.696525508 0
2458341.5 17.7918002919 0 16.2949914771 0
2458342.5 18.5931113279 0 17.0814083113 0
2458343.5 18.6813444809 0 17.1681392071 0
2458344.5 18.3877647163 0 16.8798129119 0
2458345.5 18.683255152 0 17.1703649237 0
2458346.5 19.1211000765 0 17.600066359 0
2458347.5 18.4225271363 0 16.9144834083 0
2458348.5 18.3220507623 0 16.8159344843 0
2458349.5 19.7027409382 0 18.1718972252 0
2458350.5 19.0431006162 0 17.5246746524 0
2458351.5 18.1845821147 0 16.6822328293 0
2458352.5 19.0364271901 0 17.5183422103 0
2458353.5 21.4670834881 0 19.9071611432 0
2458354.5 20.8499831106 0 19.3016038777 0
2458355.5 21.7502407155 0 20.1850600704 0
2458356.5 20.9676315628 0 19.4170501295 0
2458357.5 20.9200770734 0 19.3702325344 0
2458358.5 13.9351040916 0 12.5121956955 0
2458359.5 14.5017010808 0 13.0684651245 0
2458360.5 15.1413187404 0 13.6962313267 0
2458361.5 14.5994276055 0 13.1645085067 0
2458362.5 16.2487830821 0 14.7865460822 0
2458363.5 15.3567428026 0 13.9112013029 0
2458364.5 15.7344485595 0 14.2817405079 0
2458365.5 15.5936721285 0 14.1435589167 0
2458366.5 17.7058370584 0 16.2181359635 0
2458367.5 18.527440326 0 17.0244495794 0
2458368.5 19.4096132695 0 17.8900931535 0
2458369.5 20.2588223866 0 18.7237547671 0
2458370.5 18.7859639978 0 17.2804009908 0
2458371.5 19.2883756412 0 17.7734070949 0
2458372.5 19.4978607643 0 17.9790977748 0
2458373.5 19.7264358589 0 18.2033526589 0
2458374.5 19.9402769194 0 18.4130367541 0
2458375.5 20.2389260921 0 18.7035546048 0
2458376.5 20.8574768396 0 19.3106254872 0
2458377.5 20.9874822989 0 19.4380408143 0
2458378.5 21.8208890314 0 20.2561996157 0
2458379.5 21.1124024019 0 19.5609979787 0
2458380.5 21.4567987622 0 19.8992152468 0
2458381.5 17.0086317711 0 15.5318041036 0
2458382.5 17.8765767854 0 16.3838695129 0
2458383.5 17.432628583 0 15.9481541552 0
2458384.5 17.2358941839 0 15.7552578982 0
2458385.5 17.7297659945 0 16.2398961971 0
2458386.5 17.2587816857 0 15.7778365795 0
2458387.5 10.8258920593 0 9.46332741044 0
2458388.5 11.3019516947 0 9.93052143645 0
2458389.5 11.9420898554 0 10.5588690654 0
2458390.5 11.8244567898 0 10.4433533183 0
2458391.5 11.0331804779 0 9.66680516512 0
2458392.5 12.9311453553 0 11.5285473076 0
2458393.5 12.2134475227 0 10.8241327542 0
2458394.5 12.80282196 0 11.4026367792 0
2458395.5 11.8975111412 0 10.5141663208 0
2458396.5 12.6118221318 0 11.2152242004 0
2458397.5 11.9925728987 0 10.6074721419 0
2458398.5 12.1348831176 0 10.7472979103 0
2458399.5 13.0113671082 0 11.6075307485 0
2458400.5 13.3892403784 0 11.9783438036 0
2458401.5 20.3314207063 0 18.7905487213 0
2458402.5 20.3098392279 0 18.7693422261 0
2458403.5 20.7649026724 0 19.2158158947 0
2458404.5 21.4890259496 0 19.9264674994 0
2458405.5 22.0597407284 0 20.4866540197 0
2458406.5 16.0641348848 0 14.6000073393 0
2458407.5 15.5100472267 0 14.0561033349 0
2458408.5 14.8344778622 0 13.3930344643 0
2458409.5 15.5528779544 0 14.0979926561 0
2458410.5 15.941730468 0 14.479440285 0
2458411.5 16.1613751076 0 14.6949701054 0
2458412.5 11.8207385962 0 10.4356392774 0
2458413.5 12.4554588729 0 11.058767403 0
2458414.5 12.540428625 0 11.1420666366 0
2458415.5 12.5491614992 0 11.1505971475 0
2458416.5 15.7106413979 0 14.2529104119 0
2458417.5 16.6239675497 0 15.149501839 0
2458418.5 16.0685472872 0 14.6044097348 0
2458419.5 16.7617333373 0 15.2847210113 0
2458420.5 10.4127267993 0 9.05205585352 0
2458421.5 10.2842496055 0 8.92582233954 0
2458422.5 10.7454346155 0 9.37844741244 0
2458423.5 10.6372753334 0 9.27241303511 0
2458424.5 11.4600727208 0 10.0799940239 0
2458425.5 13.9135410171 0 12.4874199924 0
2458426.5 13.5644737313 0 12.1448589473 0
2458427.5 13.4216191642 0 12.0046664524 0
2458428.5 13.0552383853 0 11.6452672224 0
2458429.5 12.3870202796 0 10.9895791015 0
2458430.5 10.6646999429 0 9.29650858132 0
2458431.5 9.77982819121 0 8.4281591779 0
2458432.5 10.5903670767 0 9.22355079976 0
2458433.5 10.5185296793 0 9.15297211153 0
2458434.5 9.74634291459 0 8.39492968263 0
2458435.5 18.9672982072 0 17.445885778 0
2458436.5 18.6828116205 0 17.1665447826 0
2458437.5 18.3508604239 0 16.8406986187 0
2458438.5 17.6519647725 0 16.1548337263 0
2458439.5 17.9659221174 0 16.4627892288 0
2458440.5 18.7384474037 0 17.2210255203 0
2458441.5 16.7470119668 0 15.2662085224 0
2458442.5 16.0634017065 0 14.5952906062 0
2458443.5 16.3105649689 0 14.8376856825 0
2458444.5 16.2039319902 0 14.7329866388 0
2458445.5 16.7618070491 0 15.2805866493 0
2458446.5 12.1624125902 0 10.7674546582 0
2458447.5 12.7240078812 0 11.3187253989 0
2458448.5 13.2347104059 0 11.8198317797 0
2458449.5 13.9084418402 0 12.4810177775 0
2458450.5 14.415005896 0 12.9783605532 0
2458451.5 15.2140750608 0 13.7626873468 0
2458452.5 19.9579262322 0 18.419809801 0
2458453.5 20.3257724818 0 18.780859377 0
2458454.5 20.8955178182 0 19.3400534111 0
2458455.5 21.5371197943 0 19.9695969416 0
2458456.5 14.4130426453 0 12.9750980909 0
2458457.5 14.8953147742 0 13.4483759643 0
2458458.5 15.5629609654 0 14.1035839992 0
2458459.5 16.0065878926 0 14.5389571435 0
2458460.5 15.2729929279 0 13.8188186757 0
2458461.5 15.6613870177 0 14.1998862671 0
2458462.5 19.145951298 0 17.6198448754 0
2458463.5 18.8048227841 0 17.2850913872 0
2458464.5 18.8577953276 0 17.3371883913 0
2458465.5 19.0559153695 0 17.5316898595 0
2458466.5 14.9930529321 0 13.5450309025 0
2458467.5 15.1082837792 0 13.6581125829 0
2458468.5 14.2678978322 0 12.8334963656 0
2458469.5 14.2410487842 0 12.8069865695 0
2458470.5 13.5410980008 0 12.1202062335 0
2458471.5 14.3311332425 0 12.8954314244 0
2458472.5 13.3946502132 0 11.9782202501 0
2458473.5 13.6706974185 0 12.2491563631 0
2458474.5 13.5175966683 0 12.0989254699 0
2458475.5 13.1487050469 0 11.7366796272 0
2458476.5 13.7362405396 0 12.3133921826 0
2458477.5 10.742782082 0 9.37583581031 0
2458478.5 10.9866829645 0 9.6152799937 0
2458479.5 10.1248202526 0 8.76938486731 0
2458480.5 10.8495197894 0 9.48054594946 0
2458481.5 11.003364002 0 9.63164719104 0
2458482.5 12.3377614179 0 10.941637163 0
2458483.5 12.4761411898 0 11.0776318783 0
2458484.5 11.5622723371 0 10.1805528771 0
2458485.5 11.8309585159 0 10.4443039877 0
2458486.5 11.5173212985 0 10.1365148025 0
2458487.5 11.1210868352 0 9.74772075696 0
2458488.5 10.9751164149 0 9.60529326583 0
2458489.5 11.0044558251 0 9.63406276765 0
2458490.5 10.6016959233 0 9.23893849232 0
2458491.5 11.3643837674 0 9.9875444941 0
2458492.5 11.5852687151 0 10.2046245729 0
2458493.5 12.4191190457 0 11.022894856 0
2458494.5 11.6478263115 0 10.2660656276 0
2458495.5 10.8668220304 0 9.4996610834 0
2458496.5 20.4575926125 0 18.9107564986 0
2458497.5 21.0121609255 0 19.4552029737 0
2458498.5 21.7307807894 0 20.1604131816 0
2458499.5 21.558608702 0 19.9915027087 0
2458500.5 22.204157106 0 20.6249222425 0
2458501.5 22.2802786026 0 20.6996813651 0
2458502.5 19.0239186172 0 17.5027447332 0
2458503.5 19.1890654181 0 17.6648127283 0
2458504.5 19.0768958638 0 17.5547140353 0
2458505.5 18.6032276739 0 17.0897992622 0
2458506.5 20.4223346749 0 18.8773485853 0
2458507.5 19.8824605714 0 18.3474203438 0
2458508.5 19.1476113793 0 17.6260846786 0
2458509.5 18.8010163815 0 17.2860734491 0
2458510.5 19.4264539454 0 17.8997357052 0
2458511.5 19.3293567987 0 17.8043487292 0
2458512.5 11.8635053504 0 10.4775803424 0
2458513.5 12.6226940992 0 11.2227072899 0
2458514.5 12.7717905608 0 11.3690072812 0
2458515.5 13.5185891515 0 12.1020523948 0
2458516.5 12.6341335572 0 11.2341562354 0
2458517.5 11.8505495753 0 10.4651624557 0
2458518.5 14.2813702128 0 12.8523286193 0
2458519.5 13.655649601 0 12.238392212 0
2458520.5 14.1220640882 0 12.6959998098 0
2458521.5 14.4522560723 0 13.0201366808 0
2458522.5 16.9238815286 0 15.4434982016 0
2458523.5 17.2210288792 0 15.7349475317 0
2458524.5 16.9507126197 0 15.4695977299 0
2458525.5 17.2429367849 0 15.7564342491 0
2458526.5 17.5828880815 0 16.0899874806 0
2458527.5 12.7810965537 0 11.3783331188 0
2458528.5 13.4106657605 0 11.9960497741 0
2458529.5 12.5451891562 0 11.1467800143 0
2458530.5 12.2221244301 0 10.8298146085 0
2458531.5 15.7130137721 0 14.2565103575 0
2458532.5 15.2839315469 0 13.835255253 0
2458533.5 14.4044229318 0 12.9722401758 0
2458534.5 14.7511557651 0 13.3123477784 0
2458535.5 14.5034452446 0 13.0691900478 0
2458536.5 15.3801883988 0 13.9296135907 0
2458537.5 17.8303383669 0 16.3351895196 0
2458538.5 17.170825047 0 15.6880847506 0
2458539.5 17.9086855777 0 16.4120894656 0
2458540.5 18.7253377813 0 17.2136835363 0
2458541.5 11.0956620455 0 9.72668990702 0
2458542.5 11.7470504964 0 10.3661112711 0
2458543.5 12.6473177703 0 11.2496723865 0
2458544.5 13.0311499279 0 11.626421991 0
2458545.5 19.5329311179 0 18.0069206772 0
2458546.5 19.9499746468 0 18.4162821501 0
2458547.5 19.6257247216 0 18.0981514555 0
2458548.5 19.126797923 0 17.6085688424 0
2458549.5 17.7581264376 0 16.2653894672 0
2458550.5 18.0469013942 0 16.5488477768 0
2458551.5 18.7266760872 0 17.2158693063 0
2458552.5 18.5443474394 0 17.0368885226 0
2458553.5 20.845456459 0 19.2947339806 0
2458554.5 20.9114768829 0 19.3595639552 0
2458555.5 20.4084304358 0 18.8656571488 0
2458556.5 19.9563429304 0 18.421916069 0
2458557.5 17.6034140085 0 16.1152663518 0
2458558.5 17.3579798083 0 15.8742370216 0
2458559.5 16.7560528026 0 15.2832714673 0
2458560.5 17.0304518346 0 15.5524778538 0
2458561.5 14.2911086804 0 12.8621698618 0
2458562.5 13.3723673669 0 11.9604343645 0
2458563.5 13.2242419154 0 11.8150120265 0
2458564.5 12.964237976 0 11.5599992173 0
2458565.5 12.6697462194 0 11.2710509326 0
2458566.5 17.6863937125 0 16.1919283859 0
2458567.5 18.2540269374 0 16.7489917724 0
2458568.5 19.0781632202 0 17.5577863067 0
2458569.5 19.1714155614 0 17.6494811552 0
2458570.5 20.0794128428 0 18.5407813781 0
2458571.5 20.6543719079 0 19.104987655 0
2458572.5 18.6978525677 0 17.1820945991 0
2458573.5 19.3383467321 0 17.8108148633 0
2458574.5 19.9976324211 0 18.4578480025 0
2458575.5 20.8659828323 0 19.3099909996 0
2458576.5 21.1333164359 0 19.57248688 0
2458577.5 19.1995423387 0 17.6717939018 0
2458578.5 18.6030204442 0 17.0863141862 0
2458579.5 19.2616079286 0 17.7325148359 0
2458580.5 18.9080065043 0 17.3856347203 0
2458581.5 15.2128923126 0 13.7617435903 0
2458582.5 14.657695456 0 13.2167052924 0
2458583.5 15.1521287589 0 13.7020296201 0
2458584.5 15.656947604 0 14.1976770493 0
2458585.5 20.9373445089 0 19.3835270688 0
2458586.5 20.6291786761 0 19.0811499056 0
2458587.5 20.529140092 0 18.9830731973 0
2458588.5 19.8496696651 0 18.316220691 0
2458589.5 15.776160043 0 14.3194273818 0
2458590.5 15.5219502585 0 14.0697355348 0
2458591.5 14.9204834484 0 13.4794679446 0
2458592.5 14.6544525257 0 13.2185213622 0
2458593.5 19.5956788331 0 18.0694545434 0
2458594.5 19.1526954603 0 17.6346070043 0
2458595.5 18.4929868693 0 16.9871319239 0
2458596.5 17.7688921917 0 16.2766094153 0
2458597.5 18.2053554378 0 16.7051110421 0
2458598.5 18.9012999672 0 17.3880706494 0
2458599.5 12.5609602012 0 11.1674615333 0
2458600.5 12.0703073964 0 10.6857600436 0
2458601.5 12.3711443813 0 10.9811112772 0
2458602.5 12.7304066747 0 11.3337191703 0
2458603.5 12.4472604693 0 11.0556554241 0
2458604.5 11.8687946367 0 10.4878485834 0
2458605.5 20.1300796896 0 18.5943219783 0
2458606.5 20.585180903 0 19.0410939189 0
2458607.5 20.546658682 0 19.0031952424 0
2458608.5 21.0577634083 0 19.5046857167 0
2458609.5 11.7942821393 0 10.4111202697 0
2458610.5 12.4296785004 0 11.0346461742 0
2458611.5 13.1975577261 0 11.7883953721 0
2458612.5 12.8501648133 0 11.4473391429 0
2458613.5 13.1203182601 0 11.7140593269 0
2458614.5 13.8364294699 0 12.4168005724 0
2458615.5 14.5432459643 0 13.1106835983 0
2458616.5 14.7081204479 0 13.2723495627 0
2458617.5 15.4799221522 0 14.0298496217 0
2458618.5 16.8752780882 0 15.4025111743 0
2458619.5 16.8049850718 0 15.3335899559 0
2458620.5 16.5788662425 0 15.1118250202 0
2458621.5 16.1644570525 0 14.7050801788 0
2458622.5 17.0329346486 0 15.5575108773 0
2458623.5 17.3502871536 0 15.8691566262 0
2458624.5 18.9476694367 0 17.4356972139 0
2458625.5 19.4054076532 0 17.8849441222 0
2458626.5 20.1958246409 0 18.6608540764 0
2458627.5 20.7395666331 0 19.1947139226 0
2458628.5 19.8737625359 0 18.344740921 0
2458629.5 15.8243955751 0 14.3699286373 0
2458630.5 16.0527607493 0 14.594079692 0
2458631.5 16.282328076 0 14.8193053887 0
2458632.5 16.7363163232 0 15.2647281845 0
2458633.5 17.2822651233 0 15.8003965756 0
2458634.5 17.5627303562 0 16.0756639416 0
2458635.5 10.9475978816 0 9.58609762058 0
2458636.5 10.4908011696 0 9.13785118131 0
2458637.5 9.65962524123 0 8.3221341043 0
2458638.5 10.5498057503 0 9.19592108589 0
2458639.5 19.6479759525 0 18.1277428475 0
2458640.5 19.9995430012 0 18.4727890394 0
2458641.5 20.7619995764 0 19.2210672136 0
2458642.5 20.898959653 0 19.3553921408 0
2458643.5 21.3810088815 0 19.8286606133 0
2458644.5 22.0004921116 0 20.4366215202 0
2458645.5 14.1613116191 0 12.741743966 0
2458646.5 14.1366284177 0 12.7173717142 0
2458647.5 13.284672509 0 11.8810382971 0
2458648.5 13.1939010048 0 11.7919505229 0
2458649.5 13.3109892146 0 11.9067848733 0
2458650.5 21.3129665683 0 19.7630764822 0
2458651.5 20.922737421 0 19.3800987319 0
2458652.5 20.0104548942 0 18.4846576201 0
2458653.5 20.7120949941 0 19.1732210272 0
2458654.5 19.9663195512 0 18.4411498327 0
2458655.5 12.9521633737 0 11.5577030405 0
2458656.5 13.8813846971 0 12.4698060012 0
2458657.5 13.4365035477 0 12.0332623526 0
2458658.5 13.8081252025 0 12.3981056087 0
2458659.5 15.6789755244 0 14.2368661633 0
2458660.5 15.7656430672 0 14.3218752178 0
2458661.5 15.2498924808 0 13.815837423 0
2458662.5 14.7378164145 0 13.3134236825 0
2458663.5 14.7463429146 0 13.3219621027 0
2458664.5 16.7544244651 0 15.2958876821 0
2458665.5 17.0819814556 0 15.6175448483 0
2458666.5 17.3582694411 0 15.8888845692 0
2458667.5 16.7462600982 0 15.2880849187 0
2458668.5 16.0117803931 0 14.5673389608 0
2458669.5 15.5980612356 0 14.1611030257 0
2458670.5 20.0067188702 0 18.4856643025 0
2458671.5 20.0172262928 0 18.496102326 0
2458672.5 19.1469826744 0 17.6417901355 0
2458673.5 19.2170694624 0 17.7105160441 0
2458674.5 18.6671681866 0 17.1708956058 0
2458675.5 15.1614027705 0 13.7304658648 0
2458676.5 15.2051482782 0 13.7735311505 0
2458677.5 15.5801492444 0 14.1414844243 0
2458678.5 16.0460544859 0 14.5985720876 0
2458679.5 14.1967839458 0 12.7829459457 0
2458680.5 13.6638270238 0 12.2598011417 0
2458681.5 13.9951582469 0 12.5851259632 0
2458682.5 13.1758889092 0 11.7809731683 0
2458683.5 12.745503242 0 11.3585296634 0
2458684.5 12.2911637252 0 10.9127138295 0
2458685.5 18.5434946377 0 17.0490107015 0
2458686.5 19.1190029015 0 17.6139129724 0
2458687.5 18.7404977659 0 17.2426078087 0
2458688.5 17.987572615 0 16.5037004029 0
2458689.5 18.1480331284 0 16.6613657797 0
2458690.5 18.3137117199 0 16.8240780468 0
2458691.5 18.6856418381 0 17.186982652 0
2458692.5 18.9957625789 0 17.4912980463 0
2458693.5 19.7388223401 0 18.2205057506 0
2458694.5 20.651462567 0 19.1163808616 0
2458695.5 14.0320167965 0 12.6222880327 0
2458696.5 13.2418070298 0 11.8468202211 0
2458697.5 12.8539045581 0 11.4662376063 0
2458698.5 13.5928311561 0 12.191563413 0
2458699.5 13.5791400961 0 12.175555406 0
2458700.5 13.596528224 0 12.1927359683 0
2458701.5 13.6212871738 0 12.2170533619 0
2458702.5 12.6898604364 0 11.3028535695 0
2458703.5 12.3896760652 0 11.0080475009 0
2458704.5 12.1480685961 0 10.7699718346 0
2458705.5 11.6036829094 0 10.235853338 0
2458706.5 12.038906729 0 10.6629264465 0
2458707.5 11.2208369411 0 9.86015966708 0
2458708.5 11.7187975997 0 10.3486942799 0
2458709.5 20.2792639273 0 18.7496541951 0
2458710.5 20.6901913588 0 19.1528979661 0
2458711.5 21.3594456237 0 19.8096263844 0
2458712.5 20.474909414 0 18.9414453739 0
2458713.5 21.3632726878 0 19.8132157401 0
2458714.5 21.3531708837 0 19.8033306218 0
2458715.5 19.3395681317 0 17.8251824207 0
2458716.5 19.1196397363 0 17.6092066666 0
2458717.5 19.3987816389 0 17.8830862409 0
2458718.5 19.4040083483 0 17.8882655702 0
2458719.5 19.8414629875 0 18.3174530341 0
2458720.5 14.7824126151 0 13.3529934535 0
2458721.5 15.1303445801 0 13.6942794384 0
2458722.5 15.2341362627 0 13.7962604969 0
2458723.5 14.9285342545 0 13.4962759864 0
2458724.5 15.8323012853 0 14.3831388408 0
2458725.5 13.6429746985 0 12.2337127954 0
2458726.5 14.2354096684 0 12.815050068 0
2458727.5 14.9575638625 0 13.5236895331 0
2458728.5 15.5782125867 0 14.1328955759 0
2458729.5 19.6794543126 0 18.1612714239 0
2458730.5 19.7345890763 0 18.2155476808 0
2458731.5 20.6204170778 0 19.0851303279 0
2458732.5 20.2493121876 0 18.7208556587 0
2458733.5 20.944777493 0 19.4033231587 0
2458734.5 20.7401802367 0 19.2025582774 0
2458735.5 19.9678342069 0 18.4428533416 0
2458736.5 19.7325308097 0 18.2120763754 0
2458737.5 20.3663691347 0 18.8342221753 0
2458738.5 21.1159807899 0 19.5701422296 0
2458739.5 20.7004967569 0 19.1624400217 0
2458740.5 20.2983826791 0 18.7679586938 0
2458741.5 11.2993504393 0 9.93756839553 0
2458742.5 11.7655586514 0 10.3952218763 0
2458743.5 12.6505887878 0 11.2636830342 0
2458744.5 12.0424143399 0 10.6669498426 0
2458745.5 11.2467307207 0 9.8862075036 0
2458746.5 16.5822692949 0 15.1217590735 0
2458747.5 16.5330153385 0 15.0734870233 0
2458748.5 16.7123607847 0 15.2494519379 0
2458749.5 17.3572037066 0 15.8825228696 0
2458750.5 17.7657554858 0 16.2836018492 0
2458751.5 11.5000166117 0 10.1317775042 0
2458752.5 11.4696994931 0 10.1019786508 0
2458753.5 11.7173207722 0 10.3448236848 0
2458754.5 11.6838080527 0 10.3119844109 0
2458755.5 11.1082441247 0 9.7472414961 0
2458756.5 21.4753214025 0 19.9197864106 0
2458757.5 21.6513058073 0 20.0924677198 0
2458758.5 21.1846408211 0 19.6345255921 0
2458759.5 20.972090815 0 19.4257710822 0
2458760.5 21.7378122389 0 20.1774383428 0
2458761.5 18.2686872815 0 16.7741704142 0
2458762.5 18.4414557451 0 16.9437622335 0
2458763.5 19.1124267973 0 17.6023798157 0
2458764.5 19.758386165 0 18.2362562868 0
2458765.5 19.5419307657 0 18.0236439334 0
2458766.5 19.6783718962 0 18.1599572353 0
2458767.5 20.4913409932 0 18.957939159 0
2458768.5 19.6399421772 0 18.1222551096 0
2458769.5 19.1627754069 0 17.653893585 0
2458770.5 11.6438801297 0 10.276013574 0
2458771.5 12.4298067311 0 11.0475359673 0
2458772.5 12.3446802505 0 10.9639529824 0
2458773.5 13.0674361397 0 11.6733629981 0
2458774.5 20.4920329334 0 18.9580323055 0
2458775.5 20.506543388 0 18.9722624063 0
2458776.5 20.6922938455 0 19.15467138 0
2458777.5 20.5795860118 0 19.0441188623 0
2458778.5 16.128166806 0 14.6779400387 0
2458779.5 16.1209237254 0 14.6709437167 0
2458780.5 16.5843961424 0 15.1259056804 0
2458781.5 16.5410216463 0 15.0832423957 0
2458782.5 16.4599006651 0 15.0035899437 0
2458783.5 16.583940739 0 15.1235864963 0
2458784.5 16.9826480662 0 15.514815399 0
2458785.5 16.0667775636 0 14.6160969418 0
2458786.5 15.8188451045 0 14.3727813221 0
2458787.5 16.4052840563 0 14.9484743311 0
2458788.5 21.0649904514 0 19.5247228692 0
2458789.5 21.6681410729 0 20.1165817579 0
2458790.5 21.3154726806 0 19.770379944 0
2458791.5 20.8190888715 0 19.2833660335 0
2458792.5 19.9282303421 0 18.4088667704 0
2458793.5 19.4711107849 0 17.9600993077 0
2458794.5 14.3805754703 0 12.96318087 0
2458795.5 13.8243480007 0 12.4170912426 0
2458796.5 13.364814341 0 11.9662713513 0
2458797.5 12.5584199542 0 11.1746500134 0
2458798.5 21.49564203 0 19.948977659 0
2458799.5 21.2012536505 0 19.6600808346 0
2458800.5 20.6935790946 0 19.1617424713 0
2458801.5 21.5970337027 0 20.0484098227 0
2458802.5 15.4299675019 0 13.9975650888 0
2458803.5 15.1865593727 0 13.7587749658 0
2458804.5 15.7545476084 0 14.3160426181 0
2458805.5 15.3479154063 0 13.9171165342 0
2458806.5 14.2202181994 0 12.8086238006 0
2458807.5 15.1585213848 0 13.7295972018 0
2458808.5 15.6410496113 0 14.2033315564 0
2458809.5 15.2916997244 0 13.860426212 0
2458810.5 16.1809484448 0 14.7354652141 0
2458811.5 15.7424873015 0 14.3050428882 0
2458812.5 16.349838698 0 14.9011573682 0
2458813.5 16.6756782196 0 15.2208877065 0
2458814.5 15.1604509405 0 13.733298816 0
2458815.5 15.8100425502 0 14.3706782014 0
2458816.5 15.4812302482 0 14.0480947892 0
2458817.5 15.7111654967 0 14.2738032478 0
2458818.5 21.2791521052 0 19.7359656954 0
2458819.5 21.1496216501 0 19.6088270246 0
2458820.5 20.713704309 0 19.1808630826 0
2458821.5 20.4577655592 0 18.9295414841 0
2458822.5 13.2579077371 0 11.8606485825 0
2458823.5 13.1961395295 0 11.7998739203 0
2458824.5 12.5389746236 0 11.1549221119 0
2458825.5 13.0592569901 0 11.6654884014 0
2458826.5 14.5857847151 0 13.1640354679 0
2458827.5 14.0835667504 0 12.6713179461 0
2458828.5 14.2465345296 0 12.831418349 0
2458829.5 13.7324961278 0 12.3270465749 0
2458830.5 12.9604888369 0 11.5693664066 0
2458831.5 20.5144234991 0 18.984673178 0
2458832.5 20.8799894205 0 19.34347899 0
2458833.5 20.9165755784 0 19.379532072 0
2458834.5 20.7141286509 0 19.1806675454 0
2458835.5 20.540716344 0 19.010614537 0
2458836.5 20.4382530909 0 18.9100158279 0
2458837.5 17.0273056988 0 15.5596828675 0
2458838.5 17.4445004454 0 15.9691921141 0
2458839.5 18.385936704 0 16.8933837228 0
2458840.5 18.6114820671 0 17.114637993 0
2458841.5 19.2016335673 0 17.6938163166 0
2458842.5 18.4443848757 0 16.9505856249 0
2458843.5 15.3287988872 0 13.8914998449 0
2458844.5 15.5651581489 0 14.1234836225 0
2458845.5 15.3157431192 0 13.8787103285 0
2458846.5 15.1078827057 0 13.6748342132 0
2458847.5 17.2112791011 0 15.7366692076 0
2458848.5 17.6581903701 0 16.1754568794 0
2458849.5 18.1256217326 0 16.634149843 0
2458850.5 17.2309449635 0 15.7560028523 0
2458851.5 16.4971964146 0 15.0359218318 0
2458852.5 17.0522218964 0 15.582290749 0
2458853.5 16.6650631053 0 15.2024579602 0
2458854.5 16.4269856038 0 14.9689763351 0
2458855.5 15.630432632 0 14.1873602983 0
2458856.5 14.7894640154 0 13.3621748112 0
2458857.5 14.001801525 0 12.5889259084 0
2458858.5 13.307685548 0 11.9076635121 0
2458859.5 13.7425325711 0 12.3344042199 0
2458860.5 14.2864066121 0 12.8680730296 0
2458861.5 14.2411707608 0 12.8236752434 0
2458862.5 13.9738912511 0 12.5612713582 0
2458863.5 13.6373043043 0 12.2310195397 0
2458864.5 20.9450222056 0 19.4006217231 0
2458865.5 21.7687977109 0 20.2093132024 0
2458866.5 21.7440411639 0 20.1849579762 0
2458867.5 21.5545555237 0 19.9990829403 0
2458868.5 13.1506118021 0 11.7539585037 0
2458869.5 13.8396453663 0 12.430378865 0
2458870.5 13.0234951609 0 11.6292339474 0
2458871.5 13.2825073788 0 11.8835202998 0
2458872.5 16.5892497465 0 15.1269537509 0
2458873.5 17.4922117852 0 16.0131669453 0
2458874.5 17.4557986494 0 15.9775599169 0
2458875.5 17.5491794486 0 16.0691656431 0
2458876.5 19.1357684527 0 17.6236719072 0
2458877.5 19.478152436 0 17.9596558658 0
2458878.5 18.651669483 0 17.1485790625 0
2458879.5 18.8672800486 0 17.3603276768 0
2458880.5 19.1412894514 0 17.6293074204 0
2458881.5 21.4969511324 0 19.9433765492 0
2458882.5 21.0581310579 0 19.5126802398 0
2458883.5 21.2678951656 0 19.7187329874 0
2458884.5 21.3234655729 0 19.7732899398 0
2458885.5 21.3628848023 0 19.8118664007 0
2458886.5 13.6207258923 0 12.2126781246 0
2458887.5 13.5931065736 0 12.1854919814 0
2458888.5 13.8650576795 0 12.4523859152 0
2458889.5 13.5998644096 0 12.1919475839 0
2458890.5 12.9154722019 0 11.5200983343 0
2458891.5 14.2855021464 0 12.8647715184 0
2458892.5 15.0512591545 0 13.6164148397 0
2458893.5 15.0437433516 0 13.6092383194 0
2458894.5 15.7125718663 0 14.2655051076 0
2458895.5 16.3263238419 0 14.8679891782 0
2458896.5 16.4574910031 0 14.9968429306 0
2458897.5 11.9717887353 0 10.5946786017 0
2458898.5 11.6641230123 0 10.2927144911 0
2458899.5 11.4263266716 0 10.059479379 0
2458900.5 11.8525769472 0 10.4776921039 0
2458901.5 12.2587738608 0 10.8764121404 0
2458902.5 13.266378689 0 11.8638406913 0
2458903.5 13.5084847218 0 12.1015287344 0
2458904.5 13.3146891819 0 11.9113714286 0
2458905.5 13.7175396566 0 12.3068201247 0
2458906.5 17.7115861661 0 16.2283239474 0
2458907.5 18.0648232737 0 16.5749711994 0
2458908.5 17.2501202397 0 15.7755628098 0
2458909.5 17.5508105591 0 16.0708597887 0
2458910.5 18.3270838028 0 16.8325796271 0
2458911.5 18.0038583648 0 16.515148603 0
2458912.5 14.2579647574 0 12.8374256765 0
2458913.5 14.5939004121 0 13.1670576131 0
2458914.5 14.7734820433 0 13.3432824574 0
2458915.5 15.1649427725 0 13.7275703295 0
2458916.5 20.3095223928 0 18.7784867953 0
2458917.5 19.8186868913 0 18.2966298031 0
2458918.5 19.9752875668 0 18.4503078525 0
2458919.5 20.5246901365 0 18.9894419408 0
2458920.5 20.421342699 0 18.8881202469 0
2458921.5 20.6743906105 0 19.1363823639 0
2458922.5 21.4763012585 0 19.9232963166 0
2458923.5 20.9120629867 0 19.3694990719 0
2458924.5 20.1504496016 0 18.6219415046 0
2458925.5 11.0459440893 0 9.6852376415 0
2458926.5 11.676121929 0 10.3035994365 0
2458927.5 11.6252081438 0 10.2536665483 0
2458928.5 11.2502567319 0 9.88578424035 0
2458929.5 15.2062460726 0 13.7662022179 0
2458930.5 15.1676348582 0 13.7282115444 0
2458931.5 14.3493533327 0 12.9250627538 0
2458932.5 14.7863471945 0 13.3541020745 0
2458933.5 15.4354184194 0 13.9912039662 0
2458934.5 14.9498222412 0 13.514734396 0
2458935.5 14.0951570225 0 12.6776216947 0
2458936.5 13.2504336418 0 11.8486105956 0
2458937.5 13.4633210568 0 12.0575028648 0
2458938.5 13.4867664817 0 12.080651722 0
2458939.5 13.413891218 0 12.0092485817 0
2458940.5 20.8005890253 0 19.2586052014 0
2458941.5 21.4237811596 0 19.8703443626 0
2458942.5 21.9931152995 0 20.4292206462 0
2458943.5 22.6262132145 0 21.050529294 0
2458944.5 14.2950572446 0 12.8762733395 0
2458945.5 14.7123865127 0 13.2860294227 0
2458946.5 14.0106721547 0 12.5973657233 0
2458947.5 13.0987590812 0 11.7023436912 0
2458948.5 13.1477261098 0 11.753476365 0
2458949.5 12.8602014839 0 11.4712146263 0
2458950.5 12.6300369753 0 11.2451671588 0
2458951.5 11.9754265947 0 10.6027983919 0
2458952.5 11.5386460659 0 10.1740464248 0
2458953.5 11.7786246731 0 10.4096112671 0
2458954.5 20.456485083 0 18.9287729141 0
2458955.5 19.7463454932 0 18.2317568719 0
2458956.5 19.7479789744 0 18.2333629767 0
2458957.5 19.5019433108 0 17.99189492 0
2458958.5 19.9158185019 0 18.3980465893 0
2458959.5 17.990196981 0 16.5069659785 0
2458960.5 18.6907677704 0 17.1943947524 0
2458961.5 18.0023902823 0 16.5185908615 0
2458962.5 18.7548762874 0 17.2571119168 0
2458963.5 18.5152387597 0 17.0217770703 0
2458964.5 18.6895600054 0 17.1930460813 0
2458965.5 16.2915089445 0 14.8422532651 0
2458966.5 16.5098614237 0 15.056469796 0
2458967.5 16.7166857466 0 15.2595695266 0
2458968.5 16.7720348007 0 15.3138624285 0
2458969.5 17.1669369777 0 15.7015362812 0
2458970.5 16.3547203863 0 14.9044095996 0
2458971.5 18.7983279766 0 17.3053652557 0
2458972.5 18.6817722591 0 17.1907693461 0
2458973.5 18.0257917976 0 16.5468484908 0
2458974.5 18.3434245797 0 16.8585964742 0
2458975.5 17.7984211239 0 16.3236658112 0
2458976.5 17.3168170013 0 15.8510777231 0
2458977.5 21.2347847631 0 19.6947028808 0
2458978.5 21.5532781842 0 20.0072967252 0
2458979.5 22.1369064003 0 20.5801327563 0
2458980.5 22.1752921116 0 20.6177251111 0
2458981.5 21.311873778 0 19.7703061296 0
2458982.5 20.3149454374 0 18.7914465203 0
2458983.5 19.5147955636 0 18.0061629418 0
2458984.5 18.9681092386 0 17.4697975535 0
2458985.5 19.6071985849 0 18.096995927 0
2458986.5 13.934625376 0 12.5306600977 0
2458987.5 13.178059546 0 11.7883006671 0
2458988.5 13.0087436925 0 11.6221593755 0
2458989.5 12.6992223875 0 11.3183267769 0
2458990.5 20.6890495758 0 19.1617489931 0
2458991.5 20.4094966408 0 18.887325107 0
2458992.5 20.8928315836 0 19.3615780924 0
2458993.5 20.7434242059 0 19.2148613897 0
2458994.5 21.3043862759 0 19.7654375714 0
2458995.5 21.5362023788 0 19.9930950066 0
2458996.5 19.5023084734 0 17.9957206914 0
2458997.5 20.2069731225 0 18.6873037196 0
2458998.5 19.9224589692 0 18.4081197407 0
2458999.5 19.7269684999 0 18.2164410307 0
2459000.5 19.0105442651 0 17.5131715977 0
2459001.5 18.2888318669 0 16.8050245698 0
2459002.5 12.7268132089 0 11.3464364052 0
2459003.5 12.1614702251 0 10.791636161 0
2459004.5 11.3915530403 0 10.0359131905 0
2459005.5 11.2395826151 0 9.88674635211 0
2459006.5 12.1463669434 0 10.7768430929 0
2459007.5 17.1136874936 0 15.6551386751 0
2459008.5 16.5739888597 0 15.1255119397 0
2459009.5 15.8579040895 0 14.4225730426 0
2459010.5 15.8854982815 0 14.4495250791 0
2459011.5 15.6017675469 0 14.1710840751 0
2459012.5 16.3171847493 0 14.873150875 0
2459013.5 21.4757393606 0 19.93404584 0
2459014.5 20.8738365611 0 19.3433242062 0
2459015.5 20.5469932114 0 19.022584115 0
2459016.5 20.7551867177 0 19.2270428267 0
2459017.5 13.9667560395 0 12.566604501 0
2459018.5 14.0589358561 0 12.6570861266 0
2459019.5 13.7970687301 0 12.3998942476 0
2459020.5 13.5433478859 0 12.1508838593 0
2459021.5 12.814701677 0 11.4357614481 0
2459022.5 12.7810689852 0 11.4026921037 0
2459023.5 20.1002003051 0 18.5851990207 0
2459024.5 19.8011397694 0 18.2917115726 0
2459025.5 19.837784794 0 18.3278341074 0
2459026.5 19.3685396953 0 17.8672752617 0
2459027.5 21.0350579042 0 19.5007196762 0
2459028.5 20.5321947067 0 19.0070416749 0
2459029.5 20.6353355025 0 19.1081914493 0
2459030.5 20.4459083517 0 18.9222526884 0
2459031.5 20.0294320525 0 18.5136498679 0
2459032.5 20.2804400223 0 18.7601222318 0
2459033.5 18.1430110729 0 16.6595949249 0
2459034.5 17.334312873 0 15.8657119194 0
2459035.5 18.0919696488 0 16.6093816293 0
2459036.5 17.2975657212 0 15.8298549456 0
2459037.5 18.1656716611 0 16.6818515177 0
2459038.5 19.1784124809 0 17.676800688 0
2459039.5 19.9796167503 0 18.463007077 0
2459040.5 20.8100285843 0 19.2778444576 0
2459041.5 21.6257690337 0 20.0783155932 0
2459042.5 15.813792816 0 14.3712359988 0
2459043.5 16.6988496174 0 15.2400228388 0
2459044.5 15.8778263827 0 14.4342137711 0
2459045.5 16.4238331397 0 14.9699263871 0
2459046.5 15.8121312115 0 14.369627863 0
2459047.5 15.0388845939 0 13.6107047442 0
2459048.5 14.5548033281 0 13.1350063309 0
2459049.5 14.3800803292 0 12.9634708393 0
2459050.5 14.4164372164 0 12.9991364185 0
2459051.5 14.0687942986 0 12.6578295722 0
2459052.5 20.7024090488 0 19.1709763006 0
2459053.5 20.8617453975 0 19.3272939856 0
2459054.5 21.6530781135 0 20.1038307572 0
2459055.5 22.5614274872 0 20.9953954697 0
2459056.5 14.4144004667 0 12.998340968 0
2459057.5 14.5808812266 0 13.1617180953 0
2459058.5 13.6699122591 0 12.2676162109 0
2459059.5 14.1783309742 0 12.766494646 0
2459060.5 20.6051414724 0 19.0772007298 0
2459061.5 19.6895230483 0 18.1786034418 0
2459062.5 19.3413501291 0 17.8367975643 0
2459063.5 19.5598015296 0 18.0510946242 0
2459064.5 18.8268359611 0 17.3318298783 0
2459065.5 18.8678922281 0 17.3722123125 0
2459066.5 17.2133916543 0 15.7484924887 0
2459067.5 17.931483112 0 16.453135497 0
2459068.5 18.2912819087 0 16.806382114 0
2459069.5 18.6730924531 0 17.1811374311 0
2459070.5 18.0486461708 0 16.5683822175 0
2459071.5 17.1037500077 0 15.6405112755 0
2459072.5 16.8345807485 0 15.3763765262 0
2459073.5 16.9947652637 0 15.5335121671 0
2459074.5 17.6167084483 0 16.1441139592 0
2459075.5 18.4415482593 0 16.9535791862 0
2459076.5 18.3724910374 0 16.8856552508 0
2459077.5 22.0062224557 0 20.4505721078 0
2459078.5 21.4495270476 0 19.9040845341 0
2459079.5 21.2577633646 0 19.7159679283 0
2459080.5 21.2942330653 0 19.7516583508 0
2459081.5 22.1793048103 0 20.620511482 0
2459082.5 21.776104537 0 20.2226807045 0
2459083.5 22.3390478558 0 20.7750796286 0
2459084.5 22.6696661188 0 21.0995445276 0
2459085.5 22.7618018764 0 21.1899397038 0
2459086.5 14.2565514155 0 12.8450141794 0
2459087.5 13.7784163041 0 12.3756557457 0
