2457258.5 14.4813348606 0 13.0501576503 0
2457259.5 13.9227666363 0 12.5018096924 0
2457260.5 14.2749875269 0 12.8475770959 0
2457261.5 14.096760074 0 12.6727589149 0
2457262.5 13.3645579231 0 11.954179941 0
2457263.5 13.6721972115 0 12.2559163353 0
2457264.5 20.9515773454 0 19.4005660876 0
2457265.5 21.8544385531 0 20.2865931329 0
2457266.5 21.0794857128 0 19.5259479123 0
2457267.5 20.8048684857 0 19.2565492257 0
2457268.5 20.2755091292 0 18.7370147897 0
2457269.5 20.910594678 0 19.3602889275 0
2457270.5 14.6441428933 0 13.2111565089 0
2457271.5 15.511164373 0 14.0621748396 0
2457272.5 16.3155441604 0 14.8516112564 0
2457273.5 17.1242689173 0 15.6452400336 0
2457274.5 16.5936392575 0 15.1245357618 0
2457275.5 17.231364521 0 15.7501491265 0
2457276.5 17.1260447374 0 15.6467693286 0
2457277.5 17.9144066359 0 16.4204359001 0
2457278.5 17.7379653529 0 16.2472936204 0
2457279.5 17.3394392353 0 15.8560988729 0
2457280.5 16.9006498545 0 15.4255232958 0
2457281.5 17.3972499249 0 15.9118356485 0
2457282.5 17.2146322779 0 15.7327099302 0
2457283.5 17.1113418246 0 15.6315275849 0
2457284.5 16.6927087468 0 15.2204527886 0
2457285.5 13.8949680773 0 12.4732761396 0
2457286.5 13.6100139892 0 12.19354785 0
2457287.5 13.6072755251 0 12.1909980301 0
2457288.5 13.1032986627 0 11.6962177785 0
2457289.5 13.8934737298 0 12.4718564951 0
2457290.5 14.2320956553 0 12.8040021745 0
2457291.5 19.0963783378 0 17.576634044 0
2457292.5 19.735321411 0 18.2035921664 0
2457293.5 20.6381002699 0 19.0895022439 0
2457294.5 19.9078022464 0 18.3727697114 0
2457295.5 19.160900989 0 17.6395242167 0
2457296.5 20.4498924462 0 18.903542481 0
2457297.5 19.992012378 0 18.4540123007 0
2457298.5 20.5939805585 0 19.044969107 0
2457299.5 21.0704013755 0 19.5126150903 0
2457300.5 11.0861212489 0 9.71373441521 0
2457301.5 10.5989100512 0 9.23564485326 0
2457302.5 11.3875179918 0 10.0097485962 0
2457303.5 10.7486030401 0 9.382490668 0
2457304.5 11.125417128 0 9.75211709851 0
2457305.5 11.8709293876 0 10.4838735568 0
2457306.5 12.7636330607 0 11.3598736911 0
2457307.5 13.3656282972 0 11.9507132743 0
2457308.5 13.15374227 0 11.7429490733 0
2457309.5 15.8649836341 0 14.4042579575 0
2457310.5 15.1084297807 0 13.6618954393 0
2457311.5 14.29678806 0 12.8651659907 0
2457312.5 13.4027532539 0 11.9878572138 0
2457313.5 13.3649756866 0 11.9506523935 0
2457314.5 19.4511408454 0 17.9227530335 0
2457315.5 20.0884648963 0 18.5482801754 0
2457316.5 20.3590078716 0 18.8136635464 0
2457317.5 20.4676957291 0 18.9204359001 0
2457318.5 19.7924660397 0 18.2577412508 0
2457319.5 13.4978233062 0 12.0822437553 0
2457320.5 13.3121656208 0 11.900147975 0
2457321.5 12.6043871492 0 11.2054906284 0
2457322.5 13.1302349204 0 11.7215129071 0
2457323.5 12.4940048609 0 11.0969486009 0
2457324.5 13.0461233259 0 11.6388282234 0
2457325.5 14.7857685762 0 13.3454245264 0
2457326.5 14.644515339 0 13.2066006754 0
2457327.5 15.4153910185 0 13.9633156288 0
2457328.5 15.2564763757 0 13.8073673372 0
2457329.5 18.5409852748 0 17.0294610004 0
2457330.5 18.0105970547 0 16.5090255824 0
2457331.5 18.471025466 0 16.9608743723 0
2457332.5 17.8728144353 0 16.3735943954 0
2457333.5 10.5137628045 0 9.15168747396 0
2457334.5 11.4358775654 0 10.0566235202 0
2457335.5 10.6272989057 0 9.2630697284 0
2457336.5 10.4645475474 0 9.10339286174 0
2457337.5 10.5377675715 0 9.17537082977 0
2457338.5 10.6627505155 0 9.29807675099 0
2457339.5 16.2988679985 0 14.8301721264 0
2457340.5 16.220105201 0 14.7528302269 0
2457341.5 16.0417700678 0 14.5777652911 0
2457342.5 16.1777027885 0 14.7113540031 0
2457343.5 15.7411598448 0 14.2828566384 0
2457344.5 17.6973593364 0 16.2060226515 0
2457345.5 18.0181084408 0 16.5206955659 0
2457346.5 17.1260047303 0 15.6449867042 0
2457347.5 16.746590943 0 15.2726646111 0
2457348.5 15.8268326538 0 14.3699037215 0
2457349.5 16.5509979747 0 15.0806384306 0
2457350.5 16.3547805067 0 14.8899576005 0
2457351.5 15.8107296186 0 14.3558959443 0
2457352.5 15.082134596 0 13.6410031179 0
2457353.5 15.4168491048 0 13.9694628656 0
2457354.5 16.1437097895 0 14.6828799125 0
2457355.5 18.1003293658 0 16.6061543074 0
2457356.5 17.9821933538 0 16.4903489432 0
2457357.5 18.1928432765 0 16.6971130076 0
2457358.5 17.5942476452 0 16.1097378705 0
2457359.5 18.499988738 0 16.9988087929 0
2457360.5 17.9095328956 0 16.4191448102 0
2457361.5 16.1635115123 0 14.7057580948 0
2457362.5 16.7428463575 0 15.2745528114 0
2457363.5 17.6049822161 0 16.1208920209 0
2457364.5 17.9261066831 0 16.4362194706 0
2457365.5 12.6052563651 0 11.2138780084 0
2457366.5 12.2631227459 0 10.8780393971 0
2457367.5 11.6962472969 0 10.3216543215 0
2457368.5 12.0938219865 0 10.7117210084 0
2457369.5 12.675265412 0 11.2823938693 0
2457370.5 15.8769662201 0 14.4241006147 0
2457371.5 16.4206106524 0 14.9575179223 0
2457372.5 15.9728496833 0 14.5180713716 0
2457373.5 16.2299658858 0 14.7703087658 0
2457374.5 16.0440503169 0 14.5855386063 0
2457375.5 15.7794970104 0 14.325990009 0
2457376.5 15.8770285596 0 14.4216523035 0
2457377.5 15.3678708282 0 13.9221034195 0
2457378.5 15.4599929912 0 14.0124532619 0
2457379.5 20.6936823423 0 19.1507568999 0
2457380.5 20.6913072528 0 19.1485015944 0
2457381.5 21.448527352 0 19.8916100261 0
2457382.5 21.4539849005 0 19.8968460315 0
2457383.5 21.284966823 0 19.7311509078 0
2457384.5 13.2761425118 0 11.8722872858 0
2457385.5 12.4224407732 0 11.034454725 0
2457386.5 13.0884571136 0 11.6882348851 0
2457387.5 12.3202894611 0 10.9342399484 0
2457388.5 12.7041995267 0 11.3108674204 0
2457389.5 10.8961241169 0 9.53477290519 0
2457390.5 10.3946478185 0 9.04262938769 0
2457391.5 10.9577942243 0 9.59523675911 0
2457392.5 10.3704159454 0 9.01885163746 0
2457393.5 11.3027209256 0 9.93403460091 0
2457394.5 11.0547019123 0 9.69081507903 0
2457395.5 12.8433070366 0 11.4455535086 0
2457396.5 13.6028882097 0 12.1908714312 0
2457397.5 14.27044721 0 12.8459799957 0
2457398.5 15.1622192714 0 13.7211956404 0
2457399.5 14.5178032326 0 13.0886912406 0
2457400.5 14.051822796 0 12.6313225661 0
2457401.5 11.2592454531 0 9.88995367617 0
2457402.5 11.331200605 0 9.96055206203 0
2457403.5 11.150106001 0 9.78298411301 0
2457404.5 10.6324284483 0 9.27503207387 0
2457405.5 10.2512560988 0 8.90083868516 0
2457406.5 15.6392460233 0 14.1886009613 0
2457407.5 15.9313756576 0 14.4753951182 0
2457408.5 15.4191595439 0 13.9724929019 0
2457409.5 15.7382318112 0 14.2854734723 0
2457410.5 15.1574867182 0 13.715634604 0
2457411.5 14.6983661386 0 13.2648374452 0
2457412.5 18.620114636 0 17.1115839834 0
2457413.5 18.8459010824 0 17.3332415189 0
2457414.5 19.533139452 0 18.0078032043 0
2457415.5 20.2810643436 0 18.7417833411 0
2457416.5 20.5637373298 0 19.01909268 0
2457417.5 13.1829363396 0 11.7774196799 0
2457418.5 13.9883359782 0 12.5680535797 0
2457419.5 14.4851109839 0 13.0557717345 0
2457420.5 15.3622242741 0 13.9166080553 0
2457421.5 19.9615670757 0 18.4292154596 0
2457422.5 20.2793373696 0 18.7412420221 0
2457423.5 19.4191948746 0 17.8971549714 0
2457424.5 20.3249684252 0 18.7862373077 0
2457425.5 20.5996955847 0 19.0558530249 0
2457426.5 20.6732485615 0 19.1282139357 0
2457427.5 14.4474599568 0 13.0202769289 0
2457428.5 14.1812731612 0 12.7591666688 0
2457429.5 13.4932876862 0 12.0841304845 0
2457430.5 13.6926693823 0 12.2799469824 0
2457431.5 14.6323774909 0 13.202431442 0
2457432.5 11.0941396403 0 9.72904923042 0
2457433.5 11.5734152363 0 10.1992383014 0
2457434.5 12.479398336 0 11.0882363288 0
2457435.5 12.6350710673 0 11.2409903615 0
2457436.5 12.0028118029 0 10.620400928 0
2457437.5 14.2096897384 0 12.7870792766 0
2457438.5 14.3905563583 0 12.964530726 0
2457439.5 14.1704259573 0 12.7483345752 0
2457440.5 14.564521101 0 13.1349326756 0
2457441.5 21.1990499415 0 19.6440591889 0
2457442.5 22.1305163506 0 20.5583545296 0
2457443.5 22.3617644577 0 20.7854406142 0
2457444.5 22.1595117695 0 20.5870513599 0
2457445.5 21.8649622676 0 20.2977843165 0
2457446.5 22.1986967844 0 20.6253381743 0
2457447.5 10.7612071585 0 9.4018182632 0
2457448.5 11.2686088496 0 9.89963091117 0
2457449.5 10.9886548759 0 9.62486130321 0
2457450.5 11.3887033296 0 10.0174313784 0
2457451.5 10.9021873557 0 9.53985860892 0
2457452.5 16.0177957023 0 14.5633469086 0
2457453.5 16.4984499864 0 15.0350000631 0
2457454.5 17.2881617215 0 15.8102651128 0
2457455.5 17.1598998443 0 15.6842456235 0
2457456.5 17.1980207953 0 15.721824854 0
2457457.5 14.7914468211 0 13.3591490004 0
2457458.5 14.4964211531 0 13.069646077 0
2457459.5 15.2001758061 0 13.7603333048 0
2457460.5 15.8818179562 0 14.4294117871 0
2457461.5 15.0424723135 0 13.6055116182 0
2457462.5 12.7144018686 0 11.319536992 0
2457463.5 11.7940163382 0 10.4163425188 0
2457464.5 11.0805910751 0 9.71596709247 0
2457465.5 10.2886490633 0 8.9388654362 0
2457466.5 10.1344920949 0 8.78737530002 0
2457467.5 11.2266918813 0 9.85854104201 0
2457468.5 11.9761226595 0 10.5940002605 0
2457469.5 12.3698376678 0 10.9802236865 0
2457470.5 12.2828365435 0 10.8949499835 0
2457471.5 16.1209014712 0 14.6617516561 0
2457472.5 16.4472987897 0 14.9819965833 0
2457473.5 16.0087730927 0 14.5516592153 0
2457474.5 16.870864913 0 15.3976720997 0
2457475.5 17.4496014465 0 15.9656215979 0
2457476.5 17.3408383058 0 15.8587715459 0
2457477.5 20.4220498794 0 18.8859871569 0
2457478.5 20.2387590107 0 18.706282165 0
2457479.5 20.5228496613 0 18.9851582798 0
2457480.5 19.9071342311 0 18.3807505697 0
2457481.5 20.7836912974 0 19.2409948166 0
2457482.5 20.9358148977 0 19.3902690108 0
2457483.5 18.47225855 0 16.9713703045 0
2457484.5 17.876956673 0 16.3871081037 0
2457485.5 17.0439412549 0 15.5694602302 0
2457486.5 17.9143358685 0 16.4237388521 0
2457487.5 19.3859580317 0 17.8699308682 0
2457488.5 19.501104314 0 17.9829379264 0
2457489.5 19.1238134834 0 17.6126752809 0
2457490.5 18.5511414723 0 17.0504184674 0
2457491.5 18.0125928451 0 16.521727842 0
2457492.5 16.8891179066 0 15.4216388358 0
2457493.5 16.6485675102 0 15.1853731075 0
2457494.5 16.2703171011 0 14.8142162653 0
2457495.5 16.9003341996 0 15.4326448215 0
2457496.5 17.1088542869 0 15.637292322 0
2457497.5 17.8929951344 0 16.4069867699 0
2457498.5 20.9608072851 0 19.4184263198 0
2457499.5 21.0058083719 0 19.4627440802 0
2457500.5 20.9420916159 0 19.40008799 0
2457501.5 21.4203644004 0 19.8696758835 0
2457502.5 19.3451052564 0 17.8355419852 0
2457503.5 19.1118483196 0 17.6067776421 0
2457504.5 19.0709770209 0 17.5668430317 0
2457505.5 19.6654815365 0 18.1503224329 0
2457506.5 16.1203187561 0 14.6689304951 0
2457507.5 16.6955949729 0 15.23339605 0
2457508.5 16.5467388309 0 15.0874759066 0
2457509.5 17.039588588 0 15.5713734229 0
2457510.5 17.2186207081 0 15.7472244407 0
2457511.5 17.9374945052 0 16.4529537753 0
2457512.5 12.7870432113 0 11.3973029179 0
2457513.5 13.0283511519 0 11.6341591357 0
2457514.5 13.0744137334 0 11.6794333602 0
2457515.5 12.180855786 0 10.8026077166 0
2457516.5 11.4610147194 0 10.0961007152 0
2457517.5 13.5631724549 0 12.1587059059 0
2457518.5 14.3607510186 0 12.9415660014 0
2457519.5 14.3933694404 0 12.9734092381 0
2457520.5 14.6397060768 0 13.2150306925 0
2457521.5 16.2588327704 0 14.8035770411 0
2457522.5 16.8454438736 0 15.3793397994 0
2457523.5 17.040039134 0 15.5704332972 0
2457524.5 17.9121229413 0 16.4262265133 0
2457525.5 18.7990526154 0 17.2968892408 0
2457526.5 18.3387995849 0 16.8450375457 0
2457527.5 19.3069273276 0 17.7930864733 0
2457528.5 18.8904556315 0 17.3844646795 0
2457529.5 19.3070942143 0 17.7935517728 0
2457530.5 18.4813621739 0 16.9833116738 0
2457531.5 18.0086305966 0 16.5194767872 0
2457532.5 10.924604848 0 9.56598771752 0
2457533.5 11.2711584069 0 9.90608119715 0
2457534.5 10.972088157 0 9.61257519561 0
2457535.5 11.7512589923 0 10.3774868638 0
2457536.5 11.0380768593 0 9.6775615983 0
2457537.5 21.485678577 0 19.9296734122 0
2457538.5 20.737921767 0 19.1958325598 0
2457539.5 20.3906083287 0 18.855009297 0
2457540.5 20.2625101415 0 18.7291127783 0
2457541.5 13.3444461884 0 11.9375498112 0
2457542.5 12.7809657501 0 11.3845428078 0
2457543.5 13.2703865238 0 11.8647499559 0
2457544.5 13.0211454681 0 11.620142231 0
2457545.5 13.7933179528 0 12.3779480705 0
2457546.5 15.0564400602 0 13.6202404548 0
2457547.5 15.3211234087 0 13.8801260331 0
2457548.5 14.9384718542 0 13.5046456171 0
2457549.5 14.8515070868 0 13.4194086359 0
2457550.5 18.6620857201 0 17.1604254347 0
2457551.5 17.7564132632 0 16.2715453324 0
2457552.5 18.4531969945 0 16.9554350478 0
2457553.5 19.0013435529 0 17.4935924718 0
2457554.5 17.0804849742 0 15.6065194188 0
2457555.5 16.4470435287 0 14.9848355163 0
2457556.5 17.1191048236 0 15.6443573737 0
2457557.5 17.1298606472 0 15.6547167274 0
2457558.5 17.7302909646 0 16.2440950727 0
2457559.5 21.5077958816 0 19.9521708322 0
2457560.5 22.1847616252 0 20.616661418 0
2457561.5 22.8299042618 0 21.2498179284 0
2457562.5 21.9323281459 0 20.3689355889 0
2457563.5 22.8396895079 0 21.2596811558 0
2457564.5 23.1371091717 0 21.5515621391 0
2457565.5 18.7515515145 0 17.2468931538 0
2457566.5 19.600347664 0 18.0799254721 0
2457567.5 20.0227402161 0 18.4944225972 0
2457568.5 20.0966361875 0 18.5669959743 0
2457569.5 19.882909833 0 18.3570825123 0
2457570.5 20.4058076766 0 18.8701407387 0
2457571.5 16.9954281351 0 15.5237121715 0
2457572.5 17.5611826768 0 16.0790890551 0
2457573.5 17.1740377107 0 15.6989248667 0
2457574.5 16.529225577 0 15.0661362514 0
2457575.5 15.8720243156 0 14.4224626913 0
2457576.5 15.385707743 0 13.9450463317 0
2457577.5 16.287209002 0 14.8300031481 0
2457578.5 15.6823420282 0 14.2365065589 0
2457579.5 16.908172026 0 15.4381859539 0
2457580.5 16.5770629031 0 15.1133308285 0
2457581.5 15.9114354074 0 14.4601906532 0
2457582.5 15.2875514884 0 13.8478602149 0
2457583.5 15.4779819283 0 14.0348397582 0
2457584.5 18.9648319164 0 17.4574343995 0
2457585.5 19.4644804259 0 17.9480252806 0
2457586.5 19.7914100861 0 18.2689222467 0
2457587.5 20.3647157629 0 18.831642848 0
2457588.5 20.8556630203 0 19.3134024933 0
2457589.5 11.5087880715 0 10.1391561148 0
2457590.5 11.9727363062 0 10.5946371083 0
2457591.5 11.126660992 0 9.76409211741 0
2457592.5 10.2739896536 0 8.92723902138 0
2457593.5 10.8545711722 0 9.49691287964 0
2457594.5 21.3194601245 0 19.7680510609 0
2457595.5 21.622621904 0 20.0654707541 0
2457596.5 21.5134956708 0 19.9583764909 0
2457597.5 21.0099898216 0 19.4643378892 0
2457598.5 16.3756913029 0 14.9157652522 0
2457599.5 15.8566003794 0 14.4062612987 0
2457600.5 16.7563510671 0 15.2893180905 0
2457601.5 17.3234140483 0 15.8460335365 0
2457602.5 16.6338818575 0 15.1691296855 0
2457603.5 14.8818800227 0 13.4506288653 0
2457604.5 15.3355189145 0 13.8958509082 0
2457605.5 15.0900241482 0 13.6548610904 0
2457606.5 15.0570222294 0 13.6226151602 0
2457607.5 15.2449862409 0 13.8070347387 0
2457608.5 15.6303715102 0 14.1885063455 0
2457609.5 15.9935959066 0 14.5448154568 0
2457610.5 15.7613472511 0 14.3170620334 0
2457611.5 14.9384072232 0 13.5092722185 0
2457612.5 14.5406889885 0 13.119039825 0
2457613.5 15.3535099454 0 13.9166092562 0
2457614.5 21.0712100595 0 19.5258419725 0
2457615.5 21.5571265652 0 20.002612708 0
2457616.5 21.4841235443 0 19.9308616467 0
2457617.5 22.3112521253 0 20.7428324394 0
2457618.5 21.8693071288 0 20.3090470248 0
2457619.5 19.8363840471 0 18.313260633 0
2457620.5 19.1900943083 0 17.6788971924 0
2457621.5 18.3069782567 0 16.8120499761 0
2457622.5 17.7688047106 0 16.2837679498 0
2457623.5 16.9131248509 0 15.444047202 0
2457624.5 16.8002129663 0 15.3332134295 0
2457625.5 13.2504251898 0 11.8475224438 0
2457626.5 13.2995572764 0 11.8957068096 0
2457627.5 13.5713233466 0 12.162328261 0
2457628.5 14.476484602 0 13.0506365832 0
2457629.5 15.3656154931 0 13.9231555792 0
2457630.5 15.5108676411 0 14.0658193185 0
2457631.5 17.3705486487 0 15.8914566518 0
2457632.5 16.9790034409 0 15.5070836499 0
2457633.5 17.3826632521 0 15.9033596157 0
2457634.5 17.0934590615 0 15.6193814774 0
2457635.5 13.7641953087 0 12.354101988 0
2457636.5 14.0740790942 0 12.6580853709 0
2457637.5 14.3001001291 0 12.8797888938 0
2457638.5 14.1274072675 0 12.7101220197 0
2457639.5 14.7461452405 0 13.3171909663 0
2457640.5 14.5916231476 0 13.1639344008 0
2457641.5 14.4725212105 0 13.0468891764 0
2457642.5 15.2914875405 0 13.8507974581 0
2457643.5 16.1231059375 0 14.6668978317 0
2457644.5 15.7500704808 0 14.300865144 0
2457645.5 16.2358144797 0 14.7784869305 0
2457646.5 15.7930507208 0 14.3437951496 0
2457647.5 16.6276566433 0 15.1628202878 0
2457648.5 16.5685143427 0 15.104785857 0
2457649.5 16.1059941218 0 14.6538871915 0
2457650.5 15.4373013683 0 13.9975154938 0
2457651.5 15.8585893321 0 14.4109977314 0
2457652.5 15.8747119858 0 14.4269969586 0
2457653.5 15.8009678969 0 14.355567246 0
2457654.5 15.166917717 0 13.7331574999 0
2457655.5 14.5796788959 0 13.1567752235 0
2457656.5 13.8917807146 0 12.4818129232 0
2457657.5 11.3520244443 0 9.99201776691 0
2457658.5 11.57725503 0 10.2131232365 0
2457659.5 11.980827253 0 10.6090208419 0
2457660.5 11.1865851586 0 9.82970053858 0
2457661.5 20.3557074033 0 18.8291434916 0
2457662.5 20.845578048 0 19.3099547708 0
2457663.5 20.4160401778 0 18.8883511024 0
2457664.5 20.1100033326 0 18.5878817056 0
2457665.5 15.1019445414 0 13.6707969998 0
2457666.5 15.0244922919 0 13.5948385209 0
2457667.5 14.398546388 0 12.9805211555 0
2457668.5 14.5484446676 0 13.1278123387 0
2457669.5 14.0099970852 0 12.5993602301 0
2457670.5 13.3199413323 0 11.9219417038 0
2457671.5 11.5089218557 0 10.1467400621 0
2457672.5 11.4830757506 0 10.1212775973 0
2457673.5 11.5273498297 0 10.1646821944 0
2457674.5 11.8401219942 0 10.4718395339 0
2457675.5 11.45222347 0 10.088842127 0
2457676.5 12.1182214439 0 10.7426151016 0
2457677.5 11.9304798452 0 10.5583873959 0
2457678.5 12.1845821579 0 10.8079588132 0
2457679.5 17.7028951514 0 16.2237296319 0
2457680.5 16.8555882365 0 15.3922254379 0
2457681.5 16.0957097016 0 14.6464837535 0
2457682.5 16.9403201889 0 15.4755372868 0
2457683.5 16.8669882716 0 15.4037427452 0
2457684.5 17.1981334309 0 15.7289432877 0
2457685.5 19.0480450905 0 17.5468479462 0
2457686.5 19.403367028 0 17.8954533035 0
2457687.5 18.4776288427 0 16.9869146345 0
2457688.5 18.7241489633 0 17.2287041382 0
2457689.5 18.798017155 0 17.301223847 0
2457690.5 17.9509440883 0 16.469974012 0
2457691.5 19.3968780069 0 17.889699937 0
2457692.5 19.4050014808 0 17.8975734459 0
2457693.5 18.7632836069 0 17.2677810126 0
2457694.5 18.8898473935 0 17.3920611245 0
2457695.5 18.3253095643 0 16.8379200386 0
2457696.5 18.3070275717 0 16.8200279408 0
2457697.5 16.6187381461 0 15.1653317341 0
2457698.5 16.0443036897 0 14.6016032051 0
2457699.5 16.1142990451 0 14.6702968036 0
2457700.5 15.8872695049 0 14.4475833226 0
2457701.5 16.526420256 0 15.0749128667 0
2457702.5 17.1396499813 0 15.6769543426 0
2457703.5 17.1409307716 0 15.6800498829 0
2457704.5 17.9326533931 0 16.4572969151 0
2457705.5 18.416442238 0 16.9320642779 0
2457706.5 18.743503453 0 17.2530282571 0
2457707.5 20.1811705456 0 18.6631514023 0
2457708.5 19.4180717856 0 17.9140919554 0
2457709.5 19.3668397957 0 17.863990898 0
2457710.5 20.1737626288 0 18.656082172 0
2457711.5 18.3082566044 0 16.8242015608 0
2457712.5 18.034042227 0 16.5551260877 0
2457713.5 18.3881983961 0 16.9027649204 0
2457714.5 17.7822474607 0 16.3082172107 0
2457715.5 18.6831563585 0 17.192285276 0
2457716.5 13.7288955654 0 12.329187409 0
2457717.5 13.4606494634 0 12.0658057378 0
2457718.5 12.8704938345 0 11.4867510904 0
2457719.5 12.3704599915 0 10.9960746082 0
2457720.5 12.4695536565 0 11.0934765809 0
2457721.5 12.1238949048 0 10.7543316106 0
2457722.5 20.228052484 0 18.7071350065 0
2457723.5 20.6171769365 0 19.0892070436 0
2457724.5 20.2825448851 0 18.7606633403 0
2457725.5 19.6034892433 0 18.0941918574 0
2457726.5 19.6029212049 0 18.0937132099 0
2457727.5 19.3222467955 0 17.8182369117 0
2457728.5 18.5407519295 0 17.0486524179 0
2457729.5 18.8518302204 0 17.3539017219 0
2457730.5 19.5232794159 0 18.01300655 0
2457731.5 19.5786988386 0 18.0675551641 0
2457732.5 21.1468483888 0 19.6049257322 0
2457733.5 21.2544973245 0 19.7103956474 0
2457734.5 21.0800595387 0 19.5391304168 0
2457735.5 20.299462795 0 18.7731666657 0
2457736.5 20.3981645634 0 18.8701173446 0
2457737.5 21.2372136132 0 19.6935372065 0
2457738.5 18.5703580182 0 17.0785721589 0
2457739.5 18.6533162513 0 17.1598411083 0
2457740.5 18.3462647848 0 16.85838841 0
2457741.5 18.2231601446 0 16.7374109032 0
2457742.5 17.9253407905 0 16.4449867519 0
2457743.5 19.9945124656 0 18.4789373924 0
2457744.5 20.4982653721 0 18.9734731601 0
2457745.5 21.3616276038 0 19.8210037019 0
2457746.5 21.0982483261 0 19.5623655144 0
2457747.5 20.967959593 0 19.4346819804 0
2457748.5 12.2348433387 0 10.8607620845 0
2457749.5 11.7803014913 0 10.4144754993 0
2457750.5 10.9889644835 0 9.63793268075 0
2457751.5 10.7840073166 0 9.43664019875 0
2457752.5 10.8702526001 0 9.52122295834 0
2457753.5 10.7716311007 0 9.42423349312 0
2457754.5 14.8944800045 0 13.4729409214 0
2457755.5 14.7667198825 0 13.3474146566 0
2457756.5 15.4155853912 0 13.9840873379 0
2457757.5 15.0055584072 0 13.5818560619 0
2457758.5 14.5043837196 0 13.0899667563 0
2457759.5 19.0463589425 0 17.5464281384 0
2457760.5 18.8601179968 0 17.3635075768 0
2457761.5 18.6487330352 0 17.1559794511 0
2457762.5 17.7726319523 0 16.2961365374 0
2457763.5 22.095299581 0 20.5408021009 0
2457764.5 22.4905615809 0 20.9288973943 0
2457765.5 23.039456855 0 21.4674513044 0
2457766.5 22.9795245762 0 21.4084962695 0
2457767.5 22.1482978836 0 20.5925404682 0
2457768.5 22.2434492953 0 20.6860302167 0
2457769.5 15.7002809009 0 14.2637600339 0
2457770.5 15.8146144565 0 14.3757844855 0
2457771.5 14.9039255161 0 13.4821004572 0
2457772.5 14.5727835225 0 13.1572960272 0
2457773.5 14.2297003469 0 12.8207737933 0
2457774.5 14.181805013 0 12.773664388 0
2457775.5 11.6456388632 0 10.2846312577 0
2457776.5 11.868455335 0 10.5032268478 0
2457777.5 11.1339518329 0 9.7824605987 0
2457778.5 10.4744903055 0 9.13518670885 0
2457779.5 10.8268879946 0 9.48102986366 0
2457780.5 14.7518017426 0 13.3350436221 0
2457781.5 15.3570776457 0 13.9291324303 0
2457782.5 15.2338854738 0 13.8082574215 0
2457783.5 15.8495133789 0 14.4123334067 0
2457784.5 15.18455021 0 13.7595955947 0
2457785.5 20.4557032483 0 18.9361893101 0
2457786.5 20.9108308004 0 19.3827956423 0
2457787.5 20.8509445806 0 19.3240576567 0
2457788.5 20.2369587332 0 18.7215521171 0
2457789.5 20.4621126612 0 18.9426988978 0
2457790.5 13.9204833014 0 12.5225619491 0
2457791.5 13.0166604665 0 11.6356734328 0
2457792.5 13.3648653911 0 11.9775295498 0
2457793.5 13.9434018977 0 12.5451942496 0
2457794.5 20.6523666666 0 19.1306911694 0
2457795.5 21.2494342066 0 19.7168751693 0
2457796.5 21.6076858625 0 20.068376027 0
2457797.5 21.8017899238 0 20.2587354375 0
2457798.5 12.8378276753 0 11.4626752091 0
2457799.5 12.072840663 0 10.7118527672 0
2457800.5 12.2392705714 0 10.8752289733 0
2457801.5 11.8152824405 0 10.4591257642 0
2457802.5 18.2621209315 0 16.7845529306 0
2457803.5 19.0506953952 0 17.5585795698 0
2457804.5 18.512951094 0 17.0307210019 0
2457805.5 17.713136713 0 16.2457976488 0
2457806.5 17.6011203959 0 16.1358661307 0
2457807.5 17.5432216969 0 16.0788552944 0
2457808.5 12.5450529997 0 11.1712283051 0
2457809.5 11.8234810665 0 10.463086393 0
2457810.5 12.1146250503 0 10.7489042471 0
2457811.5 12.3615952697 0 10.9913327823 0
2457812.5 11.7814251049 0 10.42195395 0
2457813.5 11.4213851234 0 10.0685395417 0
2457814.5 19.5339576385 0 18.0290916613 0
2457815.5 19.4548053416 0 17.9515664785 0
2457816.5 18.7475988176 0 17.2575043683 0
2457817.5 18.2676442184 0 16.7864420636 0
2457818.5 21.1759833639 0 19.640827816 0
2457819.5 21.003521043 0 19.4716172059 0
2457820.5 20.3409814051 0 18.8214593515 0
2457821.5 19.8630681848 0 18.352579798 0
2457822.5 20.6995701005 0 19.1737524991 0
2457823.5 14.9543777154 0 13.5353463771 0
2457824.5 14.0662717771 0 12.6635879942 0
2457825.5 13.3804041269 0 11.9905683008 0
2457826.5 13.4956073153 0 12.1035525445 0
2457827.5 17.9564650798 0 16.4832830152 0
2457828.5 18.0822660609 0 16.6068036786 0
2457829.5 17.2073199877 0 15.7480694252 0
2457830.5 17.0456124858 0 15.5893666456 0
2457831.5 16.2999211672 0 14.8573274648 0
2457832.5 16.7928807572 0 15.3411199404 0
2457833.5 21.3533861176 0 19.8194736294 0
2457834.5 20.7108885788 0 19.1890432966 0
2457835.5 21.3878325261 0 19.8533333951 0
2457836.5 22.2640493071 0 20.7133105004 0
2457837.5 22.1690201414 0 20.6201506368 0
2457838.5 14.6906983005 0 13.2788739122 0
2457839.5 15.1063728136 0 13.6867519597 0
2457840.5 14.405421467 0 12.9989294215 0
2457841.5 14.6168595749 0 13.2063694517 0
2457842.5 15.3205771476 0 13.8970634678 0
2457843.5 19.4533166656 0 17.9541310384 0
2457844.5 19.6547566331 0 18.151754615 0
2457845.5 20.0366552512 0 18.5267575008 0
2457846.5 20.9356447311 0 19.4089327238 0
2457847.5 21.5829427892 0 20.0443291557 0
2457848.5 20.7216939901 0 19.1991948843 0
2457849.5 12.3163264247 0 10.9471767069 0
2457850.5 12.4556881583 0 11.0839301353 0
2457851.5 11.7241728507 0 10.3657924872 0
2457852.5 11.7034910746 0 10.3455260103 0
2457853.5 12.0370005074 0 10.6705586429 0
2457854.5 12.6251301597 0 11.24786298 0
2457855.5 11.9834769644 0 10.6182545664 0
2457856.5 11.0576998446 0 9.70981621942 0
2457857.5 11.5751680519 0 10.2179864072 0
2457858.5 10.9226160198 0 9.57735840378 0
2457859.5 11.1667146416 0 9.81704631864 0
2457860.5 10.9488722735 0 9.60326018412 0
2457861.5 10.0999661185 0 8.77013415792 0
2457862.5 12.0206816971 0 10.6581490621 0
2457863.5 12.6547465244 0 11.2803278831 0
2457864.5 11.8169237024 0 10.4579012878 0
2457865.5 11.6847059135 0 10.3282630012 0
2457866.5 10.8046062483 0 9.46447445884 0
2457867.5 10.9884916049 0 9.64477597044 0
2457868.5 21.3445671128 0 19.8116737747 0
2457869.5 20.5790232563 0 19.0604104132 0
2457870.5 20.2519182166 0 18.7394136178 0
2457871.5 20.8854806109 0 19.3614002063 0
2457872.5 20.0459397381 0 18.5372605779 0
2457873.5 20.0890665012 0 18.5826706773 0
2457874.5 20.0013297551 0 18.4967424796 0
2457875.5 19.2709119823 0 17.7799596519 0
2457876.5 20.1290793439 0 18.6221923596 0
2457877.5 20.3230192153 0 18.8127199126 0
2457878.5 13.3325992841 0 11.9492896881 0
2457879.5 12.8769555976 0 11.5020890466 0
2457880.5 13.7304490041 0 12.3396050055 0
2457881.5 13.6964574619 0 12.3063921799 0
2457882.5 19.903410855 0 18.3985497225 0
2457883.5 19.0078712005 0 17.5196748447 0
2457884.5 19.3327986597 0 17.8387089482 0
2457885.5 19.6875549038 0 18.1868934651 0
2457886.5 19.0199614049 0 17.531472004 0
2457887.5 14.6060392812 0 13.1975643315 0
2457888.5 15.2441651792 0 13.8237481217 0
2457889.5 16.001695408 0 14.5670350577 0
2457890.5 16.0471177701 0 14.611794303 0
2457891.5 16.3562088714 0 14.9150511552 0
2457892.5 16.7132168251 0 15.2656256853 0
2457893.5 16.986807698 0 15.5343561957 0
2457894.5 17.7206597819 0 16.2547076515 0
2457895.5 17.9620403768 0 16.4915491662 0
2457896.5 17.3563339894 0 15.896885753 0
2457897.5 18.02736565 0 16.5553302906 0
2457898.5 17.3827353688 0 15.9224892996 0
2457899.5 17.2835541329 0 15.828159284 0
2457900.5 17.890314624 0 16.423619594 0
2457901.5 18.6771738646 0 17.1958771923 0
2457902.5 18.5281708819 0 17.049533291 0
2457903.5 18.7101515496 0 17.2282053017 0
2457904.5 12.6159224329 0 11.2473854103 0
2457905.5 13.1744427432 0 11.7957171154 0
2457906.5 12.6167820757 0 11.2484237244 0
2457907.5 13.4515129227 0 12.0676203474 0
2457908.5 13.9234834302 0 12.5307001928 0
2457909.5 13.665449788 0 12.2776169719 0
2457910.5 15.151875858 0 13.7363032594 0
2457911.5 14.436646661 0 13.034488523 0
2457912.5 14.5648701157 0 13.1602039109 0
2457913.5 15.2333348034 0 13.8162019231 0
2457914.5 16.1215049352 0 14.6880117821 0
2457915.5 12.9633059648 0 11.586336198 0
2457916.5 13.6751860414 0 12.2848892034 0
2457917.5 14.2022858851 0 12.802160768 0
2457918.5 14.3195004755 0 12.9173079292 0
2457919.5 15.0520622413 0 13.6362661538 0
2457920.5 15.3575102289 0 13.9360609338 0
2457921.5 12.6344324942 0 11.2663492957 0
2457922.5 11.9616008412 0 10.606189759 0
2457923.5 12.0706378053 0 10.7130370132 0
2457924.5 12.1240684552 0 10.7656487814 0
2457925.5 16.2824628504 0 14.8482516226 0
2457926.5 16.4550866772 0 15.0176295507 0
2457927.5 16.2302537755 0 14.7968109007 0
2457928.5 16.9414314907 0 15.4946905478 0
2457929.5 15.6968082749 0 14.2729092162 0
2457930.5 16.1414224356 0 14.709247899 0
2457931.5 15.3465550278 0 13.9292117989 0
2457932.5 14.9727709526 0 13.5622966567 0
2457933.5 15.2892881865 0 13.872901708 0
2457934.5 17.5077960394 0 16.0477921499 0
2457935.5 18.4143994809 0 16.9374495678 0
2457936.5 18.7122691556 0 17.2296584844 0
2457937.5 18.1489819447 0 16.6768359039 0
2457938.5 18.9604740123 0 17.4733407611 0
2457939.5 18.4054211829 0 16.9284775361 0
2457940.5 18.9202262345 0 17.4339242592 0
2457941.5 19.2272399703 0 17.7352706543 0
2457942.5 12.5709562769 0 11.2041222132 0
2457943.5 12.7330385803 0 11.3630345295 0
2457944.5 12.0102564014 0 10.6537099551 0
2457945.5 11.2760785905 0 9.93299395208 0
2457946.5 11.1755007968 0 9.83408640307 0
2457947.5 12.1049189412 0 10.7461586104 0
2457948.5 15.5085917443 0 14.0865622723 0
2457949.5 15.4739979377 0 14.0525579587 0
2457950.5 15.0004284074 0 13.5878970831 0
2457951.5 15.4979419155 0 14.0763220941 0
2457952.5 16.3623390253 0 14.9245515242 0
2457953.5 19.4298105001 0 17.9338940716 0
2457954.5 18.7185618116 0 17.2359980473 0
2457955.5 19.3174030163 0 17.8236496442 0
2457956.5 18.4492214907 0 16.9715791661 0
2457957.5 14.4364760713 0 13.0334557325 0
2457958.5 14.8507592538 0 13.4398759524 0
2457959.5 15.6987686294 0 14.2721703057 0
2457960.5 15.4271715701 0 14.0057255711 0
2457961.5 15.5419835559 0 14.1183355908 0
2457962.5 12.6739026697 0 11.3055875478 0
2457963.5 12.8976545606 0 11.5252419319 0
2457964.5 12.8828776713 0 11.5108205779 0
2457965.5 13.738992429 0 12.3511851715 0
2457966.5 13.9260516625 0 12.5349723672 0
2457967.5 13.5171596423 0 12.1335908434 0
2457968.5 20.0528433525 0 18.5500345449 0
2457969.5 20.6962764207 0 19.1814391772 0
2457970.5 20.8620631185 0 19.3440330715 0
2457971.5 20.9740462303 0 19.4540453168 0
2457972.5 21.3767545893 0 19.8494588728 0
2457973.5 21.6009566698 0 20.0693407033 0
2457974.5 18.0138848023 0 16.5462019729 0
2457975.5 17.4164044207 0 15.9597963079 0
2457976.5 17.6479701905 0 16.1871387778 0
2457977.5 16.7567977962 0 15.3126226535 0
2457978.5 12.6120854938 0 11.2429732153 0
2457979.5 12.6074242435 0 11.2384548772 0
2457980.5 12.9032233477 0 11.5286378373 0
2457981.5 12.1365536461 0 10.7761556047 0
2457982.5 12.641564246 0 11.2719236372 0
2457983.5 12.2779505359 0 10.9151705189 0
2457984.5 20.1461809215 0 18.638775376 0
2457985.5 19.5251932289 0 18.029192237 0
2457986.5 20.0040542073 0 18.4991003014 0
2457987.5 19.6826140256 0 18.1834953176 0
2457988.5 18.9454141552 0 17.459991017 0
2457989.5 15.4570473074 0 14.0371435 0
2457990.5 15.2918071104 0 13.8749884166 0
2457991.5 14.8724903205 0 13.4635240979 0
2457992.5 14.145510356 0 12.7499682001 0
2457993.5 14.3927827802 0 12.9927165975 0
2457994.5 16.2458913646 0 14.812553194 0
2457995.5 15.4414363755 0 14.0229884435 0
2457996.5 16.3650126372 0 14.9294353108 0
2457997.5 16.4571057702 0 15.019710777 0
2457998.5 15.7815646964 0 14.3566058643 0
2457999.5 17.9020315152 0 16.4351122348 0
2458000.5 17.0099023828 0 15.5595845173 0
2458001.5 17.5910501752 0 16.1298849402 0
2458002.5 17.0578163939 0 15.6066819131 0
2458003.5 18.1003374815 0 16.6282042073 0
2458004.5 18.481108865 0 17.0017868501 0
2458005.5 18.274929773 0 16.7994928336 0
2458006.5 19.1781323274 0 17.6858869623 0
2458007.5 19.7924274766 0 18.2888792419 0
2458008.5 15.8890298336 0 14.4577769706 0
2458009.5 16.1159228286 0 14.6805936304 0
2458010.5 15.4557800683 0 14.0326357665 0
2458011.5 14.7125997983 0 13.3031333373 0
2458012.5 14.936261199 0 13.5224685002 0
2458013.5 19.3266152318 0 17.8297280206 0
2458014.5 19.6539700782 0 18.1510944532 0
2458015.5 19.2821047639 0 17.7860649564 0
2458016.5 20.0078435009 0 18.4985211236 0
2458017.5 19.4061601327 0 17.908002065 0
2458018.5 19.1569720167 0 17.663549495 0
2458019.5 21.5786515239 0 20.0387689166 0
2458020.5 21.5991702818 0 20.0589127413 0
2458021.5 21.3375602961 0 19.8022133772 0
2458022.5 21.2075317978 0 19.6744728454 0
2458023.5 21.5624005161 0 20.0227957642 0
2458024.5 21.2524926437 0 19.7185520056 0
2458025.5 12.8671424842 0 11.4879169908 0
2458026.5 13.5459822147 0 12.1539890247 0
2458027.5 14.4379405255 0 13.0292648907 0
2458028.5 14.3471653247 0 12.9400785978 0
2458029.5 15.1630209949 0 13.7407840365 0
2458030.5 14.5386589509 0 13.1299487972 0
2458031.5 13.6538283348 0 12.2617077954 0
2458032.5 13.9706200147 0 12.5726564452 0
2458033.5 13.6168727529 0 12.225416888 0
2458034.5 14.5417449425 0 13.1332446508 0
2458035.5 21.4445114634 0 19.9100525915 0
2458036.5 21.3354963098 0 19.803075202 0
2458037.5 21.7099634703 0 20.1707380022 0
2458038.5 21.1047550756 0 19.5767906351 0
2458039.5 21.5013145574 0 19.9658817692 0
2458040.5 20.9951266482 0 19.4697061863 0
2458041.5 21.806098436 0 20.2654669226 0
2458042.5 22.2108248063 0 20.662556025 0
2458043.5 21.3104557004 0 19.7788074776 0
2458044.5 16.9246347825 0 15.473260644 0
2458045.5 17.2698071357 0 15.8121305234 0
2458046.5 16.9223338559 0 15.4710402012 0
2458047.5 17.0677508598 0 15.6138384594 0
2458048.5 11.892769747 0 10.5335565359 0
2458049.5 11.4052535547 0 10.0551902921 0
2458050.5 12.108484789 0 10.7451977766 0
2458051.5 11.4529140407 0 10.1018818114 0
2458052.5 11.7308187474 0 10.3746118803 0
2458053.5 12.732423916 0 11.3596275412 0
2458054.5 13.1557574049 0 11.7749446522 0
2458055.5 13.9981854339 0 12.6019112678 0
2458056.5 13.7289430454 0 12.3377548726 0
2458057.5 15.232265228 0 13.8157268931 0
2458058.5 14.5034486807 0 13.1002982247 0
2458059.5 14.8684305667 0 13.4584016798 0
2458060.5 15.4877830728 0 14.0662042408 0
2458061.5 15.5090715984 0 14.0852420648 0
2458062.5 14.5776078157 0 13.1709457031 0
2458063.5 14.1438001876 0 12.7451473436 0
2458064.5 14.7463240051 0 13.3363549958 0
2458065.5 14.7071276335 0 13.2979972242 0
2458066.5 13.999650129 0 12.60373208 0
2458067.5 21.9187358376 0 20.3783912441 0
2458068.5 21.005879663 0 19.4824444793 0
2458069.5 20.9372500356 0 19.4150115973 0
2458070.5 20.4276948265 0 18.914991714 0
2458071.5 22.3658779977 0 20.8156548671 0
2458072.5 22.5312335196 0 20.9780064093 0
2458073.5 23.1716484835 0 21.6067369118 0
2458074.5 24.0969878568 0 22.5149889758 0
2458075.5 24.8012157101 0 23.206310561 0
2458076.5 25.5245174594 0 23.9162682679 0
2458077.5 12.3813036774 0 11.0161537932 0
2458078.5 12.7853737826 0 11.4126576491 0
2458079.5 12.7071424785 0 11.3358069025 0
2458080.5 13.3411782981 0 11.9581592136 0
2458081.5 14.1423991964 0 12.7446477855 0
2458082.5 14.5915881156 0 13.1854058367 0
2458083.5 12.1672605854 0 10.809099913 0
2458084.5 13.0992601336 0 11.723989545 0
2458085.5 13.227790602 0 11.8501216404 0
2458086.5 13.6503675214 0 12.2650098877 0
2458087.5 13.0364670067 0 11.6626016765 0
2458088.5 22.0163341711 0 20.4740434682 0
2458089.5 21.8530991916 0 20.3136971786 0
2458090.5 22.5134682551 0 20.9619129437 0
2458091.5 22.6421727455 0 21.0882555569 0
2458092.5 12.6776224619 0 11.3085871334 0
2458093.5 11.8562211417 0 10.5025042823 0
2458094.5 12.1406967957 0 10.7815673726 0
2458095.5 11.671778541 0 10.3215454026 0
2458096.5 11.95073095 0 10.5955159445 0
2458097.5 14.4816951771 0 13.0771033835 0
2458098.5 14.4208393358 0 13.0171853329 0
2458099.5 14.1472063922 0 12.7486916567 0
2458100.5 13.6531940781 0 12.2638370277 0
2458101.5 14.2642759836 0 12.8637126529 0
2458102.5 13.3375289328 0 11.9540361235 0
2458103.5 12.8614586596 0 11.487919983 0
2458104.5 12.3621220377 0 10.9977990826 0
2458105.5 12.0562929425 0 10.6976392643 0
2458106.5 11.6969222951 0 10.3448157793 0
2458107.5 22.2097896247 0 20.6607754485 0
2458108.5 22.2394029417 0 20.6897756534 0
2458109.5 22.033559773 0 20.487831227 0
2458110.5 21.7857146956 0 20.2446280636 0
2458111.5 17.7938575764 0 16.3283302238 0
2458112.5 17.6225132283 0 16.1601847269 0
2458113.5 18.402757493 0 16.9258069106 0
2458114.5 18.8076482614 0 17.3232756428 0
2458115.5 18.7017353234 0 17.2193876228 0
2458116.5 18.0395410848 0 16.5695120153 0
2458117.5 19.5986921196 0 18.0978267742 0
2458118.5 20.3841412895 0 18.868811911 0
2458119.5 21.0633060105 0 19.5355894924 0
2458120.5 21.0685162043 0 19.5408497346 0
2458121.5 21.4806642631 0 19.9451732774 0
2458122.5 21.7908865971 0 20.2499802282 0
2458123.5 21.2469398909 0 19.7159562269 0
2458124.5 21.7352985371 0 20.1951712908 0
2458125.5 22.5286851001 0 20.9740699297 0
2458126.5 21.9114497193 0 20.3681559323 0
2458127.5 17.2550062165 0 15.7997187344 0
2458128.5 17.888111263 0 16.4210904619 0
2458129.5 17.7619914759 0 16.2972928481 0
2458130.5 16.8792384329 0 15.4309288004 0
2458131.5 17.2455782015 0 15.7905568847 0
2458132.5 14.5478903836 0 13.145335244 0
2458133.5 14.039988361 0 12.6469609398 0
2458134.5 14.8086601178 0 13.401468816 0
2458135.5 15.5321915161 0 14.1116523685 0
2458136.5 16.0819895828 0 14.6510861852 0
2458137.5 16.0494318385 0 14.6214236731 0
2458138.5 15.8402277881 0 14.4161524501 0
2458139.5 15.0149072974 0 13.606262673 0
2458140.5 14.4854380831 0 13.086473542 0
2458141.5 15.1082980545 0 13.6975986598 0
2458142.5 20.8344423828 0 19.3148941749 0
2458143.5 20.0696215101 0 18.5640758652 0
2458144.5 19.7753908242 0 18.2752554471 0
2458145.5 19.7730652747 0 18.2730685005 0
2458146.5 19.3559877337 0 17.8638937394 0
2458147.5 19.5348217133 0 18.0396115788 0
2458148.5 18.8352823646 0 17.3545681532 0
2458149.5 19.5797916961 0 18.0854254943 0
2458150.5 19.8076674257 0 18.3089016034 0
2458151.5 19.100309363 0 17.6145264356 0
2458152.5 18.2314045886 0 16.7622967547 0
2458153.5 17.839279696 0 16.3772528447 0
2458154.5 18.0667392849 0 16.6003330671 0
2458155.5 17.6751826066 0 16.2158475163 0
2458156.5 17.0230953578 0 15.5779274608 0
2458157.5 16.6534628931 0 15.2153076839 0
2458158.5 15.7759479121 0 14.3540024955 0
2458159.5 16.6693094358 0 15.2307656959 0
2458160.5 15.964618009 0 14.5391169232 0
2458161.5 16.885814339 0 15.4434075452 0
2458162.5 19.8951757657 0 18.3963395125 0
2458163.5 20.4587536211 0 18.9494090488 0
2458164.5 19.6789856715 0 18.1840484676 0
2458165.5 19.2849467909 0 17.7972682295 0
2458166.5 20.0311501631 0 18.5302794058 0
2458167.5 19.7837845378 0 18.2873133708 0
2458168.5 19.8557140039 0 18.3578392496 0
2458169.5 20.0419789178 0 18.5408190395 0
2458170.5 20.43509986 0 18.9268300258 0
2458171.5 21.2350285551 0 19.7117685543 0
2458172.5 20.8938213871 0 19.3777732636 0
2458173.5 21.6280772607 0 20.0986308991 0
2458174.5 20.8112685845 0 19.2970266964 0
2458175.5 20.5288286882 0 19.0197302932 0
2458176.5 21.0563072667 0 19.5374825993 0
2458177.5 20.9522082123 0 19.4351607172 0
2458178.5 20.3754365386 0 18.8671155842 0
2458179.5 19.9067953954 0 18.407170902 0
2458180.5 20.1901307506 0 18.6852312933 0
2458181.5 20.4712332341 0 18.961307906 0
2458182.5 18.264752458 0 16.7974177188 0
2458183.5 19.0700287148 0 17.5876509157 0
2458184.5 19.0330906449 0 17.551515513 0
2458185.5 18.6908705102 0 17.2155592904 0
2458186.5 19.5935613553 0 18.1016573733 0
2458187.5 22.9690182674 0 21.4158517832 0
2458188.5 23.3859462796 0 21.8249476042 0
2458189.5 23.645554375 0 22.0799590749 0
2458190.5 24.4347858394 0 22.8546328025 0
2458191.5 25.2519955836 0 23.6569828125 0
2458192.5 25.5154900005 0 23.9155570198 0
2458193.5 12.3356838841 0 10.978913854 0
2458194.5 11.8320090579 0 10.4845968884 0
2458195.5 11.8426205444 0 10.4949515462 0
2458196.5 11.2527669492 0 9.91597927142 0
2458197.5 19.8954094285 0 18.3958287301 0
2458198.5 19.2541059728 0 17.7663333973 0
2458199.5 19.6965953617 0 18.2004377699 0
2458200.5 19.7284403182 0 18.2316908367 0
2458201.5 18.8515900344 0 17.3712813111 0
2458202.5 15.3451145867 0 13.933031993 0
2458203.5 15.9101898726 0 14.4876959964 0
2458204.5 15.8669506201 0 14.4453212349 0
2458205.5 14.9932244767 0 13.587700446 0
2458206.5 14.6987000749 0 13.2988273869 0
2458207.5 20.3473119952 0 18.8435928781 0
2458208.5 19.7785825534 0 18.2854148751 0
2458209.5 20.1447420242 0 18.6448012062 0
2458210.5 20.2602752326 0 18.7581925919 0
2458211.5 20.2661014189 0 18.764079478 0
2458212.5 19.4398631532 0 17.9531887053 0
2458213.5 19.3002323436 0 17.8143696416 0
2458214.5 18.4293406675 0 16.9594631471 0
2458215.5 18.7512304239 0 17.2755550444 0
2458216.5 18.7686567014 0 17.2925108821 0
2458217.5 18.5484173295 0 17.0764326228 0
2458218.5 18.9531292873 0 17.4735102786 0
2458219.5 14.6007790456 0 13.2003651272 0
2458220.5 14.9122435169 0 13.5062219254 0
2458221.5 15.7608696972 0 14.3390494006 0
2458222.5 16.4036006204 0 14.9700457301 0
2458223.5 16.2289770572 0 14.7984788723 0
2458224.5 13.4402622961 0 12.0599788858 0
2458225.5 13.7496150675 0 12.3636196071 0
2458226.5 14.6935969752 0 13.2902780717 0
2458227.5 15.6151348881 0 14.1948856273 0
2458228.5 15.7430431479 0 14.320425595 0
2458229.5 12.4199750004 0 11.0619602214 0
2458230.5 12.0350728624 0 10.6842005619 0
2458231.5 11.5754242453 0 10.2332378928 0
2458232.5 10.7497670009 0 9.42296733724 0
2458233.5 10.7322013294 0 9.40554517103 0
2458234.5 10.9578314753 0 9.62694528815 0
2458235.5 20.6570677098 0 19.1480526802 0
2458236.5 20.955077825 0 19.4406976315 0
2458237.5 20.4968477216 0 18.9909471743 0
2458238.5 21.2436713815 0 19.7240232569 0
2458239.5 20.1464856795 0 18.6474945686 0
2458240.5 20.2722928619 0 18.7711566564 0
2458241.5 19.4833406821 0 17.9968158084 0
2458242.5 19.1224917374 0 17.6424545921 0
2458243.5 18.3884048423 0 16.9218135678 0
2458244.5 15.358676965 0 13.9463171867 0
2458245.5 15.509773372 0 14.0948046214 0
2458246.5 15.4330613481 0 14.019366777 0
2458247.5 15.2013111865 0 13.7920769919 0
2458248.5 14.8188228754 0 13.4165775989 0
2458249.5 13.0293559356 0 11.659030302 0
2458250.5 12.1668842507 0 10.8123982558 0
2458251.5 12.6837957061 0 11.3196003203 0
2458252.5 12.6174598277 0 11.254397692 0
2458253.5 13.2310564643 0 11.8568051814 0
2458254.5 13.0185508593 0 11.6484004982 0
2458255.5 22.5115280968 0 20.9653275559 0
2458256.5 22.5384147596 0 20.9915443779 0
2458257.5 22.3409592746 0 20.797625499 0
2458258.5 22.477085841 0 20.9313636247 0
2458259.5 22.4260982338 0 20.8813210484 0
2458260.5 14.6240722951 0 13.2211915772 0
2458261.5 14.2256042301 0 12.8302636002 0
2458262.5 15.1137008859 0 13.7017878705 0
2458263.5 14.8984298776 0 13.4906301048 0
2458264.5 15.7529244353 0 14.3291343621 0
2458265.5 16.3480728953 0 14.9131000795 0
2458266.5 17.5289771065 0 16.0737135757 0
2458267.5 16.7638349857 0 15.3227566811 0
2458268.5 15.9401244663 0 14.5143289917 0
2458269.5 16.6626980784 0 15.223648419 0
2458270.5 15.8131832504 0 14.3898455597 0
2458271.5 16.1905847484 0 14.7602485432 0
2458272.5 20.3506823779 0 18.8457296998 0
2458273.5 19.4686514328 0 17.9800890626 0
2458274.5 19.2018766439 0 17.7183036416 0
2458275.5 19.7283194221 0 18.2350317132 0
2458276.5 13.1650612804 0 11.7912239782 0
2458277.5 13.5438816239 0 12.162893233 0
2458278.5 13.6059360897 0 12.2236957521 0
2458279.5 12.9591096895 0 11.5889963694 0
2458280.5 12.7875577142 0 11.4222293512 0
2458281.5 12.6162177262 0 11.2539961518 0
2458282.5 13.3913651009 0 12.0147143156 0
2458283.5 12.8385106588 0 11.4722636703 0
2458284.5 18.6623007364 0 17.1906133785 0
2458285.5 18.8309027939 0 17.3560315596 0
2458286.5 19.6962275996 0 18.2054845549 0
2458287.5 19.9590245225 0 18.463217705 0
2458288.5 14.51309618 0 13.1177713322 0
2458289.5 14.0170925044 0 12.6309152201 0
2458290.5 14.3677540024 0 12.9750668106 0
2458291.5 14.4544833993 0 13.060047077 0
2458292.5 13.6789041812 0 12.2989668621 0
2458293.5 19.3597132455 0 17.8754569445 0
2458294.5 20.077875394 0 18.5802580268 0
2458295.5 20.6464118606 0 19.138254166 0
2458296.5 21.554278306 0 20.0294387459 0
2458297.5 21.4176460859 0 19.8952201282 0
2458298.5 14.8042504497 0 13.4016489046 0
2458299.5 15.203408333 0 13.7933565435 0
2458300.5 14.8857119209 0 13.4815294705 0
2458301.5 15.2654312909 0 13.8543026606 0
2458302.5 15.3731245709 0 13.9601460507 0
2458303.5 15.1728640696 0 13.7636493084 0
2458304.5 19.9475149263 0 18.4490299538 0
2458305.5 19.5788874124 0 18.0872092881 0
2458306.5 18.9725662325 0 17.4920296226 0
2458307.5 18.8059265714 0 17.3285094849 0
2458308.5 18.3661470036 0 16.8968418746 0
2458309.5 18.4519668324 0 16.9809100428 0
2458310.5 16.5841228775 0 15.1464840642 0
2458311.5 15.9069538477 0 14.4817921799 0
2458312.5 15.4710177499 0 14.0538635206 0
2458313.5 16.0620751463 0 14.6341123742 0
2458314.5 16.5446803634 0 15.1076869004 0
2458315.5 16.2614323098 0 14.8297348796 0
2458316.5 13.4842511226 0 12.1028391125 0
2458317.5 13.785047315 0 12.397900025 0
2458318.5 14.6445302082 0 13.241352391 0
2458319.5 14.7725333123 0 13.3669962212 0
2458320.5 14.5554145005 0 13.1539974524 0
2458321.5 14.3360099423 0 12.9388619029 0
2458322.5 19.2952733748 0 17.8058477166 0
2458323.5 19.7044175713 0 18.2073185943 0
2458324.5 20.5777292851 0 19.0646470194 0
2458325.5 21.4397209181 0 19.9104804249 0
2458326.5 22.0182301969 0 20.4782649148 0
2458327.5 18.0786424511 0 16.6111092561 0
2458328.5 18.2275079265 0 16.7573833115 0
2458329.5 17.3645229747 0 15.9104997411 0
2458330.5 17.579359344 0 16.1212170358 0
2458331.5 17.2369034419 0 15.7851031448 0
2458332.5 19.2016543854 0 17.7128709137 0
2458333.5 18.6558337532 0 17.1771219985 0
2458334.5 18.0353985546 0 16.5683384863 0
2458335.5 18.796929621 0 17.315715119 0
2458336.5 17.9094356911 0 16.4446585054 0
2458337.5 20.425353642 0 18.9163631095 0
2458338.5 19.5576574508 0 18.0645478509 0
2458339.5 19.9747241612 0 18.473859316 0
2458340.5 19.0972081238 0 17.6124782482 0
2458341.5 17.4236949915 0 15.9683645386 0
2458342.5 17.8753708743 0 16.4115566402 0
2458343.5 17.3658962296 0 15.9117189801 0
2458344.5 16.4869359958 0 15.0490794811 0
2458345.5 16.6581549164 0 15.2170278344 0
2458346.5 16.7736530791 0 15.3321492052 0
2458347.5 17.0067689628 0 15.5609540402 0
2458348.5 17.314823981 0 15.863405152 0
2458349.5 16.9448816238 0 15.5004496363 0
2458350.5 17.1775640186 0 15.7293717157 0
2458351.5 16.5919462415 0 15.1546025478 0
2458352.5 16.086658125 0 14.6586583342 0
2458353.5 15.7206250854 0 14.2994381595 0
2458354.5 21.3519950256 0 19.8264430852 0
2458355.5 21.5925904629 0 20.0624983626 0
2458356.5 21.5903949034 0 20.0602467948 0
2458357.5 22.3247048373 0 20.7810157518 0
2458358.5 23.0606630381 0 21.5034592841 0
2458359.5 23.6700162338 0 22.1013752955 0
2458360.5 14.5532790591 0 13.1538037304 0
2458361.5 14.2227056792 0 12.8293144514 0
2458362.5 13.4117398487 0 12.0334417841 0
2458363.5 12.5632384538 0 11.2007669413 0
2458364.5 11.6607851984 0 10.3150677734 0
2458365.5 12.0145053212 0 10.6621553604 0
2458366.5 20.0039738922 0 18.5018371825 0
2458367.5 20.6405588687 0 19.1265875987 0
2458368.5 20.4640408555 0 18.9532717047 0
2458369.5 20.5994981108 0 19.0862374515 0
2458370.5 20.2619082802 0 18.7549814826 0
2458371.5 20.1353594394 0 18.6309397724 0
2458372.5 15.0909829947 0 13.6832583807 0
2458373.5 15.8325749737 0 14.4110993492 0
2458374.5 15.228475315 0 13.8180050604 0
2458375.5 14.716799049 0 13.3159651359 0
2458376.5 19.3490665497 0 17.8618966287 0
2458377.5 18.6576520824 0 17.1833486157 0
2458378.5 18.8715568265 0 17.3931537752 0
2458379.5 19.3376126636 0 17.8505387185 0
2458380.5 18.9495233342 0 17.4695504894 0
2458381.5 17.8827627435 0 16.4223637482 0
2458382.5 17.6429206598 0 16.1871465545 0
2458383.5 17.4490066644 0 15.9969415342 0
2458384.5 17.5185668348 0 16.0650385174 0
2458385.5 16.6635736185 0 15.2257130104 0
2458386.5 20.8048698528 0 19.2932385778 0
2458387.5 20.8645913864 0 19.3520232716 0
2458388.5 21.0745051607 0 19.5580136602 0
2458389.5 21.9004004482 0 20.3687637236 0
2458390.5 21.642910859 0 20.1139387776 0
2458391.5 21.0870244634 0 19.5683941722 0
2458392.5 21.7396319452 0 20.2089634416 0
2458393.5 20.8087627853 0 19.2953766333 0
2458394.5 20.5484496691 0 19.040018408 0
2458395.5 17.5568478548 0 16.1045793856 0
2458396.5 17.4522425218 0 16.0017350155 0
2458397.5 17.1835887219 0 15.7380059652 0
2458398.5 17.1356520798 0 15.6908697841 0
2458399.5 16.6916340595 0 15.2558679541 0
2458400.5 17.6273505787 0 16.1742656972 0
2458401.5 17.6795359519 0 16.2254878178 0
2458402.5 18.2400954404 0 16.7757874233 0
2458403.5 15.8601279758 0 14.4395546819 0
2458404.5 14.9390403621 0 13.5354489387 0
2458405.5 14.7305382748 0 13.3307254722 0
2458406.5 14.4258907282 0 13.0318363532 0
2458407.5 13.7665058056 0 12.3844900593 0
2458408.5 14.7027838753 0 13.3035552007 0
2458409.5 20.7415348685 0 19.2300181696 0
2458410.5 20.6621211958 0 19.1521731996 0
2458411.5 20.7369885265 0 19.2258192063 0
2458412.5 21.3910317599 0 19.8676190888 0
2458413.5 21.6618598693 0 20.1333732546 0
2458414.5 17.581678682 0 16.1283279383 0
2458415.5 17.9218650747 0 16.4620622975 0
2458416.5 18.4400953024 0 16.9707939749 0
2458417.5 17.8368305826 0 16.3787942136 0
2458418.5 20.5332262978 0 19.0243022257 0
2458419.5 21.2677918529 0 19.7452492827 0
2458420.5 20.4443247489 0 18.9370308565 0
2458421.5 20.0460041885 0 18.546172008 0
2458422.5 14.3041456493 0 12.9132093015 0
2458423.5 14.8524535025 0 13.4514589357 0
2458424.5 14.3783285947 0 12.9859824849 0
2458425.5 14.7274017271 0 13.3284424091 0
2458426.5 15.4533454567 0 14.0410862874 0
2458427.5 14.8358836179 0 13.4350948282 0
2458428.5 16.3302039061 0 14.9009036355 0
2458429.5 15.522654259 0 14.1081565902 0
2458430.5 15.9253207922 0 14.5032006181 0
2458431.5 16.2608734781 0 14.8326364382 0
2458432.5 21.9804981755 0 20.4465054196 0
2458433.5 22.6923846073 0 21.145367281 0
2458434.5 21.86423961 0 20.3323405854 0
2458435.5 22.1137278102 0 20.5771312799 0
2458436.5 21.2394231381 0 19.7217924555 0
2458437.5 21.7598932643 0 20.2326494812 0
2458438.5 22.1046239496 0 20.5708018661 0
2458439.5 22.1594411532 0 20.6246232331 0
2458440.5 21.9158531771 0 20.3856764568 0
2458441.5 18.0361405077 0 16.5796641411 0
2458442.5 18.7662809822 0 17.2962284805 0
2458443.5 18.3491596706 0 16.8868403393 0
2458444.5 19.2396987814 0 17.7608078504 0
2458445.5 19.6907913957 0 18.2037204512 0
2458446.5 19.9362192227 0 18.4447036235 0
2458447.5 19.0667156912 0 17.5899504258 0
2458448.5 19.0667639536 0 17.5900069262 0
2458449.5 19.4429195477 0 17.9590520213 0
2458450.5 18.8747153231 0 17.4013288696 0
2458451.5 19.2705564525 0 17.7897132963 0
2458452.5 18.9853186071 0 17.5097808053 0
2458453.5 21.1162833923 0 19.5991513646 0
2458454.5 22.0255445543 0 20.4915084733 0
2458455.5 22.2875535662 0 20.7486820123 0
2458456.5 22.0948434572 0 20.5597215919 0
2458457.5 22.0911030019 0 20.5562272355 0
2458458.5 22.1632005102 0 20.6271313619 0
2458459.5 20.3195893524 0 18.8152692075 0
2458460.5 19.9374361701 0 18.440218932 0
2458461.5 20.7580936734 0 19.2456886792 0
2458462.5 20.1243444787 0 18.6237060438 0
2458463.5 20.5193786028 0 19.0112572343 0
2458464.5 20.2695707226 0 18.7659854714 0
2458465.5 17.4104004432 0 15.9590023847 0
2458466.5 17.3975225639 0 15.946473987 0
2458467.5 16.5903469883 0 15.1540751305 0
2458468.5 17.1811212426 0 15.7337171766 0
2458469.5 12.8175757234 0 11.4487050359 0
2458470.5 12.010257093 0 10.6565585441 0
2458471.5 11.1581804128 0 9.82009625499 0
2458472.5 10.3530717385 0 9.02996603124 0
2458473.5 21.8447501189 0 20.3084390074 0
2458474.5 21.9348168054 0 20.3969227118 0
2458475.5 22.1175792289 0 20.5761802507 0
2458476.5 22.8482421509 0 21.2934130028 0
2458477.5 22.6374675571 0 21.0865482475 0
2458478.5 22.8275445913 0 21.273060746 0
2458479.5 20.8818734812 0 19.3614912562 0
2458480.5 19.9422754349 0 18.4391993436 0
2458481.5 20.7077948314 0 19.1907201485 0
2458482.5 21.348166097 0 19.8191638292 0
2458483.5 21.4073446991 0 19.8772322292 0
2458484.5 21.9974800075 0 20.456306555 0
2458485.5 14.0226944517 0 12.6301892367 0
2458486.5 13.8322393285 0 12.4431766382 0
2458487.5 13.6955058553 0 12.309015196 0
2458488.5 14.1180536499 0 12.7235866526 0
2458489.5 19.8283657934 0 18.3280636063 0
2458490.5 20.7155776921 0 19.1986897416 0
2458491.5 20.3189851628 0 18.8093567299 0
2458492.5 19.9117609336 0 18.4096406635 0
2458493.5 19.6839684578 0 18.1860387948 0
2458494.5 19.7816593731 0 18.2820898201 0
2458495.5 12.8042826281 0 11.4362471863 0
2458496.5 13.195200929 0 11.8198880708 0
2458497.5 13.0118866377 0 11.6398017207 0
2458498.5 13.0035784701 0 11.6318247792 0
2458499.5 13.5616793127 0 12.1794567371 0
2458500.5 16.6978611521 0 15.2547339507 0
2458501.5 17.1200669659 0 15.6690349026 0
2458502.5 16.7462568445 0 15.3023423441 0
2458503.5 16.5048651185 0 15.0652630789 0
2458504.5 16.8242755594 0 15.3787923897 0
2458505.5 17.8770946514 0 16.4140792104 0
2458506.5 17.7565709824 0 16.2956440636 0
2458507.5 18.0045125396 0 16.5388391288 0
2458508.5 17.4154076428 0 15.9606628773 0
2458509.5 17.5464969241 0 16.0894865671 0
2458510.5 17.3882087512 0 15.9342186428 0
2458511.5 13.5191724749 0 12.1354409683 0
2458512.5 13.8523292383 0 12.4623984386 0
2458513.5 14.7869430745 0 13.3797970193 0
2458514.5 14.3760130219 0 12.9763843885 0
2458515.5 20.8855643036 0 19.3666313576 0
2458516.5 20.578913886 0 19.065738493 0
2458517.5 20.0732975556 0 18.5696406912 0
2458518.5 19.9029629606 0 18.4023558479 0
2458519.5 20.5155231655 0 19.0034605849 0
2458520.5 20.567472395 0 19.0562744892 0
2458521.5 20.6186819638 0 19.1065380665 0
2458522.5 20.3212096625 0 18.8145642751 0
2458523.5 20.2377157052 0 18.7324792355 0
2458524.5 16.3902262814 0 14.9553546682 0
2458525.5 16.8482632453 0 15.4047848083 0
2458526.5 16.6929209208 0 15.2521873131 0
2458527.5 17.0854000094 0 15.6372189019 0
2458528.5 22.7490836806 0 21.1944268745 0
2458529.5 21.8414993036 0 20.3034700577 0
2458530.5 21.912171017 0 20.3727412771 0
2458531.5 22.1174708306 0 20.5741531858 0
2458532.5 22.0064953303 0 20.4653647802 0
2458533.5 22.2130339972 0 20.667961139 0
2458534.5 22.5313547668 0 20.9806217132 0
2458535.5 23.1294549029 0 21.5677439158 0
2458536.5 22.9212559542 0 21.3635768444 0
2458537.5 22.368638341 0 20.8212202387 0
2458538.5 12.850471544 0 11.4815006419 0
2458539.5 11.9246066618 0 10.5726497176 0
2458540.5 11.3423884623 0 10.0011736635 0
2458541.5 11.7955394839 0 10.4457932664 0
2458542.5 16.2039504186 0 14.7709469 0
2458543.5 15.8065648749 0 14.380841234 0
2458544.5 15.5965944721 0 14.1745963901 0
2458545.5 15.5927477385 0 14.1709752887 0
2458546.5 15.9532555089 0 14.5248560353 0
2458547.5 19.5014115737 0 18.0092373239 0
2458548.5 19.0261851088 0 17.5429034705 0
2458549.5 19.3003389247 0 17.8118427427 0
2458550.5 20.053632783 0 18.5509856799 0
2458551.5 19.444255404 0 17.9529630954 0
2458552.5 17.829745967 0 16.3700786113 0
2458553.5 18.2005240783 0 16.7340452058 0
2458554.5 18.1174650819 0 16.6525865109 0
2458555.5 18.614203907 0 17.1399413979 0
2458556.5 17.9081174823 0 16.4471369802 0
2458557.5 18.1961166473 0 16.7290804597 0
2458558.5 18.555121033 0 17.0813042029 0
2458559.5 19.0895904911 0 17.6057143914 0
2458560.5 19.1313792913 0 17.6465538984 0
2458561.5 18.7497170081 0 17.2734785181 0
2458562.5 18.8072135113 0 17.3299316653 0
2458563.5 19.5844569824 0 18.0925955615 0
2458564.5 19.3912360147 0 17.9027941939 0
2458565.5 20.3255580768 0 18.8188519646 0
2458566.5 20.3350710552 0 18.8281464647 0
2458567.5 19.5106305973 0 18.0190487956 0
2458568.5 19.1240848098 0 17.6395471809 0
2458569.5 18.5566692514 0 17.0826724376 0
2458570.5 19.0253773166 0 17.542782395 0
2458571.5 17.0025886062 0 15.5548506266 0
2458572.5 17.7290595912 0 16.2680232729 0
2458573.5 18.2244439682 0 16.7543900438 0
2458574.5 18.4374585572 0 16.9634082141 0
2458575.5 19.8175408918 0 18.3169695142 0
2458576.5 20.2580847114 0 18.7493988615 0
2458577.5 20.7013496319 0 19.1842689267 0
2458578.5 20.4081690288 0 18.8963422914 0
2458579.5 20.1572478766 0 18.6500584017 0
2458580.5 15.2143140401 0 13.7975862436 0
2458581.5 15.1507035426 0 13.7350421007 0
2458582.5 14.9873824301 0 13.5746234663 0
2458583.5 15.3851434912 0 13.9651093928 0
2458584.5 16.2868310176 0 14.8482931645 0
2458585.5 15.969401294 0 14.5366971828 0
2458586.5 15.9040971346 0 14.4725359051 0
2458587.5 15.5911092097 0 14.1652432696 0
2458588.5 15.4500998335 0 14.0268853865 0
2458589.5 14.7057200077 0 13.2957421166 0
2458590.5 14.1756573855 0 12.7753142166 0
2458591.5 14.1193757905 0 12.7201929055 0
2458592.5 13.2950235929 0 11.9112723106 0
2458593.5 13.8918354888 0 12.4968570043 0
2458594.5 17.3077656536 0 15.8492707558 0
2458595.5 17.2564237327 0 15.798792718 0
2458596.5 17.1764310976 0 15.7203520685 0
2458597.5 17.7277432356 0 16.2614219006 0
2458598.5 17.566626089 0 16.1031230045 0
2458599.5 17.2000096681 0 15.7433460458 0
2458600.5 15.5734783376 0 14.1495726028 0
2458601.5 15.5439205681 0 14.1207212811 0
2458602.5 14.6977774765 0 13.2901112678 0
2458603.5 13.9218149983 0 12.5286762932 0
2458604.5 16.8111762906 0 15.3652172097 0
2458605.5 16.1628953404 0 14.7290145471 0
2458606.5 15.2483467217 0 13.8313926533 0
2458607.5 15.7191021276 0 14.2933082306 0
2458608.5 13.9042051378 0 12.5147381259 0
2458609.5 14.5371174659 0 13.1360709934 0
2458610.5 15.0593230712 0 13.6486517194 0
2458611.5 15.1662200293 0 13.753613362 0
2458612.5 21.0977486608 0 19.5725161744 0
2458613.5 20.2622666751 0 18.7524823198 0
2458614.5 19.4821236715 0 17.9868693998 0
2458615.5 19.7895096284 0 18.2885409266 0
2458616.5 17.7439287818 0 16.2791348238 0
2458617.5 17.5768413421 0 16.1151304949 0
2458618.5 16.6848709179 0 15.2396358323 0
2458619.5 16.5495193977 0 15.1068505991 0
2458620.5 15.6457626137 0 14.2199492804 0
2458621.5 15.1062118823 0 13.6902854131 0
2458622.5 18.3601152686 0 16.885818039 0
2458623.5 17.4872439972 0 16.0289372205 0
2458624.5 18.2449200204 0 16.7726719322 0
2458625.5 18.6381681238 0 17.1587431718 0
2458626.5 17.5419602971 0 16.0844765412 0
2458627.5 18.2556863858 0 16.7848686817 0
2458628.5 18.2693442536 0 16.7982132701 0
2458629.5 18.9975435255 0 17.5128255816 0
2458630.5 18.2263147943 0 16.7560812573 0
2458631.5 23.1082813881 0 21.5495945004 0
2458632.5 23.1801110226 0 21.619907608 0
2458633.5 23.8553637336 0 22.2826765511 0
2458634.5 24.3267308586 0 22.7452922748 0
2458635.5 23.9699025379 0 22.3951097182 0
2458636.5 20.1071813034 0 18.6031062103 0
2458637.5 19.2557885376 0 17.7673404139 0
2458638.5 18.7293953886 0 17.2508743496 0
2458639.5 18.8527903641 0 17.3719951683 0
2458640.5 19.0800237591 0 17.5951711181 0
2458641.5 18.6169617465 0 17.1405065325 0
2458642.5 18.7818736451 0 17.3024541123 0
2458643.5 18.3741872292 0 16.9025118968 0
2458644.5 19.1370809691 0 17.6513022101 0
2458645.5 18.2161081694 0 16.7475645369 0
2458646.5 17.4504070976 0 15.9960542278 0
2458647.5 17.8942908842 0 16.4318813157 0
2458648.5 13.7679150614 0 12.3816716463 0
2458649.5 13.6268991457 0 12.2430850281 0
2458650.5 13.0195683355 0 11.6471761975 0
2458651.5 13.2670292038 0 11.8898944586 0
2458652.5 20.6918935565 0 19.1751950724 0
2458653.5 20.1178548945 0 18.6118656467 0
2458654.5 20.2799881758 0 18.770832166 0
2458655.5 20.7356654201 0 19.2181532551 0
2458656.5 19.9171043196 0 18.4146034073 0
2458657.5 20.5925522737 0 19.0773812768 0
2458658.5 16.3618806779 0 14.9272216376 0
2458659.5 15.6901105831 0 14.2679564732 0
2458660.5 14.9499155482 0 13.5416572721 0
2458661.5 14.492894087 0 13.0932216479 0
2458662.5 13.736051046 0 12.3505756874 0
2458663.5 13.6403455812 0 12.2564523622 0
2458664.5 22.1077976151 0 20.5676721869 0
2458665.5 22.1096838436 0 20.5694987546 0
2458666.5 22.9613284256 0 21.4055312697 0
2458667.5 23.4601561552 0 21.8952899417 0
2458668.5 22.7583735228 0 21.2063873731 0
2458669.5 23.1572526671 0 21.5978975741 0
2458670.5 16.4273837425 0 14.9920522565 0
2458671.5 16.9695702894 0 15.5243124299 0
2458672.5 17.3421743992 0 15.8900827196 0
2458673.5 17.2808915686 0 15.8298439868 0
2458674.5 17.1721905321 0 15.7232776578 0
2458675.5 17.2208021777 0 15.7709824617 0
2458676.5 15.4568576068 0 14.0425408303 0
2458677.5 14.9500690039 0 13.5450002014 0
2458678.5 14.7547281323 0 13.3531344705 0
2458679.5 14.6837793847 0 13.2835103095 0
2458680.5 15.4067242823 0 13.9931513871 0
2458681.5 15.7459004632 0 14.3260180224 0
2458682.5 14.1011307735 0 12.7137996452 0
2458683.5 13.372797607 0 11.9990312139 0
2458684.5 12.9998601865 0 11.6331027282 0
2458685.5 13.7353025479 0 12.3550098181 0
2458686.5 13.4236270098 0 12.0491992062 0
2458687.5 21.4920197584 0 19.9660396029 0
2458688.5 22.3453401023 0 20.80374161 0
2458689.5 23.2612923064 0 21.7027968722 0
2458690.5 23.7614631909 0 22.1935601311 0
2458691.5 23.1541923991 0 21.5973055093 0
2458692.5 19.9857320431 0 18.4906495725 0
2458693.5 20.3090595812 0 18.8078093912 0
2458694.5 21.1181892659 0 19.6019109214 0
2458695.5 21.1364891054 0 19.6198711031 0
2458696.5 21.5317937865 0 20.0104060029 0
2458697.5 21.5255684767 0 20.0041675522 0
2458698.5 21.5350107177 0 20.0136085334 0
2458699.5 21.0619431858 0 19.5491626495 0
2458700.5 20.610601667 0 19.1060179983 0
2458701.5 16.2925760627 0 14.865212262 0
2458702.5 16.9090921097 0 15.4701477024 0
2458703.5 16.2664514254 0 14.8392800448 0
2458704.5 17.1907366809 0 15.7465690525 0
2458705.5 16.89907 0 15.4604566474 0
2458706.5 16.3264616114 0 14.8985782036 0
2458707.5 20.4982303249 0 18.9944759799 0
2458708.5 20.5670707248 0 19.0618769086 0
2458709.5 20.5090519906 0 19.0050835333 0
2458710.5 20.0524538092 0 18.5568014346 0
2458711.5 22.3814876463 0 20.8447636143 0
2458712.5 22.4624498299 0 20.9243435811 0
2458713.5 23.1454851584 0 21.5945914436 0
2458714.5 23.472521768 0 21.9156655396 0
2458715.5 23.2696442119 0 21.7164588532 0
2458716.5 18.679785662 0 17.2113073968 0
2458717.5 19.3351073535 0 17.8545870471 0
2458718.5 19.7408532401 0 18.2530124118 0
2458719.5 18.9644269197 0 17.4910428109 0
2458720.5 18.7417584665 0 17.2725297902 0
2458721.5 19.6552497049 0 18.1689343743 0
2458722.5 22.9502710976 0 21.4008276389 0
2458723.5 22.241774677 0 20.7054317419 0
2458724.5 23.1352016001 0 21.5821462081 0
2458725.5 22.7578111206 0 21.2117890856 0
2458726.5 23.4019070089 0 21.8440651148 0
2458727.5 23.0894787557 0 21.5374816981 0
2458728.5 14.9304470933 0 13.5294897006 0
2458729.5 15.7496331588 0 14.3333238133 0
2458730.5 14.8497585316 0 13.4500718435 0
2458731.5 14.9636094038 0 13.5616643022 0
2458732.5 18.31684694 0 16.8550210351 0
2458733.5 18.2771384669 0 16.8162005012 0
2458734.5 17.5787244512 0 16.1307038069 0
2458735.5 18.4826000821 0 17.0177287227 0
2458736.5 18.2005681665 0 16.7407816708 0
2458737.5 18.3958284823 0 16.9322605638 0
2458738.5 14.0183059706 0 12.6346232278 0
2458739.5 14.1396542395 0 12.7536365132 0
2458740.5 14.9789052008 0 13.5774160038 0
2458741.5 15.8558538186 0 14.4381372297 0
2458742.5 22.5515890621 0 21.007551684 0
2458743.5 22.8540779984 0 21.3046166033 0
2458744.5 22.0852503149 0 20.5498646626 0
2458745.5 22.354760944 0 20.8143843345 0
2458746.5 22.6690558467 0 21.1226716479 0
2458747.5 18.5464130678 0 17.0744132053 0
2458748.5 18.1205351324 0 16.6565101012 0
2458749.5 17.3130000255 0 15.8638053913 0
2458750.5 16.4316625286 0 14.9989950735 0
2458751.5 14.5150066976 0 13.1161831055 0
2458752.5 14.5623074715 0 13.1626169869 0
2458753.5 13.9097361681 0 12.5222314345 0
2458754.5 13.0359076591 0 11.6647340556 0
2458755.5 13.3232862679 0 11.9469092245 0
2458756.5 13.9893914313 0 12.600861348 0
2458757.5 21.7467173415 0 20.2156555219 0
2458758.5 22.6016373659 0 21.054922497 0
2458759.5 21.9035870277 0 20.3699523921 0
2458760.5 22.3434275419 0 20.8017787494 0
2458761.5 22.9003367926 0 21.3484882305 0
2458762.5 23.7920109661 0 22.2238035063 0
2458763.5 21.8427704863 0 20.3116004012 0
2458764.5 22.5857106813 0 21.0406587754 0
2458765.5 23.1026748733 0 21.5482434471 0
2458766.5 23.3795148274 0 21.8201202301 0
2458767.5 23.9033763857 0 22.3344359134 0
2458768.5 22.5483184396 0 21.0074563922 0
2458769.5 22.4329449569 0 20.8942703591 0
2458770.5 21.9215841081 0 20.3922324497 0
2458771.5 21.2622594644 0 19.7451805917 0
2458772.5 21.1731154833 0 19.6577017932 0
2458773.5 15.6239793589 0 14.2105415756 0
2458774.5 16.2808618496 0 14.8550677703 0
2458775.5 16.9238380998 0 15.4860176486 0
2458776.5 17.1279544842 0 15.686349079 0
2458777.5 16.978791131 0 15.5398936004 0
2458778.5 19.4618131227 0 17.9758914979 0
2458779.5 19.1396394925 0 17.6595142803 0
2458780.5 19.176886266 0 17.6960187978 0
2458781.5 19.2681634015 0 17.7855638716 0
2458782.5 13.7526974198 0 12.3743880811 0
2458783.5 14.2141640933 0 12.8273067925 0
2458784.5 14.9881135197 0 13.5867603328 0
2458785.5 15.2138621794 0 13.8083302393 0
2458786.5 15.004425783 0 13.6026159954 0
2458787.5 14.1063487919 0 12.7210520601 0
2458788.5 14.0090342994 0 12.6280299536 0
2458789.5 14.3965435171 0 13.0082816695 0
2458790.5 14.9133396372 0 13.5154611523 0
2458791.5 14.5692875642 0 13.1777828356 0
2458792.5 14.9499943471 0 13.5512478242 0
2458793.5 18.1380719346 0 16.6808411276 0
2458794.5 18.9390513532 0 17.4670671352 0
2458795.5 18.0522347947 0 16.5965587953 0
2458796.5 17.9575401547 0 16.5034618858 0
2458797.5 18.7085908377 0 17.2405873068 0
2458798.5 20.0813531965 0 18.5878787485 0
2458799.5 20.3560182661 0 18.8575413085 0
2458800.5 20.9754635122 0 19.4653811595 0
2458801.5 21.3988663416 0 19.8810204846 0
2458802.5 23.3489947253 0 21.7953357826 0
2458803.5 23.4759680942 0 21.9201638125 0
2458804.5 23.6019354584 0 22.043678775 0
2458805.5 22.8526298022 0 21.3082483649 0
2458806.5 18.4073128744 0 16.9438546046 0
2458807.5 19.0883927257 0 17.6122392315 0
2458808.5 19.220464414 0 17.7417472216 0
2458809.5 19.9249840971 0 18.4330423489 0
2458810.5 20.5567081287 0 19.0530003847 0
2458811.5 16.2054547081 0 14.7804719467 0
2458812.5 16.0009496893 0 14.5797946453 0
2458813.5 16.1865679941 0 14.7620539476 0
2458814.5 16.9139845879 0 15.476003254 0
2458815.5 13.200043364 0 11.8291946496 0
2458816.5 13.8419388322 0 12.459025568 0
2458817.5 14.030904873 0 12.6446630028 0
2458818.5 14.8538229544 0 13.4524982 0
2458819.5 15.2169420472 0 13.8088382888 0
2458820.5 14.3162537124 0 12.9252773385 0
2458821.5 14.4176735492 0 13.024775165 0
2458822.5 14.7921683325 0 13.3924491541 0
2458823.5 14.8200355402 0 13.4197224134 0
2458824.5 15.1703267768 0 13.7635123297 0
2458825.5 15.41764077 0 14.0061145404 0
2458826.5 13.3846239293 0 12.0118619962 0
2458827.5 14.2416404449 0 12.8530320606 0
2458828.5 14.3037613453 0 12.9139782857 0
2458829.5 14.4009518439 0 13.0092755051 0
2458830.5 15.0086056851 0 13.6057935787 0
2458831.5 14.4546890372 0 13.0622022847 0
2458832.5 22.8197129417 0 21.2735234316 0
2458833.5 22.3527397686 0 20.8152745174 0
2458834.5 23.2611561606 0 21.7070273392 0
2458835.5 22.9756158595 0 21.4266486136 0
2458836.5 23.3212741375 0 21.7660710385 0
2458837.5 23.2657193323 0 21.7113441937 0
2458838.5 17.8073915749 0 16.3521085558 0
2458839.5 18.678644056 0 17.2071508468 0
2458840.5 18.4664515797 0 16.998971669 0
2458841.5 18.3020182598 0 16.837499411 0
2458842.5 18.8805832434 0 17.4052331368 0
2458843.5 19.144245372 0 17.6639882142 0
2458844.5 23.3153407756 0 21.7552880875 0
2458845.5 23.7284818024 0 22.1607256593 0
2458846.5 24.0962323875 0 22.5216624138 0
2458847.5 23.3590515107 0 21.7981541097 0
2458848.5 22.4516348688 0 20.9074986936 0
2458849.5 20.5088026736 0 18.9986757485 0
2458850.5 21.1456825531 0 19.6238856906 0
2458851.5 20.222708829 0 18.7180632825 0
2458852.5 19.7179045721 0 18.2226502931 0
2458853.5 19.5090834659 0 18.0177092289 0
2458854.5 16.0356628277 0 14.6095815352 0
2458855.5 15.4662800445 0 14.0508108909 0
2458856.5 16.0515809559 0 14.6253871147 0
2458857.5 16.8352609702 0 15.3944395145 0
2458858.5 16.058412201 0 14.6318436429 0
2458859.5 16.2515205702 0 14.8214549466 0
2458860.5 13.7034749989 0 12.3189414159 0
2458861.5 12.788991743 0 11.4213605987 0
2458862.5 12.5932239173 0 11.2292741165 0
2458863.5 13.2554899747 0 11.8792733712 0
2458864.5 12.6629582936 0 11.2975830151 0
2458865.5 16.2357009598 0 14.8033668564 0
2458866.5 15.9601530005 0 14.5328894558 0
2458867.5 16.6843657351 0 15.2436263933 0
2458868.5 17.3785556448 0 15.9250545168 0
2458869.5 22.8987201062 0 21.3456164596 0
2458870.5 23.3146717072 0 21.7540879477 0
2458871.5 22.742711722 0 21.1928227888 0
2458872.5 22.3972756054 0 20.8537037271 0
2458873.5 22.7023828664 0 21.1533705898 0
2458874.5 12.3909636803 0 11.0337463753 0
2458875.5 12.9405680363 0 11.5733444796 0
2458876.5 12.4057416944 0 11.0484099154 0
2458877.5 11.849678962 0 10.5028189222 0
2458878.5 10.9963390437 0 9.66533713666 0
2458879.5 10.5969735364 0 9.27327886014 0
2458880.5 13.7202234489 0 12.3401643154 0
2458881.5 13.8261120646 0 12.4440177493 0
2458882.5 13.9102577539 0 12.5265218621 0
2458883.5 14.1402654339 0 12.7522652471 0
2458884.5 14.2862856355 0 12.8955067528 0
2458885.5 18.8494476797 0 17.3768143884 0
2458886.5 19.0200582664 0 17.5444316275 0
2458887.5 19.7157447879 0 18.2273273667 0
2458888.5 20.3773840326 0 18.8767032715 0
2458889.5 21.2485512691 0 19.731923335 0
2458890.5 21.4302084508 0 19.9100356016 0
2458891.5 15.5536438854 0 14.140142479 0
2458892.5 15.66813872 0 14.2526218185 0
2458893.5 15.4849785064 0 14.0730263626 0
2458894.5 16.0294070348 0 14.607343774 0
2458895.5 16.82010746 0 15.3832342723 0
2458896.5 17.5195868433 0 16.0697035039 0
2458897.5 21.8471492571 0 20.3167652114 0
2458898.5 21.9567679685 0 20.4243927708 0
2458899.5 21.2535272443 0 19.7340866795 0
2458900.5 20.5283054057 0 19.0221446448 0
2458901.5 23.0731734674 0 21.5192941764 0
2458902.5 22.2780735469 0 20.739007202 0
2458903.5 22.3156693078 0 20.7759698777 0
2458904.5 22.1254232544 0 20.5891484379 0
2458905.5 21.3709483348 0 19.8486463345 0
2458906.5 21.031698786 0 19.5154944076 0
2458907.5 15.7958456088 0 14.3772035333 0
2458908.5 14.9267384416 0 13.5243723834 0
2458909.5 15.3458436757 0 13.9355113287 0
2458910.5 15.8927087864 0 14.4721245309 0
2458911.5 14.693374292 0 13.296766626 0
2458912.5 14.68955894 0 13.2931255545 0
2458913.5 14.7929513338 0 13.3944965234 0
2458914.5 15.1415594219 0 13.7368238042 0
2458915.5 23.1929883858 0 21.6403652835 0
2458916.5 22.3454954753 0 20.8085494472 0
2458917.5 22.5537567859 0 21.0130038108 0
2458918.5 22.6292621681 0 21.0870850394 0
2458919.5 13.3149520264 0 11.9466959234 0
2458920.5 12.7953883153 0 11.4369590712 0
2458921.5 12.2392833807 0 10.8913108156 0
2458922.5 12.8065000713 0 11.4479784059 0
2458923.5 13.0062309554 0 11.6440987668 0
2458924.5 18.7410267959 0 17.271624999 0
2458925.5 17.9298257034 0 16.475342529 0
2458926.5 17.3910127812 0 15.9464882654 0
2458927.5 17.4742554099 0 16.0281817978 0
2458928.5 18.1111623531 0 16.6534499487 0
2458929.5 18.8725557222 0 17.4008055282 0
2458930.5 13.6546079194 0 12.2808995546 0
2458931.5 13.8910735938 0 12.5127896567 0
2458932.5 13.5859373309 0 12.2132082257 0
2458933.5 13.9514614145 0 12.5720834705 0
2458934.5 23.5024361724 0 21.9466267889 0
2458935.5 23.4406740827 0 21.8861288843 0
2458936.5 22.8426106102 0 21.299065547 0
2458937.5 22.0676815915 0 20.5384480326 0
2458938.5 21.5489694066 0 20.0291842009 0
2458939.5 21.5160554116 0 19.9970356476 0
2458940.5 18.4428486843 0 16.9790256149 0
2458941.5 17.7327572364 0 16.282014021 0
2458942.5 17.6814378064 0 16.2316184128 0
2458943.5 18.2642698923 0 16.8037173191 0
2458944.5 18.5607216518 0 17.0946214465 0
2458945.5 17.7740248686 0 16.3225680775 0
2458946.5 18.147458402 0 16.6889573871 0
2458947.5 18.3936589124 0 16.9304464324 0
2458948.5 17.5281365324 0 16.0810185487 0
2458949.5 17.0611501642 0 15.6228557611 0
2458950.5 15.5758166792 0 14.1660730148 0
2458951.5 15.500806904 0 14.0922901865 0
2458952.5 15.6428251891 0 14.2316338265 0
2458953.5 15.4625263531 0 14.0545823403 0
2458954.5 15.9304871184 0 14.5139056403 0
2458955.5 15.125971521 0 13.7217434455 0
2458956.5 14.3711483868 0 12.980996538 0
2458957.5 13.4467658228 0 12.0735866951 0
2458958.5 13.778082238 0 12.3985673257 0
2458959.5 13.2351054307 0 11.8655915831 0
2458960.5 21.7247936632 0 20.1968301328 0
2458961.5 20.842092854 0 19.330452085 0
2458962.5 20.2450531827 0 18.7443225207 0
2458963.5 19.8808142189 0 18.3868101487 0
2458964.5 19.4775060643 0 17.9908088477 0
2458965.5 19.103688616 0 17.624103566 0
2458966.5 19.9520056525 0 18.4598712115 0
2458967.5 20.2191189209 0 18.7219475217 0
2458968.5 19.3541791735 0 17.8729287741 0
2458969.5 19.7894872688 0 18.3001340547 0
2458970.5 20.1805297983 0 18.6837857554 0
2458971.5 20.9286082785 0 19.4179479165 0
2458972.5 21.9032849312 0 20.3754486594 0
2458973.5 21.635318896 0 20.112268609 0
2458974.5 22.4364659848 0 20.8986625001 0
2458975.5 22.0954693678 0 20.5638223696 0
2458976.5 21.5302384429 0 20.0091324267 0
2458977.5 21.5594338489 0 20.0378648528 0
2458978.5 23.4671213141 0 21.9116625218 0
2458979.5 23.7769219106 0 22.2159286456 0
2458980.5 23.7396407672 0 22.1794987632 0
2458981.5 23.1978863932 0 21.6476044467 0
2458982.5 14.5797828486 0 13.1903859423 0
2458983.5 15.2827854755 0 13.8802142856 0
2458984.5 15.9173324945 0 14.5030838215 0
2458985.5 15.9292504653 0 14.5148823736 0
2458986.5 15.9883645135 0 14.5722452311 0
2458987.5 16.528217204 0 15.1020158624 0
2458988.5 16.0884969723 0 14.6705115969 0
2458989.5 15.9049498365 0 14.4905662634 0
2458990.5 18.9219646298 0 17.4501478139 0
2458991.5 18.290866361 0 16.8305493671 0
2458992.5 18.4681682708 0 17.0044236142 0
2458993.5 18.3350864968 0 16.8739158368 0
2458994.5 18.968439195 0 17.4956170556 0
2458995.5 18.5970010849 0 17.1311229777 0
2458996.5 16.0178605764 0 14.6027916674 0
2458997.5 15.3404109507 0 13.9380898317 0
2458998.5 16.0528214476 0 14.6371069152 0
2458999.5 16.7721914104 0 15.3430526559 0
2459000.5 16.7384834357 0 15.3100584961 0
2459001.5 14.3686355948 0 12.9850299308 0
2459002.5 14.3933601258 0 13.0091155002 0
2459003.5 14.0247403592 0 12.647423723 0
2459004.5 14.8652371958 0 13.4721352051 0
2459005.5 15.2530150143 0 13.8525609087 0
2459006.5 15.6174995955 0 14.2103820675 0
2459007.5 23.7658168432 0 22.2067736912 0
2459008.5 24.5321849741 0 22.9590656095 0
2459009.5 24.9405903905 0 23.3598319134 0
2459010.5 24.1892686483 0 22.6223075972 0
2459011.5 24.9258669995 0 23.3454089153 0
2459012.5 25.1112471221 0 23.5272098735 0
2459013.5 19.714291737 0 18.2300216934 0
2459014.5 19.8708802136 0 18.3838546696 0
2459015.5 19.7001085073 0 18.2164280084 0
2459016.5 20.4686908672 0 18.9706848044 0
2459017.5 20.8406412378 0 19.3355629699 0
2459018.5 20.1434558195 0 18.6512345908 0
2459019.5 16.9043689831 0 15.4736772626 0
2459020.5 16.6039131006 0 15.178727449 0
2459021.5 16.66242195 0 15.2362402131 0
2459022.5 17.5255909167 0 16.0835433378 0
2459023.5 17.6963986291 0 16.2491233471 0
2459024.5 17.009659062 0 15.5750934046 0
2459025.5 16.5564957552 0 15.1301626751 0
2459026.5 16.6854065864 0 15.2568461865 0
2459027.5 17.4939217228 0 16.0503441652 0
2459028.5 18.3983855453 0 16.9365891486 0
2459029.5 19.1231858166 0 17.6479790248 0
2459030.5 19.5313138279 0 18.0485399979 0
2459031.5 18.6774972258 0 17.2105095742 0
2459032.5 21.9274934641 0 20.4004325579 0
2459033.5 21.0743512368 0 19.5631254367 0
2459034.5 20.7063421909 0 19.2020994686 0
2459035.5 20.8284160958 0 19.3218880087 0
2459036.5 18.6415557193 0 17.1735103136 0
2459037.5 18.2519732238 0 16.7909572293 0
2459038.5 17.4566329079 0 16.010283273 0
2459039.5 16.8963392612 0 15.4603388483 0
2459040.5 17.0780942971 0 15.6387580504 0
2459041.5 17.9899115498 0 16.5336362157 0
2459042.5 21.8731573302 0 20.3476032655 0
2459043.5 21.8539180595 0 20.3285735977 0
2459044.5 22.5848314917 0 21.0458018421 0
2459045.5 21.8083929066 0 20.283824373 0
2459046.5 21.8932483576 0 20.3670980257 0
2459047.5 20.0034779661 0 18.5101805835 0
2459048.5 20.476738034 0 18.9744792135 0
2459049.5 21.3781700626 0 19.8592923486 0
2459050.5 20.9378159688 0 19.4269028083 0
2459051.5 21.0731772261 0 19.5598659536 0
2459052.5 13.1839885328 0 11.8182834673 0
2459053.5 14.0475428096 0 12.6657575141 0
2459054.5 14.8889583332 0 13.4914196343 0
2459055.5 15.6771338059 0 14.2648843033 0
2459056.5 16.6619933371 0 15.2335596155 0
2459057.5 16.4134073087 0 14.9895642731 0
2459058.5 15.9171182004 0 14.5026668915 0
2459059.5 16.5377640579 0 15.1118797819 0
2459060.5 17.476638384 0 16.0334518581 0
2459061.5 18.3363517119 0 16.8771240029 0
2459062.5 13.8177740683 0 12.444090965 0
2459063.5 14.3927225802 0 13.0082946742 0
2459064.5 15.2716986625 0 13.8710834404 0
2459065.5 15.7919963834 0 14.3817021901 0
2459066.5 15.3620637731 0 13.9598494286 0
2459067.5 15.4524087457 0 14.0486845701 0
2459068.5 19.3286779246 0 17.8547086643 0
2459069.5 19.9755932651 0 18.4896244826 0
2459070.5 20.6131887242 0 19.1152815191 0
2459071.5 19.7978964582 0 18.3152574934 0
2459072.5 19.5600397003 0 18.0817442158 0
2459073.5 18.1982977801 0 16.7426009603 0
2459074.5 18.1130113134 0 16.65884266 0
2459075.5 19.0024511551 0 17.5318231205 0
2459076.5 18.3979745903 0 16.9386149031 0
2459077.5 18.1807693552 0 16.725497822 0
2459078.5 23.9307845761 0 22.3721051826 0
2459079.5 24.6722940966 0 23.1000398825 0
2459080.5 24.5648875694 0 22.9946323284 0
2459081.5 23.8007422045 0 22.2443926725 0
2459082.5 21.3627598549 0 19.8509797636 0
2459083.5 21.4135322357 0 19.9008005735 0
2459084.5 21.3995474278 0 19.8871063854 0
2459085.5 21.4999794392 0 19.9857223991 0
2459086.5 20.0831329128 0 18.5931835367 0
2459087.5 19.1795139297 0 17.7063189395 0
