2457258.5 16.6370981335 0 15.0801147626 0
2457259.5 17.2607091936 0 15.6923439691 0
2457260.5 16.5192497384 0 14.9646031099 0
2457261.5 16.3731801145 0 14.8212495609 0
2457262.5 12.3705582858 0 10.8921073544 0
2457263.5 12.181088057 0 10.706007626 0
2457264.5 12.8552532487 0 11.3677954042 0
2457265.5 11.9881641349 0 10.5169309953 0
2457266.5 11.2640234802 0 9.80628045145 0
2457267.5 10.5566098664 0 9.11216411968 0
2457268.5 16.6344849179 0 15.0752090818 0
2457269.5 16.4945856472 0 14.9377211411 0
2457270.5 16.7189990689 0 15.1579005167 0
2457271.5 16.2533281663 0 14.7008624522 0
2457272.5 17.1780756315 0 15.6084585981 0
2457273.5 17.8625379183 0 16.2802484462 0
2457274.5 5.97249650692 0 4.6114412626 0
2457275.5 5.880255127 0 4.520835318 0
2457276.5 6.16213638284 0 4.7974494915 0
2457277.5 6.54583489678 0 5.17422244877 0
2457278.5 7.09321493958 0 5.71151629112 0
2457279.5 6.26969004554 0 4.90314368511 0
2457280.5 6.29281175519 0 4.9241363353 0
2457281.5 6.66201842688 0 5.28635056665 0
2457282.5 7.34086643689 0 5.95268799994 0
2457283.5 7.27249985316 0 5.88567328561 0
2457284.5 6.43347341628 0 5.06215397177 0
2457285.5 7.38729231892 0 5.99690726811 0
2457286.5 6.51024227843 0 5.13601074118 0
2457287.5 6.34745563605 0 4.97630052214 0
2457288.5 7.17023830381 0 5.78381353722 0
2457289.5 10.9113775959 0 9.45880999527 0
2457290.5 10.3015333739 0 8.86043989555 0
2457291.5 9.77160916306 0 8.34022778813 0
2457292.5 10.6959305151 0 9.24740383919 0
2457293.5 10.920950284 0 9.46820560149 0
2457294.5 10.8451184942 0 9.39378681383 0
2457295.5 11.7298445575 0 10.2632120893 0
2457296.5 12.483258484 0 11.0024760804 0
2457297.5 12.2253115027 0 10.7492074859 0
2457298.5 11.7481657355 0 10.2808902288 0
2457299.5 12.1369141715 0 10.6623443837 0
2457300.5 11.351217606 0 9.89118858072 0
2457301.5 6.12148449916 0 4.75562501429 0
2457302.5 6.19272084111 0 4.82544417713 0
2457303.5 6.58067444456 0 5.20639811397 0
2457304.5 7.36731349962 0 5.97859078734 0
2457305.5 6.672280939 0 5.29637001781 0
2457306.5 6.65256760754 0 5.27695184303 0
2457307.5 7.99426116746 0 6.59217207547 0
2457308.5 7.79716901009 0 6.3988009735 0
2457309.5 7.39727362997 0 6.00619888512 0
2457310.5 7.75927309035 0 6.36146361289 0
2457311.5 12.9952568088 0 11.500093122 0
2457312.5 13.4030692382 0 11.9002542066 0
2457313.5 13.9019569122 0 12.3900792621 0
2457314.5 14.6756915067 0 13.1492857647 0
2457315.5 13.8877615823 0 12.3757787202 0
2457316.5 5.71373573603 0 4.35052330942 0
2457317.5 5.37547013945 0 4.01856140174 0
2457318.5 5.86736640911 0 4.50147536836 0
2457319.5 6.63374740072 0 5.25355326958 0
2457320.5 11.4395643223 0 9.967744617 0
2457321.5 11.0384460957 0 9.57393643677 0
2457322.5 11.8791330119 0 10.3991405957 0
2457323.5 11.0296783142 0 9.56540985526 0
2457324.5 11.7864195546 0 10.3079501279 0
2457325.5 12.3438092204 0 10.8551774598 0
2457326.5 11.2922725946 0 9.82464571187 0
2457327.5 12.0776865506 0 10.5953498521 0
2457328.5 11.5605895606 0 10.0877980535 0
2457329.5 12.3943824759 0 10.9063232095 0
2457330.5 11.9514382146 0 10.4716634927 0
2457331.5 15.011291978 0 13.4729489018 0
2457332.5 15.8525100374 0 14.2985352958 0
2457333.5 16.5712382273 0 15.0037747101 0
2457334.5 15.6553421657 0 14.104987655 0
2457335.5 9.167238649 0 7.73470634277 0
2457336.5 8.43739007529 0 7.01824273668 0
2457337.5 7.96557064323 0 6.55502331856 0
2457338.5 8.49254880133 0 7.07227085802 0
2457339.5 7.70452153996 0 6.29868054027 0
2457340.5 6.94860864955 0 5.55679751533 0
2457341.5 5.98469177069 0 4.61292784482 0
2457342.5 5.6930858214 0 4.32661231208 0
2457343.5 5.11931201504 0 3.76344488973 0
2457344.5 5.27445844215 0 3.91569019337 0
2457345.5 10.6023554548 0 9.1460961757 0
2457346.5 11.0819284082 0 9.6167634536 0
2457347.5 11.7502733727 0 10.2728304322 0
2457348.5 11.1286699249 0 9.66273803535 0
2457349.5 10.241458052 0 8.79181505376 0
2457350.5 6.54775959301 0 5.16678743612 0
2457351.5 6.42010615686 0 5.04152252043 0
2457352.5 6.23475903269 0 4.85959759623 0
2457353.5 6.90143407576 0 5.51376088749 0
2457354.5 7.81196849219 0 6.40737327506 0
2457355.5 11.4157721852 0 9.94360432772 0
2457356.5 11.5766509194 0 10.1013475606 0
2457357.5 10.9149014254 0 9.45187917831 0
2457358.5 10.0336741432 0 8.5869916652 0
2457359.5 9.14471641991 0 7.71493269455 0
2457360.5 8.33966508094 0 6.92466801688 0
2457361.5 7.82801755465 0 6.42234724943 0
2457362.5 8.22958875693 0 6.81650823674 0
2457363.5 5.55958942553 0 4.19440006267 0
2457364.5 5.9269409804 0 4.55507139438 0
2457365.5 5.10248803511 0 3.74596730083 0
2457366.5 6.00314297918 0 4.62983208024 0
2457367.5 6.03218861927 0 4.65835788794 0
2457368.5 15.5158375855 0 13.9694557214 0
2457369.5 14.63573902 0 13.1055730307 0
2457370.5 14.4361840633 0 12.9096031922 0
2457371.5 13.9373359966 0 12.4200324916 0
2457372.5 9.21357984689 0 7.78691989137 0
2457373.5 9.72303262584 0 8.2868244849 0
2457374.5 9.5125936057 0 8.08030283661 0
2457375.5 9.40682448163 0 7.97639432271 0
2457376.5 9.05706551771 0 7.63306368611 0
2457377.5 10.4836936891 0 9.03537102595 0
2457378.5 11.2756366105 0 9.81260618281 0
2457379.5 11.2225161263 0 9.76066564553 0
2457380.5 12.1073702429 0 10.628963171 0
2457381.5 11.258216462 0 9.79570393959 0
2457382.5 11.4194895126 0 9.95403213872 0
2457383.5 12.2709214026 0 10.7897107735 0
2457384.5 11.7250877163 0 10.2541572392 0
2457385.5 12.4411445823 0 10.9567566946 0
2457386.5 13.1996441377 0 11.701296369 0
2457387.5 13.9057579314 0 12.3944455237 0
2457388.5 13.858072921 0 12.3468891756 0
2457389.5 14.3489270611 0 12.8285187888 0
2457390.5 14.5190881153 0 12.9956900111 0
2457391.5 15.1312565228 0 13.5965648887 0
2457392.5 15.910504764 0 14.3613742796 0
2457393.5 16.478482688 0 14.9186535445 0
2457394.5 5.83294974195 0 4.46803796306 0
2457395.5 6.64801948969 0 5.26815181501 0
2457396.5 5.85780025186 0 4.49270217919 0
2457397.5 5.37997468464 0 4.02357224859 0
2457398.5 8.56612288469 0 7.14828845991 0
2457399.5 9.21297172244 0 7.78307684719 0
2457400.5 9.58936478205 0 8.15237438871 0
2457401.5 9.36933871203 0 7.93623818726 0
2457402.5 9.98351296517 0 8.53918522812 0
2457403.5 12.5742660353 0 11.0846625706 0
2457404.5 12.0551031055 0 10.5750749647 0
2457405.5 12.8301074603 0 11.3357496814 0
2457406.5 13.7077223223 0 12.1970642748 0
2457407.5 14.3650814465 0 12.8424319968 0
2457408.5 14.2223247407 0 12.7022926037 0
2457409.5 9.84481388284 0 8.40525846281 0
2457410.5 10.6561181623 0 9.20148420882 0
2457411.5 11.0082354486 0 9.54708810428 0
2457412.5 11.7804542613 0 10.3051606635 0
2457413.5 12.6430377035 0 11.1516023722 0
2457414.5 12.268743147 0 10.7821746133 0
2457415.5 12.4465046904 0 10.9565357871 0
2457416.5 12.6905045158 0 11.1961176233 0
2457417.5 12.0324221033 0 10.5500814226 0
2457418.5 11.286359077 0 9.81771895656 0
2457419.5 12.8876196135 0 11.3897165712 0
2457420.5 12.9264682833 0 11.4276716251 0
2457421.5 12.7235773146 0 11.228367027 0
2457422.5 13.2598275557 0 11.7546408528 0
2457423.5 14.0837110079 0 12.56339947 0
2457424.5 13.308106213 0 11.8020399379 0
2457425.5 13.8764174028 0 12.357652159 0
2457426.5 13.3173345541 0 11.8091224163 0
2457427.5 13.9122632783 0 12.3930848988 0
2457428.5 13.0138668503 0 11.5114939755 0
2457429.5 12.1676298557 0 10.6809006631 0
2457430.5 6.94783205505 0 5.55663343403 0
2457431.5 6.0220506613 0 4.6480301245 0
2457432.5 6.17020443415 0 4.79359214667 0
2457433.5 6.15972303094 0 4.78326508384 0
2457434.5 12.3200217418 0 10.8297222819 0
2457435.5 13.1307676014 0 11.62544343 0
2457436.5 13.4676911251 0 11.9561789395 0
2457437.5 13.3208971334 0 11.8121283369 0
2457438.5 14.1448290277 0 12.6208946331 0
2457439.5 13.2256128037 0 11.7185448907 0
2457440.5 14.4266018384 0 12.8948522576 0
2457441.5 14.6535620208 0 13.1176951931 0
2457442.5 14.5796177086 0 13.0453099321 0
2457443.5 14.2907696401 0 12.7618180436 0
2457444.5 14.4532320162 0 12.9210727247 0
2457445.5 7.87293673388 0 6.46017521731 0
2457446.5 6.9892481997 0 5.59292243105 0
2457447.5 7.52007105006 0 6.1140500069 0
2457448.5 8.16556342679 0 6.74775675393 0
2457449.5 7.39070642779 0 5.98730114392 0
2457450.5 9.23359380308 0 7.79733133488 0
2457451.5 8.44185221596 0 7.02037870858 0
2457452.5 8.14821162172 0 6.73235582155 0
2457453.5 8.58827389785 0 7.16423681876 0
2457454.5 9.26422581107 0 7.82752007509 0
2457455.5 9.45331535314 0 8.01305949331 0
2457456.5 5.02138078352 0 3.66198535151 0
2457457.5 5.49089467654 0 4.12294230593 0
2457458.5 5.04039278934 0 3.68098452999 0
2457459.5 4.77616446521 0 3.42161891049 0
2457460.5 9.81360888958 0 8.36644792838 0
2457461.5 9.05238194599 0 7.6191784773 0
2457462.5 9.63142989787 0 8.18749722726 0
2457463.5 9.73552393209 0 8.2897038077 0
2457464.5 8.9863207628 0 7.55430350282 0
2457465.5 9.18383518765 0 7.74815566918 0
2457466.5 11.5354384575 0 10.0545227919 0
2457467.5 11.7595177188 0 10.2745673519 0
2457468.5 12.2525725822 0 10.7583285399 0
2457469.5 11.6722328162 0 10.1889112486 0
2457470.5 10.7550008432 0 9.2886011584 0
2457471.5 11.4397769382 0 9.96057404918 0
2457472.5 10.4465829021 0 8.98333962611 0
2457473.5 10.8039669826 0 9.33408320914 0
2457474.5 11.1184663259 0 9.64270048131 0
2457475.5 11.5570682511 0 10.0732322777 0
2457476.5 9.78080905089 0 8.33257193494 0
2457477.5 9.32085476057 0 7.88110243616 0
2457478.5 9.87831393314 0 8.42818521504 0
2457479.5 9.46889638516 0 8.02651821947 0
2457480.5 15.8285958769 0 14.2701156684 0
2457481.5 14.9786283764 0 13.4358151547 0
2457482.5 15.3067252908 0 13.7577343175 0
2457483.5 15.9806000135 0 14.418967875 0
2457484.5 14.7088949258 0 13.1732875188 0
2457485.5 13.8244046241 0 12.3050122763 0
2457486.5 13.0631187107 0 11.5577531833 0
2457487.5 13.0051678003 0 11.5009839768 0
2457488.5 13.4000921134 0 11.8887480796 0
2457489.5 11.1542686685 0 9.68677678028 0
2457490.5 10.5978307286 0 9.14053499981 0
2457491.5 11.4189113254 0 9.94632693656 0
2457492.5 12.0114139902 0 10.5277682524 0
2457493.5 13.2067534641 0 11.6998374247 0
2457494.5 12.762973722 0 11.2641233044 0
2457495.5 12.1189786917 0 10.6319206005 0
2457496.5 12.6948789315 0 11.1970769606 0
2457497.5 13.5022924066 0 11.9893357043 0
2457498.5 13.410009366 0 11.898937669 0
2457499.5 15.5587695174 0 14.0105442651 0
2457500.5 15.8408218771 0 14.2872245421 0
2457501.5 16.0264453115 0 14.4692459374 0
2457502.5 15.6949356716 0 14.1438697665 0
2457503.5 16.4034376798 0 14.8392042034 0
2457504.5 16.1323273755 0 14.5730091716 0
2457505.5 15.9178400956 0 14.3651915624 0
2457506.5 15.1718661463 0 13.6331554865 0
2457507.5 15.6693630916 0 14.1214480662 0
2457508.5 15.007263934 0 13.4714581214 0
2457509.5 5.86684760241 0 4.50252817926 0
2457510.5 5.88617882044 0 4.52144792303 0
2457511.5 5.22090673567 0 3.86836307582 0
2457512.5 4.84974340485 0 3.50401611727 0
2457513.5 5.07917118458 0 3.72932262371 0
2457514.5 11.2740280853 0 9.80838614965 0
2457515.5 11.4215700814 0 9.95331947409 0
2457516.5 11.1468942864 0 9.68383374995 0
2457517.5 10.8285134347 0 9.37141124404 0
2457518.5 10.2427646742 0 8.79637551245 0
2457519.5 13.989804137 0 12.4736374341 0
2457520.5 14.1076615201 0 12.5894472422 0
2457521.5 14.8419265723 0 13.3099273943 0
2457522.5 14.4716045258 0 12.9463517817 0
2457523.5 15.1649734849 0 13.6268963869 0
2457524.5 16.0013635804 0 14.4477034383 0
2457525.5 15.6268770002 0 14.0803099568 0
2457526.5 16.2885269372 0 14.7297600599 0
2457527.5 16.3160928157 0 14.756728285 0
2457528.5 9.12948179527 0 7.70392188833 0
2457529.5 8.560540256 0 7.14549479208 0
2457530.5 8.62904703317 0 7.2126972904 0
2457531.5 7.74204013176 0 6.34221651195 0
2457532.5 8.31198372299 0 6.90172251647 0
2457533.5 7.1735898891 0 5.78765758354 0
2457534.5 6.39090353117 0 5.01956782887 0
2457535.5 5.82221837881 0 4.46148645123 0
2457536.5 6.69064080397 0 5.31396753466 0
2457537.5 6.88964132208 0 5.509293902 0
2457538.5 6.96458319643 0 5.58298335777 0
2457539.5 11.1716195331 0 9.70988187793 0
2457540.5 10.5257429873 0 9.07593449576 0
2457541.5 11.1342014668 0 9.67319769446 0
2457542.5 11.1845409317 0 9.7226381401 0
2457543.5 11.3983557088 0 9.93250512006 0
2457544.5 12.0196446263 0 10.5422105554 0
2457545.5 12.7065384888 0 11.2196283318 0
2457546.5 13.0992795545 0 11.6050585997 0
2457547.5 12.4276654334 0 10.9458191998 0
2457548.5 13.2456216642 0 11.748587914 0
2457549.5 12.5176383788 0 11.0340263391 0
2457550.5 13.6469882733 0 12.1455128079 0
2457551.5 13.3892433337 0 11.8923974333 0
2457552.5 13.4476664906 0 11.9496408317 0
2457553.5 13.304680288 0 11.809328721 0
2457554.5 13.6098036498 0 12.1087096529 0
2457555.5 6.71428519274 0 5.34244732662 0
2457556.5 6.15492148281 0 4.79354277088 0
2457557.5 6.93072661773 0 5.55498547559 0
2457558.5 7.49300654424 0 6.10695977258 0
2457559.5 7.35109145525 0 5.96749709641 0
2457560.5 7.22909829655 0 5.84761301714 0
2457561.5 13.8353221047 0 12.3308083517 0
2457562.5 14.6191292872 0 13.1002008438 0
2457563.5 14.1293391176 0 12.6194262986 0
2457564.5 14.1055410512 0 12.5960344076 0
2457565.5 13.3054533368 0 11.8109034439 0
2457566.5 6.52749567395 0 5.15871514115 0
2457567.5 7.37698984255 0 5.99237384029 0
2457568.5 7.46953570952 0 6.08302213025 0
2457569.5 7.06889333002 0 5.68987075146 0
2457570.5 7.7329925592 0 6.34410796788 0
2457571.5 7.4729276731 0 6.08874820783 0
2457572.5 6.82941475672 0 5.45724233503 0
2457573.5 6.49193695032 0 5.12600712534 0
2457574.5 6.08693848098 0 4.72846145522 0
2457575.5 9.44630726216 0 8.02796016323 0
2457576.5 10.1242032601 0 8.69338644238 0
2457577.5 9.20946168117 0 7.7956115265 0
2457578.5 8.93549299979 0 7.52683287405 0
2457579.5 8.20222701748 0 6.80702195092 0
2457580.5 7.71033351005 0 6.32409580529 0
2457581.5 14.9212708019 0 13.3992809975 0
2457582.5 15.5266538274 0 13.993641152 0
2457583.5 15.6961638553 0 14.1598943742 0
2457584.5 15.2105623086 0 13.6832490175 0
2457585.5 14.5806377024 0 13.0651729494 0
2457586.5 15.3136638418 0 13.7845041981 0
2457587.5 8.15120481494 0 6.75771975592 0
2457588.5 8.68257701597 0 7.27906522352 0
2457589.5 8.12798889346 0 6.73491422872 0
2457590.5 8.23823523997 0 6.84324593318 0
2457591.5 11.7590490181 0 10.2959993333 0
2457592.5 10.9605305861 0 9.51218824975 0
2457593.5 10.8139469842 0 9.36818045084 0
2457594.5 10.2161191261 0 8.78146994478 0
2457595.5 9.39888648864 0 7.97938696169 0
2457596.5 8.24695610279 0 6.84846282405 0
2457597.5 8.23432705517 0 6.835998751 0
2457598.5 8.8213713476 0 7.41219645055 0
2457599.5 8.45870829184 0 7.05644519146 0
2457600.5 7.62190847774 0 6.23505022816 0
2457601.5 6.71465436601 0 5.34471331161 0
2457602.5 14.7828792122 0 13.2646674775 0
2457603.5 14.7411064076 0 13.2235888333 0
2457604.5 13.9877938906 0 12.484309941 0
2457605.5 14.0063945107 0 12.5025536121 0
2457606.5 13.0954522477 0 11.6086523638 0
2457607.5 13.9957694678 0 12.4921460307 0
2457608.5 16.3338738307 0 14.7893334474 0
2457609.5 15.5157838082 0 13.9865137061 0
2457610.5 14.9157029634 0 13.3974027401 0
2457611.5 14.4119612734 0 12.902858391 0
2457612.5 14.7854958677 0 13.2695908309 0
2457613.5 14.952253951 0 13.43323006 0
2457614.5 14.5816557012 0 13.070985922 0
2457615.5 13.9081860195 0 12.4098427349 0
2457616.5 14.3678710619 0 12.860991344 0
2457617.5 13.4482311202 0 11.9584525775 0
2457618.5 13.0684790538 0 11.5855656525 0
2457619.5 12.995114445 0 11.5136199693 0
2457620.5 6.38447635331 0 5.02614164725 0
2457621.5 5.62685069698 0 4.28257567584 0
2457622.5 5.99180040407 0 4.64076854293 0
2457623.5 6.80635689514 0 5.44040481129 0
2457624.5 10.1990177453 0 8.77337748367 0
2457625.5 9.71317321102 0 8.29647965689 0
2457626.5 9.96013857724 0 8.53903623054 0
2457627.5 10.2847331483 0 8.85743175737 0
2457628.5 10.9653230653 0 9.52556769948 0
2457629.5 10.6413222112 0 9.20769703748 0
2457630.5 11.2660454034 0 9.82210082904 0
2457631.5 12.1895312054 0 10.72859404 0
2457632.5 11.8803306326 0 10.4252347716 0
2457633.5 12.520008895 0 11.0530127268 0
2457634.5 10.925561922 0 9.48730524514 0
2457635.5 11.3379898722 0 9.89204244784 0
2457636.5 12.085926327 0 10.6261158186 0
2457637.5 11.1914920337 0 9.74814943151 0
2457638.5 10.5868050973 0 9.15458117025 0
2457639.5 10.382229662 0 8.95367131828 0
2457640.5 14.869311957 0 13.3582398355 0
2457641.5 14.0791047137 0 12.5827376238 0
2457642.5 13.6758063443 0 12.1870713598 0
2457643.5 12.7884789678 0 11.3162088568 0
2457644.5 13.6227382155 0 12.1352097242 0
2457645.5 13.8588761418 0 12.3670291291 0
2457646.5 10.4924428068 0 9.06186684173 0
2457647.5 10.0917940431 0 8.66869337249 0
2457648.5 9.57339317587 0 8.15999512039 0
2457649.5 9.38435813408 0 7.97461738266 0
2457650.5 10.9466489752 0 9.50776206281 0
2457651.5 10.2110564459 0 8.78591857118 0
2457652.5 9.63355907914 0 8.21897011771 0
2457653.5 10.2665861048 0 8.8400787527 0
2457654.5 9.98774737655 0 8.56513262873 0
2457655.5 9.23479509927 0 7.82629130286 0
2457656.5 8.57096110227 0 7.17463697102 0
2457657.5 9.35949834624 0 7.94838457492 0
2457658.5 10.6925999639 0 9.25886302094 0
2457659.5 11.0363803258 0 9.59644671911 0
2457660.5 11.227766758 0 9.78426863646 0
2457661.5 11.7506021761 0 10.2972162631 0
2457662.5 16.3011257838 0 14.76288272 0
2457663.5 16.4285697268 0 14.8881617358 0
2457664.5 15.5480387862 0 14.0241020076 0
2457665.5 16.1141766396 0 14.5797024871 0
2457666.5 16.9407702815 0 15.3911509891 0
2457667.5 16.8854863222 0 15.3373539754 0
2457668.5 16.6887490721 0 15.1443303572 0
2457669.5 16.2453541478 0 14.7091532079 0
2457670.5 16.3264361927 0 14.7888944607 0
2457671.5 16.8198097283 0 15.2728763585 0
2457672.5 17.4681357048 0 15.9090305339 0
2457673.5 18.1118692453 0 16.5408632023 0
2457674.5 17.5511621821 0 15.9904559934 0
2457675.5 14.5111281109 0 13.008048478 0
2457676.5 15.3844549873 0 13.8650385936 0
2457677.5 16.2727202596 0 14.7370380805 0
2457678.5 16.6425179714 0 15.09980173 0
2457679.5 11.3396509597 0 9.89459921806 0
2457680.5 11.9403169469 0 10.4839666386 0
2457681.5 11.9323796398 0 10.476190606 0
2457682.5 12.0615154964 0 10.6031058306 0
2457683.5 11.1692347539 0 9.7273350005 0
2457684.5 15.488208026 0 13.9644001484 0
2457685.5 15.0052317185 0 13.490340295 0
2457686.5 15.6672697738 0 14.1401336268 0
2457687.5 15.7716202722 0 14.2423788534 0
2457688.5 13.4106451637 0 11.9259502362 0
2457689.5 13.4272495462 0 11.942332785 0
2457690.5 13.9673485381 0 12.4724438186 0
2457691.5 14.2030527164 0 12.7037010337 0
2457692.5 13.8166574466 0 12.3243722986 0
2457693.5 13.2901829769 0 11.8075577317 0
2457694.5 10.2129952183 0 8.78750679297 0
2457695.5 9.52997074105 0 8.1171334242 0
2457696.5 9.34171955117 0 7.93221988639 0
2457697.5 8.59880079249 0 7.20323812162 0
2457698.5 8.06571540711 0 6.68016227316 0
2457699.5 7.16291711155 0 5.79409277174 0
2457700.5 15.0007799472 0 13.4865175655 0
2457701.5 14.4766575727 0 12.9721584925 0
2457702.5 14.2217318462 0 12.7219783617 0
2457703.5 14.7354413874 0 13.226186779 0
2457704.5 14.4636837868 0 12.9616370023 0
2457705.5 14.4587855922 0 12.95692872 0
2457706.5 13.5699655531 0 12.0844244022 0
2457707.5 13.8229704632 0 12.3326410914 0
2457708.5 13.2787502252 0 11.7986092728 0
2457709.5 16.0499959914 0 14.5216149301 0
2457710.5 15.8742690843 0 14.3490081292 0
2457711.5 16.164038896 0 14.6332205768 0
2457712.5 15.6946116019 0 14.1726852546 0
2457713.5 15.677177157 0 14.1553963203 0
2457714.5 17.6948459324 0 16.1380151251 0
2457715.5 16.8297824819 0 15.2889056025 0
2457716.5 17.1996333379 0 15.6519364921 0
2457717.5 16.5862753579 0 15.0498824345 0
2457718.5 9.85660605797 0 8.44602496231 0
2457719.5 9.07227490389 0 7.67625956958 0
2457720.5 8.36623428252 0 6.98343783208 0
2457721.5 8.63253750245 0 7.24492389727 0
2457722.5 7.80859480285 0 6.43622966009 0
2457723.5 7.95624986195 0 6.58096267669 0
2457724.5 14.1069467641 0 12.6162803232 0
2457725.5 14.838309488 0 13.334189292 0
2457726.5 15.4260007501 0 13.9111873627 0
2457727.5 15.3580264761 0 13.8444682267 0
2457728.5 14.9604913379 0 13.4543563764 0
2457729.5 14.6553666842 0 13.1548534554 0
2457730.5 14.2411335187 0 12.7473630238 0
2457731.5 15.0786761225 0 13.5691918031 0
2457732.5 15.2689061003 0 13.7557643856 0
2457733.5 14.4377322133 0 12.9399854584 0
2457734.5 16.8328773578 0 15.2927601288 0
2457735.5 17.4855402505 0 15.9332531414 0
2457736.5 17.6740241211 0 16.11842496 0
2457737.5 18.0658168739 0 16.5028060172 0
2457738.5 17.8557176485 0 16.2967145388 0
2457739.5 12.6106613561 0 11.1479432792 0
2457740.5 12.1287031277 0 10.6750756082 0
2457741.5 12.6024855294 0 11.1402062395 0
2457742.5 12.4986697027 0 11.0382500203 0
2457743.5 8.84437646545 0 7.4518571161 0
2457744.5 8.22892395297 0 6.84779036028 0
2457745.5 7.90555289451 0 6.53026688786 0
2457746.5 7.76352275095 0 6.39092855021 0
2457747.5 7.95297034579 0 6.57696453239 0
2457748.5 7.72154886534 0 6.34975589123 0
2457749.5 14.2918125268 0 12.7975578021 0
2457750.5 14.2191445095 0 12.7262193083 0
2457751.5 13.7538307535 0 12.2693478774 0
2457752.5 13.0548701741 0 11.5831527585 0
2457753.5 16.8390169143 0 15.2944415319 0
2457754.5 16.2991072164 0 14.7645098252 0
2457755.5 16.0068927765 0 14.4775409572 0
2457756.5 16.3470373166 0 14.8115843202 0
2457757.5 17.2560117253 0 15.7036054508 0
2457758.5 14.4664473518 0 12.9643933335 0
2457759.5 13.8407463271 0 12.3504195858 0
2457760.5 13.3943911062 0 11.9122784316 0
2457761.5 13.8324382282 0 12.3422748603 0
2457762.5 13.6255545844 0 12.1392939983 0
2457763.5 14.1348142235 0 12.6390656515 0
2457764.5 16.0566511493 0 14.523131747 0
2457765.5 16.6088372623 0 15.0649956157 0
2457766.5 16.1283488105 0 14.5935897304 0
2457767.5 15.8923817241 0 14.3620081544 0
2457768.5 15.0678590477 0 13.5527103609 0
2457769.5 15.438660066 0 13.9166600934 0
2457770.5 9.7917488116 0 8.37315182212 0
2457771.5 9.04585022671 0 7.64122809669 0
2457772.5 9.12778791683 0 7.72173196316 0
2457773.5 8.24648094877 0 6.85672713123 0
2457774.5 7.85467058219 0 6.4721494939 0
2457775.5 14.1640254784 0 12.6658815996 0
2457776.5 15.08273364 0 13.5675167987 0
2457777.5 15.1281414933 0 13.6122061153 0
2457778.5 15.7006774633 0 14.1740898753 0
2457779.5 16.1313810762 0 14.5966436429 0
2457780.5 15.9529149157 0 14.4222509502 0
2457781.5 15.9087060404 0 14.3788333535 0
2457782.5 16.2076311833 0 14.6721134672 0
2457783.5 16.0014348534 0 14.4696029297 0
2457784.5 16.9417119286 0 15.3906056838 0
2457785.5 16.629178445 0 15.0839843335 0
2457786.5 15.9236031153 0 14.3914715464 0
2457787.5 15.5762762392 0 14.0503842974 0
2457788.5 7.2510495783 0 5.88063157439 0
2457789.5 7.28017396284 0 5.90924624775 0
2457790.5 7.1589802765 0 5.79035518781 0
2457791.5 6.63903258052 0 5.28005492202 0
2457792.5 17.4832371018 0 15.9258125296 0
2457793.5 17.5713906645 0 16.0122414611 0
2457794.5 18.1032513504 0 16.5344265313 0
2457795.5 17.8684554408 0 16.3041285693 0
2457796.5 16.9808824455 0 15.4329432486 0
2457797.5 17.3163255079 0 15.7623525077 0
2457798.5 12.8552922548 0 11.3818234422 0
2457799.5 13.204454748 0 11.7246830816 0
2457800.5 13.9427321098 0 12.4494791476 0
2457801.5 14.2940333384 0 12.794202616 0
2457802.5 16.7016876953 0 15.1547734439 0
2457803.5 17.4427563269 0 15.8820307767 0
2457804.5 17.1917669249 0 15.6357187847 0
2457805.5 16.4277812184 0 14.8860413067 0
2457806.5 16.7582597095 0 15.2103773945 0
2457807.5 15.9798769383 0 14.4462557554 0
2457808.5 16.2918200493 0 14.7498149483 0
2457809.5 16.0234088776 0 14.4863469087 0
2457810.5 16.0350933957 0 14.4976536215 0
2457811.5 16.9564704524 0 15.4019796303 0
2457812.5 17.3121238973 0 15.7510798746 0
2457813.5 10.719259634 0 9.28343673932 0
2457814.5 10.8238482 0 9.38589759215 0
2457815.5 11.7543080926 0 10.2992312103 0
2457816.5 11.1445615861 0 9.7007693137 0
2457817.5 10.2607293008 0 8.83335986481 0
2457818.5 9.73795628387 0 8.32021562005 0
2457819.5 9.21501628818 0 7.80715469108 0
2457820.5 8.44793603078 0 7.0544560933 0
2457821.5 12.7531309785 0 11.2796904337 0
2457822.5 12.5526085613 0 11.0826956932 0
2457823.5 13.1076180581 0 11.6275375386 0
2457824.5 12.2076309773 0 10.7440348233 0
2457825.5 11.4740448588 0 10.024121335 0
2457826.5 11.4155310269 0 9.96652482229 0
2457827.5 16.1263193311 0 14.5908914381 0
2457828.5 16.3156532128 0 14.7767203079 0
2457829.5 15.8466755672 0 14.3164139401 0
2457830.5 14.9204784031 0 13.4073106208 0
2457831.5 15.295851323 0 13.7756425868 0
2457832.5 9.38987279423 0 7.97975172052 0
2457833.5 8.76709440087 0 7.36845749813 0
2457834.5 8.96117694229 0 7.55890391502 0
2457835.5 8.20738066416 0 6.81895992998 0
2457836.5 8.28688163351 0 6.89678767829 0
2457837.5 11.4747781707 0 10.0281065598 0
2457838.5 11.9526999918 0 10.4971025459 0
2457839.5 12.7418873582 0 11.2716363937 0
2457840.5 13.1990753388 0 11.7203923971 0
2457841.5 8.74030854885 0 7.34412237215 0
2457842.5 9.2978629055 0 7.89119224053 0
2457843.5 9.38270463295 0 7.97464764133 0
2457844.5 8.81139010133 0 7.41411380004 0
2457845.5 9.18912818385 0 7.7850439598 0
2457846.5 11.0356611367 0 9.59747890673 0
2457847.5 10.506321993 0 9.07802620011 0
2457848.5 9.61508270754 0 8.20348444373 0
2457849.5 10.4677303055 0 9.04020229555 0
2457850.5 11.4904659066 0 10.0423786064 0
2457851.5 10.5845547846 0 9.15307711813 0
2457852.5 10.1770549893 0 8.75333367666 0
2457853.5 10.9159486675 0 9.47857348922 0
2457854.5 11.3698542919 0 9.9242082225 0
2457855.5 11.8256317335 0 10.3717295051 0
2457856.5 8.77931082436 0 7.38446565562 0
2457857.5 8.39389385323 0 7.00617147159 0
2457858.5 9.21940370653 0 7.81634201973 0
2457859.5 9.7974846294 0 8.38389976091 0
2457860.5 15.9894594452 0 14.4637447401 0
2457861.5 15.4621665037 0 13.9461760899 0
2457862.5 15.0035665233 0 13.49619717 0
2457863.5 15.8573579764 0 14.3341667046 0
2457864.5 16.2408425934 0 14.7105844231 0
2457865.5 15.8046588729 0 14.282330664 0
2457866.5 9.17722207318 0 7.77691891496 0
2457867.5 8.30836152493 0 6.92419899427 0
2457868.5 8.98890357924 0 7.59225221596 0
2457869.5 8.08222392545 0 6.70225984738 0
2457870.5 12.9299228148 0 11.459562882 0
2457871.5 13.5652200872 0 12.0832699186 0
2457872.5 13.0623240171 0 11.5896881346 0
2457873.5 13.8541341037 0 12.3668850509 0
2457874.5 14.4463933295 0 12.9480931928 0
2457875.5 16.3885878583 0 14.8531067166 0
2457876.5 16.0524072205 0 14.5229826988 0
2457877.5 16.6611687082 0 15.1205685828 0
2457878.5 16.7058715123 0 15.1644388592 0
2457879.5 16.8517955454 0 15.3077902442 0
2457880.5 13.9478342093 0 12.4551400382 0
2457881.5 13.822319965 0 12.3318270884 0
2457882.5 14.5436031811 0 13.0395707095 0
2457883.5 13.9168770791 0 12.4245029085 0
2457884.5 14.8382112639 0 13.3286142759 0
2457885.5 11.1259223429 0 9.68739207032 0
2457886.5 11.5520050663 0 10.1056237998 0
2457887.5 12.420381538 0 10.9580429382 0
2457888.5 11.5019179967 0 10.0564466935 0
2457889.5 10.7596218702 0 9.32799947465 0
2457890.5 9.47231884571 0 8.06723950338 0
2457891.5 8.63967200354 0 7.25007366427 0
2457892.5 8.00584629345 0 6.62811568361 0
2457893.5 7.4367373854 0 6.06953950078 0
2457894.5 17.6094101914 0 16.056142977 0
2457895.5 18.2930953499 0 16.7272836664 0
2457896.5 17.6024339837 0 16.0495263194 0
2457897.5 17.6373205554 0 16.0838924217 0
2457898.5 17.045393173 0 15.5031048337 0
2457899.5 11.463042788 0 10.0231470803 0
2457900.5 11.6119997388 0 10.1693441255 0
2457901.5 11.652497469 0 10.2088957929 0
2457902.5 12.127539907 0 10.6750167732 0
2457903.5 12.9955916343 0 11.5244631341 0
2457904.5 12.671738577 0 11.2065489977 0
2457905.5 12.7822201445 0 11.3149185066 0
2457906.5 12.6162090258 0 11.1520590585 0
2457907.5 10.5104517966 0 9.0834421162 0
2457908.5 10.6231685474 0 9.19410645057 0
2457909.5 10.8206578152 0 9.38790252717 0
2457910.5 11.3757283095 0 9.93276634737 0
2457911.5 11.2242012654 0 9.78408173457 0
2457912.5 11.5062988606 0 10.0611013537 0
2457913.5 8.17648597374 0 6.79435072544 0
2457914.5 8.42965835141 0 7.04300289593 0
2457915.5 7.92792297507 0 6.55064784176 0
2457916.5 7.24460804898 0 5.88004021233 0
2457917.5 7.84247188457 0 6.46700843036 0
2457918.5 13.0576527712 0 11.5861667902 0
2457919.5 13.5000621027 0 12.0203005317 0
2457920.5 13.6867781968 0 12.203704128 0
2457921.5 13.7154935726 0 12.2320056126 0
2457922.5 13.0624362854 0 11.5909258697 0
2457923.5 13.8725122896 0 12.3859347585 0
2457924.5 16.8785417409 0 15.3349999529 0
2457925.5 16.92917494 0 15.3845710228 0
2457926.5 16.1704934969 0 14.6398712637 0
2457927.5 17.0831900383 0 15.5354943825 0
2457928.5 16.5078298398 0 14.9707462109 0
2457929.5 13.077931898 0 11.6051728827 0
2457930.5 12.3457535376 0 10.886516302 0
2457931.5 12.8965540782 0 11.4272123431 0
2457932.5 12.6365880616 0 11.1721962527 0
2457933.5 13.1239837954 0 11.650470386 0
2457934.5 12.7569845713 0 11.2902162464 0
2457935.5 14.6825054198 0 13.1829455042 0
2457936.5 15.271632428 0 13.7613084471 0
2457937.5 14.4791915984 0 12.9835040212 0
2457938.5 15.1534986939 0 13.645218876 0
2457939.5 10.7357768112 0 9.30977939446 0
2457940.5 10.6680115578 0 9.2432269951 0
2457941.5 11.2392198302 0 9.80366946277 0
2457942.5 11.6878971967 0 10.2441757837 0
2457943.5 11.2083225116 0 9.77356753142 0
2457944.5 10.7199988296 0 9.29410134212 0
2457945.5 10.3461720375 0 8.92592407542 0
2457946.5 10.4476333096 0 9.02532112545 0
2457947.5 10.1248296314 0 8.70835621391 0
2457948.5 10.3314425114 0 8.91094642406 0
2457949.5 10.6360947901 0 9.20990787934 0
2457950.5 10.7617080728 0 9.33317928259 0
2457951.5 7.4527351261 0 6.08404829369 0
2457952.5 8.05355222713 0 6.67374691934 0
2457953.5 7.27033512754 0 5.90499031528 0
2457954.5 6.64394922016 0 5.29004468267 0
2457955.5 7.14265751198 0 5.77942177459 0
2457956.5 9.0865173345 0 7.69045896886 0
2457957.5 8.65369479283 0 7.26569828744 0
2457958.5 8.63964532966 0 7.25178619319 0
2457959.5 7.87160718953 0 6.49809956525 0
2457960.5 8.0275394867 0 6.65116867865 0
2457961.5 8.68496415055 0 7.29629057844 0
2457962.5 11.5352272455 0 10.0935252895 0
2457963.5 11.3691065121 0 9.93049699431 0
2457964.5 11.5676850288 0 10.1253290146 0
2457965.5 12.3360171054 0 10.8795543689 0
2457966.5 15.3231893994 0 13.81277375 0
2457967.5 15.9297416854 0 14.4079869698 0
2457968.5 15.9070342053 0 14.3857514409 0
2457969.5 15.8578768132 0 14.3375796304 0
2457970.5 11.6347339675 0 10.191658838 0
2457971.5 11.0545160707 0 9.62222455824 0
2457972.5 10.8564902145 0 9.42784596069 0
2457973.5 10.3938173389 0 8.97380601666 0
2457974.5 9.73908528001 0 8.3311719694 0
2457975.5 9.12197219458 0 7.72535512131 0
2457976.5 8.53320775348 0 7.14471335057 0
2457977.5 9.25273255511 0 7.85076651294 0
2457978.5 10.1783490143 0 8.75925099352 0
2457979.5 11.095197508 0 9.6592396443 0
2457980.5 11.6373605371 0 10.1913215807 0
2457981.5 12.2824970321 0 10.8244099591 0
2457982.5 14.8165336319 0 13.3134188596 0
2457983.5 14.1394163453 0 12.6489172391 0
2457984.5 13.3883595635 0 11.9119360058 0
2457985.5 12.805520823 0 11.3400794988 0
2457986.5 12.362044584 0 10.9050065572 0
2457987.5 11.8331593083 0 10.3858174066 0
2457988.5 8.32953135861 0 6.94542220774 0
2457989.5 9.02369284656 0 7.62676887445 0
2457990.5 9.13798074838 0 7.73882326974 0
2457991.5 8.91353742472 0 7.51849482623 0
2457992.5 8.01032601462 0 6.63189017839 0
2457993.5 7.51470433874 0 6.1453972139 0
2457994.5 6.84104118985 0 5.48205675469 0
2457995.5 7.2645535278 0 5.89790631976 0
2457996.5 6.96530087237 0 5.60401863218 0
2457997.5 7.07202340094 0 5.70895817798 0
2457998.5 6.19819884203 0 4.85129877777 0
2457999.5 7.85180186266 0 6.47235552566 0
2458000.5 8.23792133857 0 6.85145553921 0
2458001.5 7.45105350228 0 6.07916092388 0
2458002.5 7.03301797774 0 5.66881556192 0
2458003.5 11.0008833612 0 9.56218921879 0
2458004.5 11.6952694753 0 10.2437137715 0
2458005.5 11.0478913336 0 9.60835761392 0
2458006.5 11.4698995949 0 10.0224712748 0
2458007.5 11.0072825818 0 9.56823659102 0
2458008.5 10.2389637059 0 8.81435222884 0
2458009.5 6.57065498367 0 5.21214492104 0
2458010.5 7.07435598204 0 5.70670058926 0
2458011.5 7.74404201236 0 6.3639527745 0
2458012.5 8.40183898895 0 7.00967288561 0
2458013.5 7.61236360992 0 6.23468523042 0
2458014.5 8.34160884483 0 6.95034215081 0
2458015.5 7.43954241527 0 6.06475044265 0
2458016.5 7.34654883076 0 5.97336183349 0
2458017.5 7.3287700322 0 5.95585762265 0
2458018.5 8.22431638492 0 6.83485725785 0
2458019.5 8.57829324284 0 7.1822128866 0
2458020.5 9.02243672265 0 7.61642607469 0
2458021.5 9.43066427666 0 8.0170592929 0
2458022.5 8.96675813548 0 7.56185623936 0
2458023.5 9.08828629031 0 7.68129871481 0
2458024.5 9.82588339848 0 8.40502030053 0
2458025.5 11.4294377885 0 9.97795471034 0
2458026.5 12.3014616499 0 10.8338955371 0
2458027.5 11.429221113 0 9.97767493721 0
2458028.5 12.2776435117 0 10.8102161084 0
2458029.5 11.7097636707 0 10.252734202 0
2458030.5 11.7140588005 0 10.2567600832 0
2458031.5 17.1173151223 0 15.5575908945 0
2458032.5 16.3204008449 0 14.7755055991 0
2458033.5 16.1872651553 0 14.6450163077 0
2458034.5 15.7009708388 0 14.1675366837 0
2458035.5 13.0630964608 0 11.5758227856 0
2458036.5 12.4417114049 0 10.9659950112 0
2458037.5 12.4669723425 0 10.9906933759 0
2458038.5 13.3385283187 0 11.8461499627 0
2458039.5 13.8266568761 0 12.3252361869 0
2458040.5 14.5875201785 0 13.0720611227 0
2458041.5 6.11288797817 0 4.75194688135 0
2458042.5 6.69577561705 0 5.32418281842 0
2458043.5 7.62191600923 0 6.23311118733 0
2458044.5 7.48461604963 0 6.09849137668 0
2458045.5 8.31283360523 0 6.91151033536 0
2458046.5 7.50457187578 0 6.11810655693 0
2458047.5 7.99977657074 0 6.60552390218 0
2458048.5 8.4550558449 0 7.0524389982 0
2458049.5 7.97133060144 0 6.57757717414 0
2458050.5 7.93369833628 0 6.5405701641 0
2458051.5 7.14334288023 0 5.76489893872 0
2458052.5 10.8182209317 0 9.36974451706 0
2458053.5 10.4099442905 0 8.96920654234 0
2458054.5 10.6727144021 0 9.22707479352 0
2458055.5 10.0550150693 0 8.62073564593 0
2458056.5 10.5835110024 0 9.13930429753 0
2458057.5 11.0577395355 0 9.60464205416 0
2458058.5 15.5300836854 0 13.9961367963 0
2458059.5 15.1999101585 0 13.6722681644 0
2458060.5 15.047304887 0 13.5223913786 0
2458061.5 14.610037071 0 13.0932715254 0
2458062.5 8.14286503271 0 6.74618201181 0
2458063.5 7.49658855326 0 6.11207366456 0
2458064.5 6.90797689966 0 5.53440468421 0
2458065.5 6.89324649485 0 5.51976633755 0
2458066.5 7.52550399064 0 6.14023044456 0
2458067.5 16.2062501759 0 14.6618295793 0
2458068.5 16.3176761307 0 14.7711218812 0
2458069.5 15.899902832 0 14.3611632711 0
2458070.5 16.3281438819 0 14.7815102079 0
2458071.5 16.8760949156 0 15.3191774413 0
2458072.5 7.7516281054 0 6.36272481131 0
2458073.5 7.02328221551 0 5.64783317194 0
2458074.5 6.66327717185 0 5.29441917581 0
2458075.5 6.52588803696 0 5.15956533859 0
2458076.5 7.10250854634 0 5.72557488836 0
2458077.5 16.1304774268 0 14.5859196538 0
2458078.5 16.2006186417 0 14.6548617081 0
2458079.5 17.0479548207 0 15.4866597989 0
2458080.5 16.8191675326 0 15.2621931344 0
2458081.5 15.1792660852 0 13.6557953462 0
2458082.5 15.9413702153 0 14.403939998 0
2458083.5 15.115320979 0 13.593375225 0
2458084.5 14.4034710679 0 12.8947585451 0
2458085.5 15.1208071348 0 13.598781078 0
2458086.5 15.3363959466 0 13.810514508 0
2458087.5 11.9995871233 0 10.5360832248 0
2458088.5 12.2743160606 0 10.8058797518 0
2458089.5 11.9477465265 0 10.4854298677 0
2458090.5 11.2154666324 0 9.76688717603 0
2458091.5 16.0657626608 0 14.5295004194 0
2458092.5 15.9668723638 0 14.4323448811 0
2458093.5 15.8957655495 0 14.3624661496 0
2458094.5 15.0966533963 0 13.5783172787 0
2458095.5 14.2291461157 0 12.7268556237 0
2458096.5 13.7143038507 0 12.2214857844 0
2458097.5 10.7856980387 0 9.34783204212 0
2458098.5 11.3910149485 0 9.94180298835 0
2458099.5 11.9681317576 0 10.5082835768 0
2458100.5 12.2562094693 0 10.7911311502 0
2458101.5 16.8977343218 0 15.3464739074 0
2458102.5 17.4885485422 0 15.9263602985 0
2458103.5 17.9581165022 0 16.3872390017 0
2458104.5 18.803814279 0 17.2172056435 0
2458105.5 18.3913712699 0 16.8125576932 0
2458106.5 16.0758742036 0 14.5405303995 0
2458107.5 16.4431668302 0 14.9010086895 0
2458108.5 16.2785706858 0 14.7394020877 0
2458109.5 17.1126618273 0 15.558105613 0
2458110.5 18.0071373445 0 16.436147739 0
2458111.5 17.0932186719 0 15.539213125 0
2458112.5 11.8227790883 0 10.3641711199 0
2458113.5 12.1554678658 0 10.6907409574 0
2458114.5 12.5220398442 0 11.0504635811 0
2458115.5 12.7357597099 0 11.2601347079 0
2458116.5 12.3618294635 0 10.8931268976 0
2458117.5 6.73553960443 0 5.36963369943 0
2458118.5 6.76234738856 0 5.39599401339 0
2458119.5 6.61435184243 0 5.25092690132 0
2458120.5 5.72306884815 0 4.37626605681 0
2458121.5 5.20029775162 0 3.86334433609 0
2458122.5 4.62316798442 0 3.29706860217 0
2458123.5 9.3126856684 0 7.9023015136 0
2458124.5 9.96241836553 0 8.53982018136 0
2458125.5 10.6265130668 0 9.19173462122 0
2458126.5 10.8135346161 0 9.3754002372 0
2458127.5 13.623684955 0 12.1326313542 0
2458128.5 13.4316711453 0 11.9443276417 0
2458129.5 14.0629935409 0 12.5638899167 0
2458130.5 14.1028809504 0 12.6030950751 0
2458131.5 14.3667319361 0 12.8619836072 0
2458132.5 6.55839567139 0 5.19566926241 0
2458133.5 6.45104112764 0 5.09012241312 0
2458134.5 6.12055003705 0 4.76564578924 0
2458135.5 6.27225195848 0 4.91434655791 0
2458136.5 6.93273050707 0 5.56238014978 0
2458137.5 9.83141427335 0 8.40760088267 0
2458138.5 9.56833726521 0 8.14940818543 0
2458139.5 9.167424722 0 7.75604882288 0
2458140.5 9.94069010363 0 8.51479272874 0
2458141.5 15.9609156694 0 14.4210316917 0
2458142.5 15.1285198117 0 13.6041692526 0
2458143.5 14.5185653386 0 13.0053860203 0
2458144.5 14.690683602 0 13.1745015471 0
2458145.5 15.4086558371 0 13.8791572751 0
2458146.5 16.1307536415 0 14.5878974653 0
2458147.5 8.80316974522 0 7.39347853679 0
2458148.5 8.03786057949 0 6.64230014511 0
2458149.5 8.86439902688 0 7.45343804569 0
2458150.5 9.00462417504 0 7.59113200171 0
2458151.5 8.71991115543 0 7.31175958489 0
2458152.5 9.43046570888 0 8.00931733244 0
2458153.5 6.45454145231 0 5.09144968395 0
2458154.5 5.6954133052 0 4.3463973214 0
2458155.5 6.46133668676 0 5.09805688955 0
2458156.5 7.07895813609 0 5.70439699962 0
2458157.5 8.53636481491 0 7.13425345534 0
2458158.5 9.0220621537 0 7.61093249362 0
2458159.5 9.32635190546 0 7.9095104143 0
2458160.5 9.32889090487 0 7.91190856051 0
2458161.5 8.71833135933 0 7.31253857685 0
2458162.5 16.9079164806 0 15.3536079836 0
2458163.5 17.0893194097 0 15.5316132838 0
2458164.5 16.7923731036 0 15.2402923895 0
2458165.5 15.8958644101 0 14.3601913532 0
2458166.5 15.1984950327 0 13.6756155674 0
2458167.5 9.78469150946 0 8.36045002029 0
2458168.5 10.6898375482 0 9.2487754204 0
2458169.5 10.8809575597 0 9.43638691006 0
2458170.5 10.0331668178 0 8.60414583826 0
2458171.5 10.0894830835 0 8.65943050391 0
2458172.5 10.7158805803 0 9.27419879133 0
2458173.5 15.0518349074 0 13.5278328233 0
2458174.5 14.465643959 0 12.9523489621 0
2458175.5 13.5602037878 0 12.0637863554 0
2458176.5 13.0377732729 0 11.5510691022 0
2458177.5 12.403597615 0 10.9287505282 0
2458178.5 12.4477704778 0 10.9719884855 0
2458179.5 6.38006255761 0 5.01755021122 0
2458180.5 5.72513355809 0 4.37463520015 0
2458181.5 6.46881839084 0 5.10450262189 0
2458182.5 6.59132073859 0 5.22460938577 0
2458183.5 8.80531076902 0 7.39827366284 0
2458184.5 7.99743399271 0 6.6053490927 0
2458185.5 7.93340989749 0 6.54231654735 0
2458186.5 7.82766644668 0 6.43845693928 0
2458187.5 7.20059624572 0 5.82283581957 0
2458188.5 7.50128986047 0 6.1184483802 0
2458189.5 6.72546802956 0 5.35682816273 0
2458190.5 6.31822878955 0 4.95711811534 0
2458191.5 5.72369941512 0 4.37372311127 0
2458192.5 16.6860774417 0 15.1325622055 0
2458193.5 17.5805011464 0 16.0104220431 0
2458194.5 17.3015086741 0 15.736422506 0
2458195.5 17.8371540078 0 16.2623414158 0
2458196.5 18.3594939975 0 16.7749964361 0
2458197.5 17.5473118049 0 15.9779668562 0
2458198.5 12.0919094085 0 10.6222023421 0
2458199.5 11.6584914812 0 10.1966725282 0
2458200.5 12.4657797156 0 10.9888057547 0
2458201.5 13.354151908 0 11.8608408088 0
2458202.5 12.5238221968 0 11.0460044077 0
2458203.5 11.6809473326 0 10.2187776748 0
2458204.5 8.65006059371 0 7.24488097771 0
2458205.5 8.79961312377 0 7.39148524552 0
2458206.5 9.37407016382 0 7.95526556104 0
2458207.5 8.60412782757 0 7.19974449404 0
2458208.5 9.51755604626 0 8.09634735197 0
2458209.5 9.90431316332 0 8.47581445456 0
2458210.5 12.2603260302 0 10.7889495224 0
2458211.5 13.0144322181 0 11.5289631856 0
2458212.5 13.8940506782 0 12.3922459422 0
2458213.5 14.1864653729 0 12.6790572312 0
2458214.5 14.6692450902 0 13.1530836728 0
2458215.5 13.9551322978 0 12.4523329198 0
2458216.5 7.47909156463 0 6.0958961763 0
2458217.5 7.73785315978 0 6.34977358124 0
2458218.5 7.56857944116 0 6.1836455708 0
2458219.5 8.26949223734 0 6.87138081748 0
2458220.5 8.57947426876 0 7.17561741429 0
2458221.5 7.33888217068 0 5.95640059193 0
2458222.5 7.42103857424 0 6.03714740296 0
2458223.5 7.0727615462 0 5.69514531844 0
2458224.5 7.18650098961 0 5.80675819291 0
2458225.5 6.62906306752 0 5.25974177254 0
2458226.5 13.8354732789 0 12.3322940189 0
2458227.5 14.4386705806 0 12.9245093018 0
2458228.5 14.978095156 0 13.4541004009 0
2458229.5 15.5949110696 0 14.0593603452 0
2458230.5 15.3263681429 0 13.7956555223 0
2458231.5 9.25264418311 0 7.83683339583 0
2458232.5 8.51837305179 0 7.11623036395 0
2458233.5 9.42055086586 0 8.00167223708 0
2458234.5 9.35262359796 0 7.93501184703 0
2458235.5 7.17561821961 0 5.79658480227 0
2458236.5 6.73081981664 0 5.35996474377 0
2458237.5 7.16434201834 0 5.78530565863 0
2458238.5 6.74342601786 0 5.37213064384 0
2458239.5 11.2529848598 0 9.7989082196 0
2458240.5 11.7759651962 0 10.3121970203 0
2458241.5 12.7073720511 0 11.2264180369 0
2458242.5 12.8450465534 0 11.3615648201 0
2458243.5 12.2465638365 0 10.7721857116 0
2458244.5 12.3322958796 0 10.8562505667 0
2458245.5 12.1751455963 0 10.7021326966 0
2458246.5 12.2238060319 0 10.7499311858 0
2458247.5 16.4912747126 0 14.937115411 0
2458248.5 15.5689758572 0 14.0318320644 0
2458249.5 16.2466468586 0 14.6968901538 0
2458250.5 16.0183788768 0 14.472939417 0
2458251.5 9.25360902735 0 7.83515103239 0
2458252.5 9.64694484531 0 8.22128461472 0
2458253.5 9.91143165863 0 8.480807116 0
2458254.5 9.60911255577 0 8.18393757047 0
2458255.5 9.54360104173 0 8.11944909086 0
2458256.5 9.06426264867 0 7.64898486372 0
2458257.5 13.402429883 0 11.9084345576 0
2458258.5 12.5353573701 0 11.0574487899 0
2458259.5 12.3195122457 0 10.8454876829 0
2458260.5 11.4613245904 0 10.00330022 0
2458261.5 10.5611462645 0 9.11984244391 0
2458262.5 10.3940910772 0 8.95571765549 0
2458263.5 10.8956800758 0 9.44567370358 0
2458264.5 11.2568750126 0 9.80024244394 0
2458265.5 10.8452970419 0 9.39620477212 0
2458266.5 11.6718129722 0 10.2073087068 0
2458267.5 11.2094894862 0 9.75360266262 0
2458268.5 10.6478424393 0 9.20255202675 0
2458269.5 10.4486003727 0 9.00640016304 0
2458270.5 9.77535021446 0 8.34572425676 0
2458271.5 9.18276054829 0 7.76414018668 0
2458272.5 9.46204132198 0 8.03812396729 0
2458273.5 9.0255459074 0 7.60965447158 0
2458274.5 9.18062619615 0 7.76190012684 0
2458275.5 8.53586520156 0 7.13034640122 0
2458276.5 9.03272218319 0 7.61804322187 0
2458277.5 9.03749870026 0 7.62270637718 0
2458278.5 8.74334715271 0 7.33383016697 0
2458279.5 8.58073119739 0 7.17405057724 0
2458280.5 8.11792266749 0 6.71962804126 0
2458281.5 11.9348580949 0 10.4649948249 0
2458282.5 12.7958878246 0 11.3099312921 0
2458283.5 11.9649565675 0 10.4943251871 0
2458284.5 12.305968036 0 10.8289599549 0
2458285.5 11.3986485945 0 9.93856008677 0
2458286.5 10.6745126616 0 9.22948940669 0
2458287.5 11.4692141051 0 10.0094761724 0
2458288.5 11.9156737797 0 10.447595268 0
2458289.5 12.3861009391 0 10.9093117229 0
2458290.5 11.7939993382 0 10.3279946433 0
2458291.5 16.5636116389 0 15.0081315955 0
2458292.5 17.2370193323 0 15.668880294 0
2458293.5 16.9970337965 0 15.4333445157 0
2458294.5 16.6609225445 0 15.10342822 0
2458295.5 15.5456648645 0 14.011853117 0
2458296.5 16.4549941978 0 14.9041710099 0
2458297.5 16.0966626673 0 14.5525856743 0
2458298.5 15.8653644594 0 14.325594979 0
2458299.5 8.52418775673 0 7.1188449314 0
2458300.5 8.28506667396 0 6.88417586088 0
2458301.5 7.86731135197 0 6.47407060286 0
2458302.5 8.73412070754 0 7.32483603338 0
2458303.5 14.2421400446 0 12.7283820529 0
2458304.5 13.3918607031 0 11.893696742 0
2458305.5 12.8611924195 0 11.3728255817 0
2458306.5 12.6750168872 0 11.1900521122 0
2458307.5 11.486818131 0 10.0220965754 0
2458308.5 11.8086398511 0 10.3380390326 0
2458309.5 11.886741584 0 10.4148173365 0
2458310.5 11.1586092591 0 9.70033422385 0
2458311.5 16.1257416633 0 14.5759130901 0
2458312.5 16.2667805367 0 14.714216632 0
2458313.5 17.1602158032 0 15.591044461 0
2458314.5 16.6165439823 0 15.0574175365 0
2458315.5 10.4380086215 0 8.99151013813 0
2458316.5 10.7672464222 0 9.31476882709 0
2458317.5 10.4029351806 0 8.95733307017 0
2458318.5 9.56484466296 0 8.13492838896 0
2458319.5 7.93947724077 0 6.53777569393 0
2458320.5 8.79120506132 0 7.37364268894 0
2458321.5 8.97721554531 0 7.5560908399 0
2458322.5 9.74910465868 0 8.31385645659 0
2458323.5 6.58061438643 0 5.2017011106 0
2458324.5 6.85238857012 0 5.46834718662 0
2458325.5 7.49582794168 0 6.09978577569 0
2458326.5 7.31217595186 0 5.91943750264 0
2458327.5 5.54404313498 0 4.18573426901 0
2458328.5 5.76499096595 0 4.40250688699 0
2458329.5 4.83505505589 0 3.48974172566 0
2458330.5 4.03252931415 0 2.70213551205 0
2458331.5 4.65169417697 0 3.30999996625 0
2458332.5 9.00830841438 0 7.58461374211 0
2458333.5 8.95702184328 0 7.53422036231 0
2458334.5 9.1933422942 0 7.76611071375 0
2458335.5 9.02313679383 0 7.5991533462 0
2458336.5 8.12649508597 0 6.71926933952 0
2458337.5 8.83961516252 0 7.41900718628 0
2458338.5 6.0055040664 0 4.63604025949 0
2458339.5 5.60715757677 0 4.24525516523 0
2458340.5 5.64656645351 0 4.28383805425 0
2458341.5 5.76440862443 0 4.39968630079 0
2458342.5 6.56569670491 0 5.18599442718 0
2458343.5 6.24070641942 0 4.86686392099 0
2458344.5 9.67173865686 0 8.2325206159 0
2458345.5 9.318017519 0 7.88533345215 0
2458346.5 9.49097653349 0 8.05524816252 0
2458347.5 9.31804243078 0 7.88534599353 0
2458348.5 9.38918533017 0 7.9552653959 0
2458349.5 9.29785551266 0 7.86550496238 0
2458350.5 14.9963840121 0 13.4616878255 0
2458351.5 15.8419216698 0 14.2917220471 0
2458352.5 15.7129597541 0 14.1649886328 0
2458353.5 16.397520002 0 14.8367137468 0
2458354.5 17.119474895 0 15.5452620305 0
2458355.5 8.00272921293 0 6.5948107532 0
2458356.5 7.26613412047 0 5.87206261557 0
2458357.5 7.89818555759 0 6.49233560287 0
2458358.5 7.22462127121 0 5.83144980995 0
2458359.5 8.33289502661 0 6.92094315279 0
2458360.5 7.82247433769 0 6.4198660415 0
2458361.5 7.83182240346 0 6.42913243026 0
2458362.5 8.31745718343 0 6.90563874334 0
2458363.5 13.2517353883 0 11.7486172607 0
2458364.5 12.8226055627 0 11.3275507527 0
2458365.5 12.779947006 0 11.2858415631 0
2458366.5 12.02735628 0 10.5470068679 0
2458367.5 13.9524704362 0 12.4358916585 0
2458368.5 13.4013799036 0 11.8949565626 0
2458369.5 14.039989258 0 12.5215477816 0
2458370.5 13.2015785458 0 11.698735418 0
2458371.5 12.9198221489 0 11.4226466799 0
2458372.5 12.7039073467 0 11.2108600505 0
2458373.5 12.235593717 0 10.7511167394 0
2458374.5 12.3923206647 0 10.9048823752 0
2458375.5 13.0592182823 0 11.560260994 0
2458376.5 12.6749807869 0 11.1831153587 0
2458377.5 13.0693949254 0 11.5700803522 0
2458378.5 13.5308272384 0 12.022768609 0
2458379.5 12.9066775414 0 11.4103023251 0
2458380.5 12.8634112633 0 11.3679270562 0
2458381.5 9.21926669467 0 7.79099814193 0
2458382.5 9.50958303545 0 8.07584269723 0
2458383.5 10.290897081 0 8.84287231234 0
2458384.5 11.0777894909 0 9.61504386391 0
2458385.5 10.4309670698 0 8.98028133258 0
2458386.5 9.14935930859 0 7.72029836743 0
2458387.5 9.69908924842 0 8.25969968074 0
2458388.5 9.30039706421 0 7.86826261801 0
2458389.5 9.97991407757 0 8.53530552424 0
2458390.5 10.4223247426 0 8.96941958055 0
2458391.5 11.3595344898 0 9.88930145186 0
2458392.5 12.4364168327 0 10.9468211351 0
2458393.5 12.0779272055 0 10.5949612126 0
2458394.5 11.8385297364 0 10.3598827666 0
2458395.5 11.5304593554 0 10.0576881771 0
2458396.5 11.5701698013 0 10.0966270492 0
2458397.5 10.409597334 0 8.95823858698 0
2458398.5 9.51721355985 0 8.08220592091 0
2458399.5 9.00471924365 0 7.57914187155 0
2458400.5 9.11822232371 0 7.6906688632 0
2458401.5 10.5446387848 0 9.08958814397 0
2458402.5 10.8936089631 0 9.43212541236 0
2458403.5 10.4725676414 0 9.01889913797 0
2458404.5 10.0486407554 0 8.6028123546 0
2458405.5 10.2923488896 0 8.84185998859 0
2458406.5 10.8328192715 0 9.372196544 0
2458407.5 12.8692342447 0 11.3717081385 0
2458408.5 12.7104310335 0 11.2158841148 0
2458409.5 12.919276473 0 11.4210048522 0
2458410.5 12.7021428364 0 11.2078560727 0
2458411.5 13.5168903645 0 12.0075281887 0
2458412.5 11.3531467198 0 9.88494895077 0
2458413.5 11.6126008322 0 10.1395133521 0
2458414.5 11.1152863678 0 9.6516059498 0
2458415.5 11.9125223653 0 10.4339606199 0
2458416.5 11.7258053699 0 10.2507699998 0
2458417.5 10.8835268335 0 9.42398691434 0
2458418.5 10.3420631042 0 8.89462597212 0
2458419.5 10.7240157878 0 9.26963018142 0
2458420.5 11.582308928 0 10.1120159157 0
2458421.5 11.7390397616 0 10.2656812924 0
2458422.5 11.090600681 0 9.62940212192 0
2458423.5 10.7633771186 0 9.30831711164 0
2458424.5 11.235976817 0 9.76937245989 0
2458425.5 10.5503205755 0 9.09645628041 0
2458426.5 11.2835391697 0 9.81622833599 0
2458427.5 11.8611457894 0 10.3832132562 0
2458428.5 11.1731666634 0 9.71106274651 0
2458429.5 11.1851054758 0 9.72260282001 0
2458430.5 11.3630505321 0 9.89718572646 0
2458431.5 11.9676149907 0 10.4904589481 0
2458432.5 12.7188209722 0 11.2276207786 0
2458433.5 6.67299644699 0 5.29455118317 0
2458434.5 5.89938838212 0 4.53537148706 0
2458435.5 5.028997067 0 3.68129098021 0
2458436.5 4.64414524028 0 3.30363372082 0
2458437.5 5.39505939102 0 4.04054728083 0
2458438.5 13.9663616389 0 12.4550744074 0
2458439.5 14.2146712214 0 12.6988681682 0
2458440.5 13.7592998198 0 12.2517827378 0
2458441.5 14.088268474 0 12.5747800267 0
2458442.5 14.3007790387 0 12.7835218048 0
2458443.5 6.36240071135 0 4.9949489794 0
2458444.5 5.86375679668 0 4.50560804995 0
2458445.5 5.2914974813 0 3.9439891736 0
2458446.5 4.45609472454 0 3.12391956376 0
2458447.5 3.97700858932 0 2.65365628286 0
2458448.5 3.39045790596 0 2.07800228314 0
2458449.5 9.30701621594 0 7.88543719382 0
2458450.5 9.72011816217 0 8.29069811729 0
2458451.5 9.26689312986 0 7.84605047679 0
2458452.5 9.21989741 0 7.7998011778 0
2458453.5 16.7399516107 0 15.1797698821 0
2458454.5 16.940512785 0 15.3767033487 0
2458455.5 16.4011693362 0 14.8472484918 0
2458456.5 15.4795156265 0 13.9426296068 0
2458457.5 14.6137620424 0 13.0929616095 0
2458458.5 15.402911734 0 13.8674682571 0
2458459.5 10.1180199818 0 8.6806143916 0
2458460.5 11.0221163468 0 9.56782596617 0
2458461.5 10.2018075373 0 8.76262864191 0
2458462.5 9.71983628851 0 8.28973751343 0
2458463.5 9.98868069467 0 8.55366355729 0
2458464.5 12.7181154135 0 11.2309778824 0
2458465.5 12.0237554524 0 10.549570133 0
2458466.5 12.7123715931 0 11.22533711 0
2458467.5 13.4490786156 0 11.9484453161 0
2458468.5 13.9716053199 0 12.4614654269 0
2458469.5 13.0341283463 0 11.5427880897 0
2458470.5 12.7730838188 0 11.2866740364 0
2458471.5 12.6621881326 0 11.1779189925 0
2458472.5 12.244176481 0 10.767474031 0
2458473.5 12.7656245759 0 11.2792741405 0
2458474.5 6.2320630916 0 4.86722991002 0
2458475.5 6.72388648238 0 5.34996801762 0
2458476.5 6.05305740162 0 4.69147842339 0
2458477.5 5.41725052567 0 4.0673386717 0
2458478.5 6.15970123085 0 4.79600081841 0
2458479.5 6.8421838751 0 5.46594212889 0
2458480.5 14.3434505224 0 12.8287170252 0
2458481.5 14.760913022 0 13.2384373419 0
2458482.5 14.5010720842 0 12.9833659014 0
2458483.5 13.5963309117 0 12.0953235141 0
2458484.5 9.55446257592 0 8.12566732515 0
2458485.5 8.83202676466 0 7.41651400149 0
2458486.5 9.59954773216 0 8.16987105515 0
2458487.5 10.1115476437 0 8.67226496823 0
2458488.5 9.98560453472 0 8.55068987881 0
2458489.5 9.49950289702 0 8.07366045371 0
2458490.5 9.40691627796 0 7.98272637316 0
2458491.5 10.0979153654 0 8.66104797077 0
2458492.5 9.73539884105 0 8.30613796258 0
2458493.5 9.16065538717 0 7.74217976335 0
2458494.5 8.92551517118 0 7.51124601101 0
2458495.5 8.30460191996 0 6.90167120471 0
2458496.5 8.16575464811 0 6.765445495 0
2458497.5 15.0367596968 0 13.5063791061 0
2458498.5 15.5774806923 0 14.0370307907 0
2458499.5 15.4208442511 0 13.8834924481 0
2458500.5 15.9263839989 0 14.3796645115 0
2458501.5 16.5452691933 0 14.987046573 0
2458502.5 14.7690862836 0 13.2409722741 0
2458503.5 14.6988818912 0 13.1720046815 0
2458504.5 15.0553324102 0 13.5220197682 0
2458505.5 14.3137665655 0 12.7941509385 0
2458506.5 9.28397054881 0 7.8580097169 0
2458507.5 8.919414062 0 7.50017318874 0
2458508.5 8.14781246849 0 6.74278473275 0
2458509.5 7.39354350077 0 6.00270188873 0
2458510.5 15.5196620753 0 13.9782682879 0
2458511.5 16.0984370289 0 14.5463579086 0
2458512.5 16.1073384458 0 14.5552933918 0
2458513.5 16.1874709553 0 14.6337450292 0
2458514.5 10.1510213018 0 8.70876072378 0
2458515.5 9.75551145493 0 8.320657584 0
2458516.5 10.1389867953 0 8.69685788903 0
2458517.5 9.63539207706 0 8.20260230901 0
2458518.5 11.1615327 0 9.70277561805 0
2458519.5 11.734152455 0 10.2647826371 0
2458520.5 11.4540826805 0 9.9899116669 0
2458521.5 12.0510932354 0 10.576040898 0
2458522.5 12.7507944843 0 11.2625796657 0
2458523.5 13.296907764 0 11.7987498429 0
2458524.5 14.2879365809 0 12.7693295639 0
2458525.5 13.6456934692 0 12.1388493782 0
2458526.5 13.2427366763 0 11.7434838927 0
2458527.5 13.7879920331 0 12.2786852689 0
2458528.5 13.4792372844 0 11.9755498306 0
2458529.5 9.70970984444 0 8.27414492094 0
2458530.5 8.95383327612 0 7.53222098857 0
2458531.5 8.90173696509 0 7.48105725424 0
2458532.5 9.59597514578 0 8.16226964963 0
2458533.5 12.9813954992 0 11.4852751117 0
2458534.5 13.4936639601 0 11.9881370302 0
2458535.5 13.684075226 0 12.1751246671 0
2458536.5 14.109369678 0 12.5926427077 0
2458537.5 13.5072537533 0 12.0017614617 0
2458538.5 15.0569439633 0 13.5254227307 0
2458539.5 14.5633795886 0 13.0409802469 0
2458540.5 15.3914036592 0 13.853499038 0
2458541.5 15.7860298706 0 14.2407498375 0
2458542.5 15.4222963881 0 13.8837401855 0
2458543.5 11.0644607079 0 9.6061835599 0
2458544.5 11.6160801871 0 10.1474452382 0
2458545.5 12.4326969527 0 10.9489799932 0
2458546.5 12.0326183386 0 10.556140614 0
2458547.5 12.5609497504 0 11.074594546 0
2458548.5 16.2040744897 0 14.6474877417 0
2458549.5 15.6430006689 0 14.0966244666 0
2458550.5 16.5632207621 0 14.9996135467 0
2458551.5 16.4590682674 0 14.8974761314 0
2458552.5 16.7442836391 0 15.1775727211 0
2458553.5 15.2939465303 0 13.7559866963 0
2458554.5 16.0375397556 0 14.48600601 0
2458555.5 16.8086852261 0 15.2428322939 0
2458556.5 16.6608102602 0 15.0978944532 0
2458557.5 16.2567392314 0 14.7013249659 0
2458558.5 16.6260034706 0 15.0637652117 0
2458559.5 5.95297315376 0 4.59114397859 0
2458560.5 5.37289571105 0 4.02179090351 0
2458561.5 6.29585427782 0 4.92752526773 0
2458562.5 5.74978107911 0 4.39139220371 0
2458563.5 5.8263177476 0 4.4664938473 0
2458564.5 6.08893852266 0 4.72442077338 0
2458565.5 9.75758600214 0 8.32413414589 0
2458566.5 10.4607211611 0 9.01421539874 0
2458567.5 10.733759859 0 9.28206384906 0
2458568.5 10.0438168283 0 8.60498036084 0
2458569.5 9.95313124227 0 8.51608846741 0
2458570.5 6.60994635792 0 5.23699209212 0
2458571.5 6.24126007306 0 4.87516785836 0
2458572.5 6.50244032472 0 5.13168397634 0
2458573.5 7.34709946958 0 5.96062105788 0
2458574.5 7.07975335748 0 5.69807348057 0
2458575.5 13.4386826912 0 11.9368450698 0
2458576.5 13.9383201272 0 12.4272114842 0
2458577.5 14.2678380881 0 12.7504879898 0
2458578.5 14.4490046718 0 12.9284333835 0
2458579.5 14.7177212168 0 13.1922036701 0
2458580.5 14.1792462376 0 12.6635469705 0
2458581.5 9.50278089597 0 8.07479453283 0
2458582.5 9.51915156271 0 8.0909636241 0
2458583.5 9.51135030113 0 8.08347457925 0
2458584.5 8.64522573464 0 7.23335093038 0
2458585.5 11.039961364 0 9.58692035459 0
2458586.5 10.3635367563 0 8.92319101779 0
2458587.5 10.4733424102 0 9.03088797379 0
2458588.5 10.7801730313 0 9.33187819796 0
2458589.5 11.2690853657 0 9.81166099505 0
2458590.5 11.6627327249 0 10.1978205331 0
2458591.5 16.0067034146 0 14.4611883006 0
2458592.5 16.3511101984 0 14.7990525761 0
2458593.5 15.6574810234 0 14.1183076344 0
2458594.5 15.6595130813 0 14.1203440666 0
2458595.5 9.17621191277 0 7.75559945531 0
2458596.5 9.2976923143 0 7.87480813425 0
2458597.5 9.67577204774 0 8.24598851991 0
2458598.5 9.89281042078 0 8.45882985807 0
2458599.5 13.5187919749 0 12.0155847483 0
2458600.5 13.3213076811 0 11.8218880087 0
2458601.5 13.5059221657 0 12.0032294756 0
2458602.5 14.3826745031 0 12.8637841428 0
2458603.5 14.0693392224 0 12.5563007703 0
2458604.5 10.4673029382 0 9.01844884634 0
2458605.5 11.0745851981 0 9.61452988791 0
2458606.5 11.0791421495 0 9.6188273527 0
2458607.5 10.2235298253 0 8.77923463626 0
2458608.5 16.042669736 0 14.4935360678 0
2458609.5 16.2889201033 0 14.7351521051 0
2458610.5 15.9941382835 0 14.4457805744 0
2458611.5 15.2986978521 0 13.763022616 0
2458612.5 15.1366104713 0 13.6041014124 0
2458613.5 6.74788002964 0 5.36861506003 0
2458614.5 6.62628457032 0 5.24929224425 0
2458615.5 7.25956619924 0 5.87076238345 0
2458616.5 7.6768886005 0 6.28054186194 0
2458617.5 15.9015435379 0 14.350399749 0
2458618.5 16.5948277339 0 15.0307013096 0
2458619.5 16.8210255448 0 15.2528994737 0
2458620.5 17.1085900225 0 15.535250296 0
2458621.5 17.1416509537 0 15.5678960122 0
2458622.5 9.68514258404 0 8.25138133572 0
2458623.5 10.143940292 0 8.70164599915 0
2458624.5 10.5863535435 0 9.13605895158 0
2458625.5 11.4595957811 0 9.99295692218 0
2458626.5 10.7790839454 0 9.32515285606 0
2458627.5 10.9405899055 0 9.48350597715 0
2458628.5 12.9003639514 0 11.4068986946 0
2458629.5 13.2014807595 0 11.7023473367 0
2458630.5 12.8269867272 0 11.3348675945 0
2458631.5 13.607280944 0 12.1005896374 0
2458632.5 13.7098748963 0 12.2013059998 0
2458633.5 12.2070961304 0 10.7239106725 0
2458634.5 13.1164296103 0 11.6165256961 0
2458635.5 12.4409101216 0 10.9534715694 0
2458636.5 12.9067208082 0 11.4108090532 0
2458637.5 13.3804036383 0 11.8758895818 0
2458638.5 16.2719148787 0 14.7128839664 0
2458639.5 15.4125369066 0 13.8692758769 0
2458640.5 15.5514422511 0 14.0055265769 0
2458641.5 16.4514597611 0 14.8888887424 0
2458642.5 17.1664920747 0 15.5908029038 0
2458643.5 17.0673739479 0 15.4936256265 0
2458644.5 13.8896904086 0 12.3732300913 0
2458645.5 13.07637519 0 11.5748679239 0
2458646.5 12.9475626386 0 11.4484984965 0
2458647.5 13.8163949863 0 12.3013142602 0
2458648.5 13.8851438032 0 12.3689260201 0
2458649.5 13.1920740688 0 11.6886487865 0
2458650.5 14.9892083905 0 13.4515948211 0
2458651.5 14.3332145322 0 12.8076378793 0
2458652.5 14.5701071532 0 13.0401839093 0
2458653.5 14.9232396641 0 13.3868209606 0
2458654.5 15.5558896681 0 14.010744181 0
2458655.5 15.5611029383 0 14.0159492566 0
2458656.5 16.3572733258 0 14.7973981382 0
2458657.5 15.9853489077 0 14.4321691739 0
2458658.5 12.1842614644 0 10.7023082851 0
2458659.5 11.8657429152 0 10.3895934556 0
2458660.5 11.5169296113 0 10.0472326481 0
2458661.5 11.6466328365 0 10.1743427886 0
2458662.5 10.1362744979 0 8.69418876856 0
2458663.5 9.35328589655 0 7.92562628988 0
2458664.5 8.82017996424 0 7.40224234777 0
2458665.5 8.6989837683 0 7.28331399442 0
2458666.5 9.51894589513 0 8.08798415927 0
2458667.5 10.6034491296 0 9.15205187211 0
2458668.5 10.9477200294 0 9.48999051665 0
2458669.5 10.9481512951 0 9.49060904926 0
2458670.5 11.5199570023 0 10.0520125791 0
2458671.5 15.4247321258 0 13.8826921535 0
2458672.5 15.4372914606 0 13.8951305365 0
2458673.5 16.2034210543 0 14.6472703936 0
2458674.5 15.8425058351 0 14.2929792593 0
2458675.5 16.631720344 0 15.0677684398 0
2458676.5 11.9333372277 0 10.4558078239 0
2458677.5 12.2460172012 0 10.7627149788 0
2458678.5 12.9765617021 0 11.4798599255 0
2458679.5 13.7118689721 0 12.2017233309 0
2458680.5 13.0130300607 0 11.5158738139 0
2458681.5 15.794947725 0 14.2486976964 0
2458682.5 16.2592101335 0 14.7042852637 0
2458683.5 16.5552056722 0 14.9947512299 0
2458684.5 16.5991612838 0 15.0377457992 0
2458685.5 8.99997295577 0 7.58104208095 0
2458686.5 8.63372909318 0 7.22144126132 0
2458687.5 7.99585164944 0 6.59551944969 0
2458688.5 7.70778874365 0 6.31266316783 0
2458689.5 7.35176089916 0 5.96318765042 0
2458690.5 7.88000503658 0 6.48176753513 0
2458691.5 9.31833388313 0 7.89658959047 0
2458692.5 9.38522065195 0 7.96214273953 0
2458693.5 9.90909857055 0 8.47636563101 0
2458694.5 10.3691192266 0 8.92776423275 0
2458695.5 9.06027333062 0 7.64599311483 0
2458696.5 8.69106918994 0 7.28361728922 0
2458697.5 8.9693288136 0 7.55687977562 0
2458698.5 8.17325320397 0 6.775379046 0
2458699.5 15.6982977801 0 14.1581709171 0
2458700.5 15.27550759 0 13.7431721094 0
2458701.5 16.155795661 0 14.6071955603 0
2458702.5 16.0345791631 0 14.4881234781 0
2458703.5 15.6141796257 0 14.0753288028 0
2458704.5 16.2667191694 0 14.7157581583 0
2458705.5 6.17101342917 0 4.80552045782 0
2458706.5 6.72189303055 0 5.34630556089 0
2458707.5 6.8439600874 0 5.46618463019 0
2458708.5 6.21114457417 0 4.84515933271 0
2458709.5 5.81672530103 0 4.45805902656 0
2458710.5 4.98910842024 0 3.64583445267 0
2458711.5 11.0932307869 0 9.6363610006 0
2458712.5 10.9454173876 0 9.49110086777 0
2458713.5 10.0427211847 0 8.60520388996 0
2458714.5 10.0229893732 0 8.58580007703 0
2458715.5 13.6185670095 0 12.1132144567 0
2458716.5 13.9170196246 0 12.4063022795 0
2458717.5 14.1625389195 0 12.6472656682 0
2458718.5 14.9829313817 0 13.4525305707 0
2458719.5 12.7746971073 0 11.2831436992 0
2458720.5 12.9453435193 0 11.4505049506 0
2458721.5 13.6750562554 0 12.1665823185 0
2458722.5 13.0216438939 0 11.5253560786 0
2458723.5 13.2620950822 0 11.7615177314 0
2458724.5 10.8666522093 0 9.41075477097 0
2458725.5 11.2987713924 0 9.83485920459 0
2458726.5 11.4477176301 0 9.98093669471 0
2458727.5 11.5868530084 0 10.1176182002 0
2458728.5 7.00136150086 0 5.61528528226 0
2458729.5 6.51042162741 0 5.1333156795 0
2458730.5 6.15529775259 0 4.78470308514 0
2458731.5 5.73642785449 0 4.37370542615 0
2458732.5 4.93503943099 0 3.58713202498 0
2458733.5 15.4740604376 0 13.9295973866 0
2458734.5 15.601317096 0 14.0546418846 0
2458735.5 16.2574604828 0 14.6986062991 0
2458736.5 15.6439199473 0 14.0962876479 0
2458737.5 15.9324853048 0 14.3794008748 0
2458738.5 16.2818336926 0 14.7222589297 0
2458739.5 9.75929738299 0 8.3221498474 0
2458740.5 9.06634069592 0 7.64221581617 0
2458741.5 8.87925859827 0 7.45868687067 0
2458742.5 8.20310884721 0 6.79527450945 0
2458743.5 8.97687952631 0 7.5548077854 0
2458744.5 12.8157387627 0 11.3257604214 0
2458745.5 13.2114339132 0 11.7141946302 0
2458746.5 13.7290858348 0 12.2221067782 0
2458747.5 14.1051009783 0 12.5911317655 0
2458748.5 16.2383390429 0 14.6835124662 0
2458749.5 15.4224351239 0 13.8826587884 0
2458750.5 16.1330398767 0 14.5800202815 0
2458751.5 15.8008110203 0 14.254053537 0
2458752.5 15.7521331844 0 14.2063732128 0
2458753.5 16.4183647182 0 14.8614958722 0
2458754.5 15.517153166 0 13.9771376677 0
2458755.5 15.3908862391 0 13.8533109697 0
2458756.5 15.801840099 0 14.256564007 0
2458757.5 15.5273600029 0 13.9869889538 0
2458758.5 6.95870776969 0 5.5776878798 0
2458759.5 6.0350364971 0 4.67121558331 0
2458760.5 6.11539706944 0 4.75003140311 0
2458761.5 6.46544011347 0 5.09364600379 0
2458762.5 6.19890973767 0 4.83221587316 0
2458763.5 5.87240810386 0 4.51178858532 0
2458764.5 15.2700928832 0 13.7369330316 0
2458765.5 14.7471614965 0 13.2236283708 0
2458766.5 15.2679008272 0 13.7346889543 0
2458767.5 15.1086172002 0 13.5784538831 0
2458768.5 14.7386072547 0 13.2152121559 0
2458769.5 15.5088529835 0 13.9713825905 0
2458770.5 14.8926894364 0 13.3685376517 0
2458771.5 14.6249220199 0 13.1058721504 0
2458772.5 13.8074657972 0 12.3035661685 0
2458773.5 13.2157560984 0 11.7228436565 0
2458774.5 12.7179285452 0 11.2342651947 0
2458775.5 12.6273614444 0 11.1453392197 0
2458776.5 11.3724615563 0 9.91114750154 0
2458777.5 11.3093385984 0 9.84938893275 0
2458778.5 12.0052046048 0 10.5322033923 0
2458779.5 11.4329121162 0 9.97056021722 0
2458780.5 11.166231408 0 9.70883430896 0
2458781.5 11.4823236318 0 10.0192307094 0
2458782.5 7.94569014197 0 6.54577222666 0
2458783.5 7.90741346928 0 6.50807889869 0
2458784.5 7.70383175955 0 6.30830306791 0
2458785.5 7.96249809269 0 6.56211488072 0
2458786.5 10.5248272769 0 9.07623213671 0
2458787.5 11.4084529643 0 9.94328792432 0
2458788.5 11.8021198632 0 10.3296506482 0
2458789.5 11.1924538031 0 9.73139588834 0
2458790.5 12.0775673468 0 10.599928186 0
2458791.5 11.7624976529 0 10.2906196376 0
2458792.5 15.6687846045 0 14.1250888223 0
2458793.5 16.5917209249 0 15.0310604446 0
2458794.5 16.2021400019 0 14.6485617813 0
2458795.5 17.1047257918 0 15.5344732468 0
2458796.5 16.5534443531 0 14.9933917317 0
2458797.5 17.0925463116 0 15.5224847161 0
2458798.5 15.0581544004 0 13.5242611016 0
2458799.5 15.4787742401 0 13.9369505063 0
2458800.5 14.8955553701 0 13.3644447814 0
2458801.5 14.6017371149 0 13.0760220729 0
2458802.5 15.3755786204 0 13.835439105 0
2458803.5 14.6289962493 0 13.1018079908 0
2458804.5 14.1800668592 0 12.6612739054 0
2458805.5 14.6947766479 0 13.1663746452 0
2458806.5 14.9707990559 0 13.4372070491 0
2458807.5 15.3194735003 0 13.7795725853 0
2458808.5 16.0184584879 0 14.4655636524 0
2458809.5 15.1368779454 0 13.5989967616 0
2458810.5 14.8933082708 0 13.3599424179 0
2458811.5 14.8396640145 0 13.3071894595 0
2458812.5 15.5064831447 0 13.9616116024 0
2458813.5 16.0156246565 0 14.4614983525 0
2458814.5 9.51532764452 0 8.07960415808 0
2458815.5 9.11318306922 0 7.68505028538 0
2458816.5 9.40151916093 0 7.96794129552 0
2458817.5 8.93345634132 0 7.50847962034 0
2458818.5 8.55854833847 0 7.14057046967 0
2458819.5 10.3661502129 0 8.91452258174 0
2458820.5 10.8573613245 0 9.39650739588 0
2458821.5 11.2275679753 0 9.75999348434 0
2458822.5 10.5783106045 0 9.12281210098 0
2458823.5 9.67243862174 0 8.23380723857 0
2458824.5 10.185271499 0 8.73710367898 0
2458825.5 15.2771729774 0 13.7352348053 0
2458826.5 15.1921668644 0 13.6518899743 0
2458827.5 14.5038521612 0 12.9764002159 0
2458828.5 14.8308176425 0 13.2971412247 0
2458829.5 15.4945842141 0 13.9484750006 0
2458830.5 8.75648429876 0 7.33534143543 0
2458831.5 9.27391004701 0 7.84329318411 0
2458832.5 8.68669041847 0 7.26690995097 0
2458833.5 9.26637924983 0 7.83571000216 0
2458834.5 6.16020084716 0 4.78805810563 0
2458835.5 6.35045467756 0 4.97478780818 0
2458836.5 6.18542700259 0 4.81291777279 0
2458837.5 5.8630348696 0 4.49639793822 0
2458838.5 6.53637265901 0 5.15708010384 0
2458839.5 13.559693086 0 12.0512655838 0
2458840.5 12.7987418835 0 11.304543673 0
2458841.5 12.0556466632 0 10.5752365087 0
2458842.5 11.607965601 0 10.1360336312 0
2458843.5 11.5856128894 0 10.1145511696 0
2458844.5 11.4959800313 0 10.0264314127 0
2458845.5 12.2977928104 0 10.8135881347 0
2458846.5 13.0494379359 0 11.5514588003 0
2458847.5 12.621576901 0 11.13135953 0
2458848.5 7.458413063 0 6.06436491848 0
2458849.5 7.73452899437 0 6.33532284752 0
2458850.5 7.79795959062 0 6.39756483994 0
2458851.5 7.12318870297 0 5.73531785068 0
2458852.5 13.2718231599 0 11.7713264518 0
2458853.5 13.6332775838 0 12.1261639983 0
2458854.5 14.5001775752 0 12.9771297045 0
2458855.5 13.8524254472 0 12.3415455549 0
2458856.5 13.7507115168 0 12.241746432 0
2458857.5 16.2029159479 0 14.64605107 0
2458858.5 15.3862949133 0 13.8446184323 0
2458859.5 16.1864238879 0 14.629758736 0
2458860.5 17.12283424 0 15.5488725876 0
2458861.5 6.66725075034 0 5.28531546334 0
2458862.5 7.13436741886 0 5.74389113037 0
2458863.5 6.58289286909 0 5.2025928544 0
2458864.5 7.1221432932 0 5.7317368479 0
2458865.5 6.9559263143 0 5.56860130865 0
2458866.5 15.0797073672 0 13.5436263622 0
2458867.5 14.1521736969 0 12.6331113063 0
2458868.5 13.2790961837 0 11.7761469001 0
2458869.5 12.697118852 0 11.2049041888 0
2458870.5 12.5614759733 0 11.0716420118 0
2458871.5 12.4479122468 0 10.9601298658 0
2458872.5 5.63441041204 0 4.27493630013 0
2458873.5 6.2531835305 0 4.88215759534 0
2458874.5 5.83807455773 0 4.47463326331 0
2458875.5 4.95416223749 0 3.60718370963 0
2458876.5 4.54045715772 0 3.20112780752 0
2458877.5 6.84325482757 0 5.4590724037 0
2458878.5 5.9829358884 0 4.61458622304 0
2458879.5 6.57962553459 0 5.20028325844 0
2458880.5 6.36244678781 0 4.98716888592 0
2458881.5 7.36757487874 0 5.9732463458 0
2458882.5 6.48717817134 0 5.10901410359 0
2458883.5 7.26207400519 0 5.86970798215 0
2458884.5 8.13598439328 0 6.72731777192 0
2458885.5 6.44859702039 0 5.07214345794 0
2458886.5 6.06164178677 0 4.6923956824 0
2458887.5 5.24692432362 0 3.89266448061 0
2458888.5 4.61568229432 0 3.27321610752 0
2458889.5 3.83157178088 0 2.50376490451 0
2458890.5 5.6047830454 0 4.24137642506 0
2458891.5 5.56067759543 0 4.19801623752 0
2458892.5 6.44744085612 0 5.06835486668 0
2458893.5 6.97638807222 0 5.58753043626 0
2458894.5 6.14640106662 0 4.77274289551 0
2458895.5 6.99450077369 0 5.60512232552 0
2458896.5 15.8530210837 0 14.2970289694 0
2458897.5 15.0953726213 0 13.5534847692 0
2458898.5 14.8103035566 0 13.2735293134 0
2458899.5 15.1786483469 0 13.6350288471 0
2458900.5 12.5939189623 0 11.0963872404 0
2458901.5 13.0300969539 0 11.52454625 0
2458902.5 12.3323423977 0 10.8395417997 0
2458903.5 11.4063220172 0 9.93077403746 0
2458904.5 11.1381433452 0 9.66767062696 0
2458905.5 10.8188125602 0 9.3541677934 0
2458906.5 7.80014553509 0 6.393535643 0
2458907.5 6.97156915579 0 5.58026818845 0
2458908.5 6.33878879965 0 4.95910816767 0
2458909.5 6.50559652486 0 5.12272011406 0
2458910.5 6.97510383637 0 5.58333874654 0
2458911.5 7.2142324871 0 5.81794092055 0
2458912.5 13.4883442773 0 11.9731913539 0
2458913.5 14.1726315398 0 12.6446912861 0
2458914.5 13.6371158415 0 12.1189259499 0
2458915.5 13.236260565 0 11.7255611335 0
2458916.5 11.7031157749 0 10.2198729916 0
2458917.5 10.8682448433 0 9.4005567111 0
2458918.5 11.3385984191 0 9.86230374115 0
2458919.5 10.5543399811 0 9.09271473944 0
2458920.5 9.81474067452 0 8.36664039033 0
2458921.5 6.57349524784 0 5.18549275768 0
2458922.5 6.72000009466 0 5.3291066968 0
2458923.5 5.90346940069 0 4.52761484297 0
2458924.5 5.92331540559 0 4.54713532287 0
2458925.5 5.06216087002 0 3.70201812261 0
2458926.5 9.691758751 0 8.24543310545 0
2458927.5 10.1616775574 0 8.70651700073 0
2458928.5 9.8611012388 0 8.41151986814 0
2458929.5 9.91140263918 0 8.46083148651 0
2458930.5 7.3861371112 0 5.9810622305 0
2458931.5 6.6713593787 0 5.27951334235 0
2458932.5 6.39412909163 0 5.00758052002 0
2458933.5 7.02993200927 0 5.6316994996 0
2458934.5 6.15835458162 0 4.77637475061 0
2458935.5 5.98646315639 0 4.60757294007 0
2458936.5 7.04929669669 0 5.64880924535 0
2458937.5 6.98339195464 0 5.5840952406 0
2458938.5 6.44711227861 0 5.05773248892 0
2458939.5 5.68873380976 0 4.31346710575 0
2458940.5 6.29654250375 0 4.91011255798 0
2458941.5 7.15861472864 0 5.75635558269 0
2458942.5 15.0269357112 0 13.4815592327 0
2458943.5 15.4562693653 0 13.9027632395 0
2458944.5 15.3798024496 0 13.8276060683 0
2458945.5 14.8016524724 0 13.2600278142 0
2458946.5 15.4554835568 0 13.9017349909 0
2458947.5 12.7027247555 0 11.1998728577 0
2458948.5 13.5260178388 0 12.0080636208 0
2458949.5 13.1964556011 0 11.6846357174 0
2458950.5 12.4955835339 0 10.9966516663 0
2458951.5 11.9973802262 0 10.5077194945 0
2458952.5 7.25132672174 0 5.85174582201 0
2458953.5 6.52002832646 0 5.13404056322 0
2458954.5 6.35044563865 0 4.96745271064 0
2458955.5 5.95384265616 0 4.578179693 0
2458956.5 11.2629645879 0 9.78914924804 0
2458957.5 11.9218499033 0 10.4357584815 0
2458958.5 11.5606686324 0 10.0814676495 0
2458959.5 11.0876040624 0 9.61719606632 0
2458960.5 13.9102879985 0 12.3907339175 0
2458961.5 13.3315787148 0 11.8227366116 0
2458962.5 13.857707362 0 12.3393034537 0
2458963.5 13.9662137233 0 12.4459580868 0
2458964.5 9.41063047198 0 7.97470496701 0
2458965.5 8.51409045631 0 7.09498700334 0
2458966.5 9.01584925224 0 7.5875275708 0
2458967.5 9.06644408241 0 7.6371193691 0
2458968.5 8.32542566675 0 6.90991965424 0
2458969.5 10.4051136738 0 8.95051279719 0
2458970.5 11.0864741161 0 9.61938848277 0
2458971.5 10.5128743771 0 9.05647799762 0
2458972.5 10.8775395861 0 9.41444858468 0
2458973.5 13.0456318426 0 11.5426595078 0
2458974.5 12.3268836366 0 10.8372232396 0
2458975.5 12.9716438784 0 11.4701998169 0
2458976.5 12.9481050041 0 11.4470859308 0
2458977.5 12.4991024672 0 11.0063168346 0
2458978.5 13.2917345349 0 11.7841423667 0
2458979.5 11.4330332122 0 9.95722144558 0
2458980.5 11.3973858923 0 9.92241853397 0
2458981.5 11.7204638845 0 10.2395315889 0
2458982.5 11.11812024 0 9.64850993919 0
2458983.5 10.6372132394 0 9.17631715753 0
2458984.5 7.07062391441 0 5.67610219556 0
2458985.5 7.79349215891 0 6.38555956315 0
2458986.5 7.13533930798 0 5.73941237468 0
2458987.5 7.30513113314 0 5.90592474494 0
2458988.5 9.37290562807 0 7.93310454666 0
2458989.5 10.0683453852 0 8.61576989836 0
2458990.5 10.2848896721 0 8.82815531981 0
2458991.5 9.93337782416 0 8.48311604793 0
2458992.5 12.9823611217 0 11.4761638225 0
2458993.5 13.3493495668 0 11.8363639996 0
2458994.5 12.5866259778 0 11.0876992633 0
2458995.5 11.8805662649 0 10.39469014 0
2458996.5 12.5347445474 0 11.0367557563 0
2458997.5 13.3237494235 0 11.8111365681 0
2458998.5 13.8384807053 0 12.3172729318 0
2458999.5 14.4700833229 0 12.93730819 0
2459000.5 14.6528362629 0 13.1166439828 0
2459001.5 13.8483754541 0 12.3272826935 0
2459002.5 13.4818037963 0 11.967424175 0
2459003.5 13.7551767242 0 12.2360653084 0
2459004.5 13.0215385736 0 11.5162063276 0
2459005.5 12.9687619237 0 11.4645306648 0
2459006.5 13.7488523613 0 12.2302486019 0
2459007.5 14.1368284389 0 12.6111158955 0
2459008.5 11.3628657545 0 9.88984085748 0
2459009.5 11.7628252242 0 10.2824841825 0
2459010.5 11.0434157242 0 9.57623492126 0
2459011.5 10.179112546 0 8.72784681958 0
2459012.5 11.0807494117 0 9.61267398664 0
2459013.5 6.7500975799 0 5.36031783074 0
2459014.5 7.49527323689 0 6.09183346405 0
2459015.5 7.91165726041 0 6.50059294857 0
2459016.5 7.87487683149 0 6.46441897193 0
2459017.5 8.29643307962 0 6.88084184783 0
2459018.5 9.11362307145 0 7.68300754268 0
2459019.5 8.45783462332 0 7.03950404267 0
2459020.5 7.53015842042 0 6.12891189788 0
2459021.5 6.38459099954 0 5.00503994103 0
2459022.5 5.83146148548 0 4.46237213075 0
2459023.5 6.40934921863 0 5.02949162558 0
2459024.5 6.42846693341 0 5.0481608928 0
2459025.5 7.16141935269 0 5.7674154733 0
2459026.5 6.32693546553 0 4.94860997885 0
2459027.5 14.379486703 0 12.8537952132 0
2459028.5 14.333156371 0 12.8081690148 0
2459029.5 13.9528751353 0 12.43496171 0
2459030.5 14.0220537726 0 12.5030385549 0
2459031.5 13.7806509862 0 12.2661647579 0
2459032.5 15.836161261 0 14.2816609482 0
2459033.5 14.9788327937 0 13.4402109305 0
2459034.5 15.0293431451 0 13.489829261 0
2459035.5 15.8162416446 0 14.2623297765 0
2459036.5 16.1930788402 0 14.6340774944 0
2459037.5 16.2722193672 0 14.711816013 0
2459038.5 16.4223259222 0 14.8592942561 0
2459039.5 16.0594418582 0 14.5031532109 0
2459040.5 15.853437052 0 14.3008172435 0
2459041.5 15.626905625 0 14.0783838821 0
2459042.5 10.0276900366 0 8.58527690026 0
2459043.5 10.9004068263 0 9.44197815198 0
2459044.5 11.7815819546 0 10.3067964377 0
2459045.5 12.7053612942 0 11.2136442316 0
2459046.5 9.73064925179 0 8.29647626528 0
2459047.5 9.44365751242 0 8.01496036983 0
2459048.5 8.86655200455 0 7.44839150118 0
2459049.5 9.7879285997 0 8.35257241695 0
2459050.5 8.11666908192 0 6.7131400273 0
2459051.5 7.3288952284 0 5.93993272111 0
2459052.5 7.35425956936 0 5.96480597927 0
2459053.5 6.54025701932 0 5.16585124101 0
2459054.5 6.22727508085 0 4.8588260578 0
2459055.5 8.17338925841 0 6.76615056855 0
2459056.5 7.6319727988 0 6.23487787164 0
2459057.5 7.59359345591 0 6.19738471645 0
2459058.5 8.50208663039 0 7.0890799348 0
2459059.5 8.80393983988 0 7.3851608874 0
2459060.5 15.7990023343 0 14.2524849135 0
2459061.5 15.2738746538 0 13.737025646 0
2459062.5 14.6913852693 0 13.1651235852 0
2459063.5 13.8166172886 0 12.3065048284 0
2459064.5 14.6045553057 0 13.0799530707 0
2459065.5 12.4692211579 0 10.9862633205 0
2459066.5 11.7248367293 0 10.2557883869 0
2459067.5 12.6515160286 0 11.1654542347 0
2459068.5 12.7647126666 0 11.2766097671 0
2459069.5 12.8286457499 0 11.3393075792 0
2459070.5 12.2889320045 0 10.8094307383 0
2459071.5 16.4282994091 0 14.8749723777 0
2459072.5 16.6437483764 0 15.086330629 0
2459073.5 17.0290436701 0 15.464572197 0
2459074.5 16.8139575935 0 15.2534271135 0
2459075.5 7.86108445793 0 6.46462772564 0
2459076.5 7.55915612311 0 6.16836338656 0
2459077.5 7.02884174828 0 5.64772039221 0
2459078.5 6.27405862475 0 4.90690899324 0
2459079.5 13.164812898 0 11.6684459176 0
2459080.5 12.8845708681 0 11.3934306277 0
2459081.5 12.9297811834 0 11.4379987886 0
2459082.5 13.0444229293 0 11.5505871575 0
2459083.5 13.9566949226 0 12.4446613918 0
2459084.5 14.0211591313 0 12.5079134941 0
2459085.5 13.9282674448 0 12.4168689584 0
2459086.5 13.2670523101 0 11.7677578812 0
2459087.5 15.9571454227 0 14.4100583754 0
