2457258.5 16.1805461118 0 14.7455335382 0
2457259.5 15.6738764893 0 14.248329806 0
2457260.5 16.5661743792 0 15.1241837831 0
2457261.5 17.3749433489 0 15.9180752702 0
2457262.5 20.3588263893 0 18.8476727451 0
2457263.5 20.1317819173 0 18.6250152673 0
2457264.5 19.7295823089 0 18.2303605505 0
2457265.5 20.3327497036 0 18.8221673086 0
2457266.5 20.931486264 0 19.4087998152 0
2457267.5 20.6883640994 0 19.1699916461 0
2457268.5 21.3113490478 0 19.7815244132 0
2457269.5 21.654640977 0 20.118558021 0
2457270.5 21.2631063626 0 19.734339124 0
2457271.5 21.0707884672 0 19.547344254 0
2457272.5 21.8526307752 0 20.3147463623 0
2457273.5 21.7853576592 0 20.2486098834 0
2457274.5 21.9335672518 0 20.3939456159 0
2457275.5 21.5766894202 0 20.0416016005 0
2457276.5 21.2289915378 0 19.7003235136 0
2457277.5 20.6550557016 0 19.1369711235 0
2457278.5 21.1397734323 0 19.6126580275 0
2457279.5 20.8889670474 0 19.3665750135 0
2457280.5 21.8283357223 0 20.2887518984 0
2457281.5 20.8842311416 0 19.3641688819 0
2457282.5 20.5560641464 0 19.0418829451 0
2457283.5 20.4632139721 0 18.9507370687 0
2457284.5 20.8771924613 0 19.3572003217 0
2457285.5 17.0902056288 0 15.6394140776 0
2457286.5 16.7812654775 0 15.3362264916 0
2457287.5 17.3861478653 0 15.9297513995 0
2457288.5 17.4883863282 0 16.0301417197 0
2457289.5 21.8146590875 0 20.2757218521 0
2457290.5 22.7050155578 0 21.1497490569 0
2457291.5 21.8348566695 0 20.2957044734 0
2457292.5 21.8178112946 0 20.2789925287 0
2457293.5 22.5474408725 0 20.9950804936 0
2457294.5 13.628169875 0 12.2384860746 0
2457295.5 14.4972203218 0 13.0913661842 0
2457296.5 15.3912459476 0 13.9688923138 0
2457297.5 14.867251047 0 13.4547926412 0
2457298.5 12.7035760861 0 11.3315292169 0
2457299.5 12.9200307446 0 11.5438442963 0
2457300.5 13.8386192811 0 12.4453312263 0
2457301.5 13.2800901761 0 11.8972219475 0
2457302.5 13.4196575738 0 12.0343938325 0
2457303.5 13.5328265201 0 12.1455504071 0
2457304.5 21.1090398901 0 19.5815434457 0
2457305.5 20.706014075 0 19.1858635231 0
2457306.5 20.2646177634 0 18.7526426943 0
2457307.5 19.3995432778 0 17.9035306423 0
2457308.5 20.3305610787 0 18.8174320562 0
2457309.5 20.9532863348 0 19.4286205733 0
2457310.5 15.6362964981 0 14.2098486204 0
2457311.5 15.5626643205 0 14.1373855546 0
2457312.5 15.6033944292 0 14.1772276708 0
2457313.5 15.8342674839 0 14.4036497139 0
2457314.5 21.1506441438 0 19.6243772283 0
2457315.5 20.3266218709 0 18.8156258575 0
2457316.5 20.1712602302 0 18.6629447734 0
2457317.5 19.2595138761 0 17.7682824739 0
2457318.5 15.9658100062 0 14.5342022249 0
2457319.5 15.2335224578 0 13.8155737019 0
2457320.5 15.6859377009 0 14.2594853313 0
2457321.5 15.9136768463 0 14.4830425401 0
2457322.5 17.4638120628 0 16.0035448474 0
2457323.5 17.9994211898 0 16.5291842828 0
2457324.5 17.3270826838 0 15.8691965175 0
2457325.5 16.7540721077 0 15.30676288 0
2457326.5 16.0846030142 0 14.6495716249 0
2457327.5 15.9344581625 0 14.5020229222 0
2457328.5 17.933397274 0 16.4634744344 0
2457329.5 17.0164398827 0 15.5634826152 0
2457330.5 16.6608032429 0 15.2145103413 0
2457331.5 16.6293113633 0 15.1835362213 0
2457332.5 17.1360550131 0 15.6808159007 0
2457333.5 17.4023495161 0 15.9420587793 0
2457334.5 20.6119123564 0 19.0931451099 0
2457335.5 20.9982191257 0 19.4724544193 0
2457336.5 20.1724333307 0 18.6617944552 0
2457337.5 20.6762422508 0 19.1562195697 0
2457338.5 12.8890559231 0 11.5107127508 0
2457339.5 13.2713065119 0 11.8860511646 0
2457340.5 13.5414540992 0 12.151164134 0
2457341.5 13.1866674218 0 11.8029434364 0
2457342.5 13.9209465772 0 12.5237060047 0
2457343.5 16.9657329005 0 15.5126513393 0
2457344.5 17.1187853178 0 15.6627269269 0
2457345.5 17.474747498 0 16.0121016309 0
2457346.5 16.9942670127 0 15.540582541 0
2457347.5 16.2917993537 0 14.8512504936 0
2457348.5 16.8937358757 0 15.441849765 0
2457349.5 16.3927741209 0 14.9509767021 0
2457350.5 16.1799021739 0 14.7421076817 0
2457351.5 16.1307711765 0 14.6940048004 0
2457352.5 15.7377056241 0 14.3082878286 0
2457353.5 20.1193281328 0 18.6112324656 0
2457354.5 19.9255090891 0 18.4209857849 0
2457355.5 19.312775606 0 17.8196728611 0
2457356.5 18.9917151586 0 17.5043928604 0
2457357.5 15.1010336425 0 13.6874187724 0
2457358.5 14.4360064419 0 13.0346430733 0
2457359.5 13.9360572661 0 12.544103548 0
2457360.5 13.0238162957 0 11.648591796 0
2457361.5 12.4921869921 0 11.1268994522 0
2457362.5 13.3782990191 0 11.9963897448 0
2457363.5 15.4206986803 0 13.9985065304 0
2457364.5 15.2719997665 0 13.8523816805 0
2457365.5 15.2846669606 0 13.8649298101 0
2457366.5 15.426350738 0 14.0038105721 0
2457367.5 12.4518321889 0 11.0820869399 0
2457368.5 12.9336815005 0 11.5548419048 0
2457369.5 13.0235864267 0 11.6430790012 0
2457370.5 12.9229419966 0 11.5441283159 0
2457371.5 12.6721031368 0 11.2979966999 0
2457372.5 12.2249187164 0 10.8589947455 0
2457373.5 20.4616207243 0 18.9440901629 0
2457374.5 20.8969013781 0 19.3713193585 0
2457375.5 20.5229338428 0 19.004213609 0
2457376.5 20.1807740739 0 18.668244285 0
2457377.5 12.7407669071 0 11.3660357104 0
2457378.5 12.6428537834 0 11.2698582274 0
2457379.5 13.1255531541 0 11.743461716 0
2457380.5 13.8762357359 0 12.4804087376 0
2457381.5 22.5188930316 0 20.9610664256 0
2457382.5 23.425095243 0 21.8503585654 0
2457383.5 23.5726761333 0 21.9952930729 0
2457384.5 23.9019707344 0 22.3183901744 0
2457385.5 20.8419881596 0 19.3123513504 0
2457386.5 21.3526280798 0 19.8134845292 0
2457387.5 20.9099897858 0 19.3791955278 0
2457388.5 20.0204510255 0 18.5062029994 0
2457389.5 19.5120663261 0 18.0072935934 0
2457390.5 20.0528798295 0 18.5380652785 0
2457391.5 18.1178317487 0 16.6383258452 0
2457392.5 18.1015744197 0 16.6224109356 0
2457393.5 17.3119558784 0 15.8472450006 0
2457394.5 17.284106653 0 15.8199722931 0
2457395.5 16.4696679678 0 15.0205853484 0
2457396.5 16.4809942351 0 15.0316739855 0
2457397.5 15.0154058298 0 13.5917589709 0
2457398.5 14.1116950052 0 12.7046960201 0
2457399.5 14.167669338 0 12.7595469119 0
2457400.5 13.9142916865 0 12.5108184687 0
2457401.5 21.0472564866 0 19.5093777903 0
2457402.5 21.3114816599 0 19.7686361036 0
2457403.5 21.5034683901 0 19.9571024601 0
2457404.5 22.2763508927 0 20.7156977458 0
2457405.5 14.6883506966 0 13.2696011981 0
2457406.5 15.1169598177 0 13.6904261326 0
2457407.5 14.4717113101 0 13.0570497594 0
2457408.5 13.7220683127 0 12.3214402091 0
2457409.5 14.0656103785 0 12.6587419079 0
2457410.5 22.0937936053 0 20.5379035227 0
2457411.5 22.4503573103 0 20.8878729355 0
2457412.5 22.8308453859 0 21.2613545903 0
2457413.5 23.6596036097 0 22.0746634092 0
2457414.5 23.1255726647 0 21.550643313 0
2457415.5 22.8314030268 0 21.2617345664 0
2457416.5 11.5972100147 0 10.2370180236 0
2457417.5 12.4070265895 0 11.0317260244 0
2457418.5 12.283856605 0 10.9107278045 0
2457419.5 11.6151507878 0 10.2543901103 0
2457420.5 18.4362643479 0 16.9464807079 0
2457421.5 19.273539076 0 17.7683688008 0
2457422.5 18.5085957727 0 17.0176507364 0
2457423.5 19.4051571518 0 17.8975795528 0
2457424.5 20.1129186102 0 18.5923399157 0
2457425.5 19.604698633 0 18.0936940759 0
2457426.5 14.2383256914 0 12.8273183877 0
2457427.5 14.4714463708 0 13.0559958374 0
2457428.5 14.1425174785 0 12.733366032 0
2457429.5 13.357962712 0 11.963449943 0
2457430.5 12.8783027873 0 11.4927876434 0
2457431.5 12.6406881011 0 11.2594366143 0
2457432.5 14.7934296639 0 13.373222679 0
2457433.5 13.922831853 0 12.5188137103 0
2457434.5 13.2111740666 0 11.8204209501 0
2457435.5 13.6924235212 0 12.2925566234 0
2457436.5 13.2214565758 0 11.8304444669 0
2457437.5 12.7088148569 0 11.3274659411 0
2457438.5 13.7305623135 0 12.3304925145 0
2457439.5 14.4001698454 0 12.9878839778 0
2457440.5 14.7096890693 0 13.2917241793 0
2457441.5 14.6023587329 0 13.1863292622 0
2457442.5 14.2185517627 0 12.809705782 0
2457443.5 19.313264051 0 17.8124674373 0
2457444.5 18.954921215 0 17.4605677671 0
2457445.5 19.078124667 0 17.5816176973 0
2457446.5 19.0744266827 0 17.5779068892 0
2457447.5 13.7526234206 0 12.3569153096 0
2457448.5 14.3465019901 0 12.9397606217 0
2457449.5 13.8548326893 0 12.4570784558 0
2457450.5 14.3691121833 0 12.9619062897 0
2457451.5 14.9652390967 0 13.5447225093 0
2457452.5 14.3888600039 0 12.9788449471 0
2457453.5 15.2495758567 0 13.8234990046 0
2457454.5 14.327618325 0 12.9185372521 0
2457455.5 13.6402555812 0 12.2438574198 0
2457456.5 14.5568010034 0 13.143514709 0
2457457.5 13.1416662435 0 11.753527681 0
2457458.5 12.697332512 0 11.3174090401 0
2457459.5 11.7916411872 0 10.4284248452 0
2457460.5 12.288119738 0 10.9155337873 0
2457461.5 11.8222066659 0 10.4582878764 0
2457462.5 11.7798930909 0 10.4168581901 0
2457463.5 16.1903549581 0 14.7429564924 0
2457464.5 15.2957489539 0 13.8649267567 0
2457465.5 16.2193035262 0 14.7712986495 0
2457466.5 15.4077410773 0 13.9747106025 0
2457467.5 15.0808580745 0 13.6554818451 0
2457468.5 14.7983796776 0 13.3781364129 0
2457469.5 14.0157667994 0 12.6099347289 0
2457470.5 14.3135571081 0 12.9020722387 0
2457471.5 14.4165120671 0 13.0031866351 0
2457472.5 19.8197908755 0 18.3079460166 0
2457473.5 19.653939291 0 18.14532108 0
2457474.5 20.578233669 0 19.0523293292 0
2457475.5 20.8061641977 0 19.2760421101 0
2457476.5 20.0685023035 0 18.551914476 0
2457477.5 19.2979425239 0 17.7957550844 0
2457478.5 20.963182905 0 19.42976876 0
2457479.5 21.2373110024 0 19.6986902034 0
2457480.5 21.4036817043 0 19.8619948634 0
2457481.5 20.9742752575 0 19.4404978689 0
2457482.5 21.238368255 0 19.6998803671 0
2457483.5 22.0792359183 0 20.5252447901 0
2457484.5 21.473361387 0 19.9329000466 0
2457485.5 20.592187675 0 19.0679946818 0
2457486.5 19.6499923427 0 18.1431155116 0
2457487.5 19.2959418921 0 17.7955515144 0
2457488.5 18.9185371325 0 17.425235413 0
2457489.5 18.9827493998 0 17.4884303707 0
2457490.5 13.6095091827 0 12.2177965645 0
2457491.5 12.8316623551 0 11.4544469469 0
2457492.5 12.2985302768 0 10.9313943472 0
2457493.5 12.9577225268 0 11.5781929489 0
2457494.5 13.2634301949 0 11.8782348971 0
2457495.5 14.41859219 0 13.0101538698 0
2457496.5 14.0329404828 0 12.631663139 0
2457497.5 14.3359905049 0 12.9290892618 0
2457498.5 13.7760043872 0 12.3793617391 0
2457499.5 22.3683718969 0 20.8112951731 0
2457500.5 23.2966815902 0 21.7223417156 0
2457501.5 23.0172355083 0 21.4480451548 0
2457502.5 23.9059703707 0 22.320325346 0
2457503.5 24.1606563895 0 22.5702970864 0
2457504.5 17.8035573615 0 16.3291556786 0
2457505.5 16.8789418093 0 15.4216678135 0
2457506.5 16.0923316016 0 14.6495614039 0
2457507.5 16.5104504307 0 15.0599826297 0
2457508.5 18.7744743272 0 17.2838272437 0
2457509.5 18.2398692064 0 16.7590748079 0
2457510.5 17.8029387756 0 16.3302545511 0
2457511.5 17.1731028818 0 15.7120893457 0
2457512.5 16.9231396468 0 15.4668081438 0
2457513.5 17.0915545755 0 15.6320362205 0
2457514.5 15.8073675867 0 14.3697755054 0
2457515.5 15.3509492029 0 13.9218467731 0
2457516.5 15.7750503652 0 14.3378970267 0
2457517.5 15.9750916264 0 14.5341046665 0
2457518.5 16.1860706657 0 14.7412783557 0
2457519.5 16.137972698 0 14.6941981204 0
2457520.5 12.2468037209 0 10.8724677572 0
2457521.5 12.1658805308 0 10.7932170751 0
2457522.5 11.5264326569 0 10.165802669 0
2457523.5 12.0987618944 0 10.7276944586 0
2457524.5 11.2025773687 0 9.84802411473 0
2457525.5 11.7838189674 0 10.4196310113 0
2457526.5 12.6334202745 0 11.2535182885 0
2457527.5 12.1190956498 0 10.7487272346 0
2457528.5 12.1972589619 0 10.825552697 0
2457529.5 11.7060847067 0 10.3435205062 0
2457530.5 11.5883280192 0 10.2280291768 0
2457531.5 22.1176754224 0 20.5615546721 0
2457532.5 22.9309076479 0 21.359858495 0
2457533.5 22.3452045223 0 20.785126639 0
2457534.5 22.0166409022 0 20.4624852926 0
2457535.5 21.9289952531 0 20.3764648261 0
2457536.5 21.3304782307 0 19.7888372535 0
2457537.5 21.3341706029 0 19.7950915462 0
2457538.5 20.4713884227 0 18.9483995695 0
2457539.5 20.4706964462 0 18.9476871486 0
2457540.5 21.0095310842 0 19.4763874019 0
2457541.5 22.4508905679 0 20.8926228118 0
2457542.5 22.5935487212 0 21.0326649019 0
2457543.5 21.823696524 0 20.276964454 0
2457544.5 21.8138000362 0 20.2674002757 0
2457545.5 21.0501019455 0 19.5179822168 0
2457546.5 19.2151880722 0 17.7180390962 0
2457547.5 19.7179204811 0 18.2114725924 0
2457548.5 18.9608712828 0 17.4686070949 0
2457549.5 18.5948215568 0 17.109461051 0
2457550.5 18.8179783769 0 17.3271910178 0
2457551.5 18.6511286377 0 17.1635174312 0
2457552.5 18.8085856839 0 17.3178621639 0
2457553.5 19.4962914291 0 17.992887709 0
2457554.5 18.8262711699 0 17.3354104763 0
2457555.5 16.5791093628 0 15.1288267424 0
2457556.5 16.9909194668 0 15.5330636112 0
2457557.5 17.907158784 0 16.4322471419 0
2457558.5 17.5471235617 0 16.0789723151 0
2457559.5 17.6818659714 0 16.2112857044 0
2457560.5 16.1555882239 0 14.711030297 0
2457561.5 15.6071716315 0 14.1728028282 0
2457562.5 15.9944413189 0 14.5529596443 0
2457563.5 16.6574845983 0 15.2035221299 0
2457564.5 19.419671283 0 17.9121227826 0
2457565.5 20.2638945547 0 18.7406362965 0
2457566.5 20.5260483958 0 18.9980615954 0
2457567.5 19.758172383 0 18.2443414461 0
2457568.5 20.2623887471 0 18.7391158112 0
2457569.5 15.1755150146 0 13.7491456465 0
2457570.5 15.2015298562 0 13.7747689966 0
2457571.5 15.6382601335 0 14.203390982 0
2457572.5 15.3484072063 0 13.9188567727 0
2457573.5 17.584632522 0 16.1156118324 0
2457574.5 17.1595466826 0 15.6983814396 0
2457575.5 17.6218465271 0 16.1521371786 0
2457576.5 17.0543163662 0 15.5950188704 0
2457577.5 19.5434099415 0 18.0379648221 0
2457578.5 19.4934502669 0 17.9890959098 0
2457579.5 19.0362202547 0 17.5402892331 0
2457580.5 18.6263793821 0 17.1378650097 0
2457581.5 21.7003477803 0 20.1539312429 0
2457582.5 21.0261874108 0 19.4923517967 0
2457583.5 20.1100172702 0 18.5933145944 0
2457584.5 20.5623666631 0 19.037371638 0
2457585.5 20.4864335841 0 18.9628706788 0
2457586.5 16.7087290766 0 15.254686589 0
2457587.5 15.8839367666 0 14.4453596686 0
2457588.5 15.6582941866 0 14.2237765243 0
2457589.5 15.6000108252 0 14.166459909 0
2457590.5 19.8342802509 0 18.3209382968 0
2457591.5 19.7575286841 0 18.2457373183 0
2457592.5 19.1658725693 0 17.6648530416 0
2457593.5 18.3209722925 0 16.8355718016 0
2457594.5 19.014633708 0 17.5164905539 0
2457595.5 20.9983394791 0 19.4633141645 0
2457596.5 20.728425617 0 19.1984385556 0
2457597.5 21.4144151175 0 19.8717385115 0
2457598.5 21.543832145 0 19.9987423604 0
2457599.5 22.1775624051 0 20.6208891811 0
2457600.5 17.4297996067 0 15.9609575002 0
2457601.5 17.2793336632 0 15.8133743058 0
2457602.5 18.0222553045 0 16.5424235142 0
2457603.5 17.4728810782 0 16.0030431507 0
2457604.5 17.3114309869 0 15.8447333567 0
2457605.5 14.1262865125 0 12.7180692243 0
2457606.5 14.6739170942 0 13.255672013 0
2457607.5 14.6577564526 0 13.2397915165 0
2457608.5 15.2903293558 0 13.8604604213 0
2457609.5 15.0463770336 0 13.6211923362 0
2457610.5 14.7102975302 0 13.29142076 0
2457611.5 14.7488418659 0 13.3291204862 0
2457612.5 13.9177835231 0 12.5135308064 0
2457613.5 13.6157161958 0 12.2172282365 0
2457614.5 14.0953736148 0 12.6880947038 0
2457615.5 19.7794036633 0 18.2690397483 0
2457616.5 19.7208189688 0 18.2116302505 0
2457617.5 20.0314335568 0 18.516592076 0
2457618.5 19.1510057366 0 17.6525393955 0
2457619.5 20.0382873229 0 18.5234629407 0
2457620.5 19.4012545429 0 17.8954393946 0
2457621.5 18.503583428 0 17.0144775509 0
2457622.5 18.1032948776 0 16.6216719019 0
2457623.5 18.7532913168 0 17.2597454471 0
2457624.5 18.7585787301 0 17.2648070374 0
2457625.5 19.2018662327 0 17.7000203258 0
2457626.5 21.1761427703 0 19.639048695 0
2457627.5 21.1707363563 0 19.6338573895 0
2457628.5 22.0396994306 0 20.4866348127 0
2457629.5 21.4857272077 0 19.9429541002 0
2457630.5 22.1903039595 0 20.63451539 0
2457631.5 15.7224168935 0 14.2854217484 0
2457632.5 15.7962101694 0 14.3577662593 0
2457633.5 16.1301846789 0 14.6854237182 0
2457634.5 15.2778216458 0 13.8487758635 0
2457635.5 15.9542465532 0 14.5125146014 0
2457636.5 19.7224338041 0 18.2090065735 0
2457637.5 19.4031545918 0 17.8958331323 0
2457638.5 19.9345772777 0 18.4175627563 0
2457639.5 20.1316298 0 18.6107832669 0
2457640.5 20.6840882221 0 19.152869603 0
2457641.5 20.4033280259 0 18.8772524587 0
2457642.5 15.603846311 0 14.169454938 0
2457643.5 15.1895918703 0 13.76304972 0
2457644.5 16.0995322723 0 14.6563093023 0
2457645.5 16.5158913582 0 15.0651158507 0
2457646.5 16.5068028577 0 15.0563705274 0
2457647.5 14.0601362653 0 12.6573504101 0
2457648.5 13.3966461965 0 12.006086733 0
2457649.5 13.9477102156 0 12.5469902235 0
2457650.5 14.8104649372 0 13.3936322066 0
2457651.5 15.1544262963 0 13.7311303875 0
2457652.5 14.8008740187 0 13.3842988027 0
2457653.5 15.8632137435 0 14.4241881338 0
2457654.5 15.788704571 0 14.3512619804 0
2457655.5 16.1827764428 0 14.7381064077 0
2457656.5 16.280574704 0 14.8341991661 0
2457657.5 16.2432782239 0 14.7974341753 0
2457658.5 12.3949313115 0 11.018702628 0
2457659.5 13.3306461348 0 11.9371456604 0
2457660.5 13.5205473823 0 12.1237121694 0
2457661.5 13.1385445457 0 11.7486851959 0
2457662.5 12.584543203 0 11.2049032007 0
2457663.5 15.7161974124 0 14.2810414787 0
2457664.5 15.4307011495 0 14.0009138928 0
2457665.5 16.3299765872 0 14.8836430842 0
2457666.5 16.7564019718 0 15.3023152349 0
2457667.5 17.1680608298 0 15.7062762269 0
2457668.5 17.2498451286 0 15.7857076654 0
2457669.5 17.7037293258 0 16.2313355609 0
2457670.5 17.7596321332 0 16.2860434991 0
2457671.5 17.0433372181 0 15.5831128299 0
2457672.5 12.1345054315 0 10.7643994043 0
2457673.5 11.892485536 0 10.5269379712 0
2457674.5 11.7130022258 0 10.3505942006 0
2457675.5 11.4826068914 0 10.1244810886 0
2457676.5 17.2763305696 0 15.8093774242 0
2457677.5 17.2654218255 0 15.7985774785 0
2457678.5 16.742412896 0 15.2852287668 0
2457679.5 16.2663221092 0 14.8179227572 0
2457680.5 19.4206775794 0 17.9134849544 0
2457681.5 18.7328962148 0 17.2382761749 0
2457682.5 18.869828987 0 17.3726042472 0
2457683.5 19.2694783727 0 17.7649795485 0
2457684.5 18.1465103249 0 16.66453436 0
2457685.5 18.3433551688 0 16.8576304555 0
2457686.5 18.2929601157 0 16.8080076705 0
2457687.5 19.1576585113 0 17.6566124347 0
2457688.5 19.9145301909 0 18.4023610825 0
2457689.5 19.4992824332 0 17.9947330157 0
2457690.5 19.1241560442 0 17.6264255638 0
2457691.5 18.7959137325 0 17.304256796 0
2457692.5 17.9302340495 0 16.4546434279 0
2457693.5 15.0489272755 0 13.6289045273 0
2457694.5 14.4590883614 0 13.0499853798 0
2457695.5 14.447420796 0 13.0383417827 0
2457696.5 14.5826591311 0 13.1710290942 0
2457697.5 14.2448689418 0 12.8393963453 0
2457698.5 14.5766575613 0 13.1650043878 0
2457699.5 17.831916734 0 16.3580482684 0
2457700.5 17.7196165701 0 16.2479990265 0
2457701.5 18.1065575724 0 16.6276619912 0
2457702.5 18.1692394058 0 16.6893406884 0
2457703.5 17.9749739842 0 16.4988622643 0
2457704.5 17.4792278968 0 16.0122949709 0
2457705.5 16.2406519546 0 14.7942009999 0
2457706.5 16.5263436394 0 15.0744706724 0
2457707.5 17.1295726954 0 15.666680764 0
2457708.5 17.8605622148 0 16.384081985 0
2457709.5 17.3099270952 0 15.8437499729 0
2457710.5 19.707893107 0 18.1994079807 0
2457711.5 18.8427533864 0 17.3501944606 0
2457712.5 19.4176481483 0 17.9144400333 0
2457713.5 18.7627738468 0 17.2715511 0
2457714.5 19.1239578593 0 17.6258789796 0
2457715.5 14.5887111575 0 13.1763586399 0
2457716.5 14.6143570943 0 13.2013396892 0
2457717.5 13.8691172403 0 12.470098541 0
2457718.5 13.5229912339 0 12.1304591828 0
2457719.5 12.9407135259 0 11.5576378584 0
2457720.5 13.4465547273 0 12.0542738755 0
2457721.5 13.4938602815 0 12.1008850383 0
2457722.5 12.6089216759 0 11.2323353235 0
2457723.5 18.3287433103 0 16.8455864809 0
2457724.5 18.1595260365 0 16.679522089 0
2457725.5 18.8078752983 0 17.3157600158 0
2457726.5 18.0755583774 0 16.5971320179 0
2457727.5 17.1642503666 0 15.7026244988 0
2457728.5 22.0140090338 0 20.4649238479 0
2457729.5 22.5073870155 0 20.9493000931 0
2457730.5 22.6174609165 0 21.0574050842 0
2457731.5 22.2975125603 0 20.7434074107 0
2457732.5 19.1306229174 0 17.6331766033 0
2457733.5 19.0764728126 0 17.5801072818 0
2457734.5 19.0108598697 0 17.5156419638 0
2457735.5 19.2107698598 0 17.7116798437 0
2457736.5 19.8605997932 0 18.3495005579 0
2457737.5 22.4680007583 0 20.9110204892 0
2457738.5 21.6358615214 0 20.0944693492 0
2457739.5 21.7214699727 0 20.1783220158 0
2457740.5 21.8295745965 0 20.2845838437 0
2457741.5 18.8610063955 0 17.3713873953 0
2457742.5 18.6032213754 0 17.1184498616 0
2457743.5 18.7999416586 0 17.311605314 0
2457744.5 18.3786562533 0 16.8981951666 0
2457745.5 13.9891440544 0 12.5919662045 0
2457746.5 14.854525421 0 13.4413340416 0
2457747.5 14.8836440596 0 13.4697608913 0
2457748.5 14.8509475834 0 13.4375213789 0
2457749.5 21.0445167731 0 19.5150053085 0
2457750.5 20.3523888492 0 18.8358002142 0
2457751.5 19.8979573473 0 18.3897401855 0
2457752.5 20.7712890588 0 19.2470428989 0
2457753.5 21.278082238 0 19.7446020419 0
2457754.5 16.6075994732 0 15.1613609475 0
2457755.5 16.4139486301 0 14.9712705465 0
2457756.5 15.858601782 0 14.4262305436 0
2457757.5 15.6538820478 0 14.2252238691 0
2457758.5 20.1766844193 0 18.6620686219 0
2457759.5 20.1661834612 0 18.6519040898 0
2457760.5 20.4069659139 0 18.8880301797 0
2457761.5 20.5547119939 0 19.0329231063 0
2457762.5 19.9743593237 0 18.4614893389 0
2457763.5 19.2129811889 0 17.714322902 0
2457764.5 19.1670631947 0 17.669194013 0
2457765.5 18.7989168435 0 17.3080558415 0
2457766.5 18.5886443331 0 17.1015227167 0
2457767.5 21.382193723 0 19.8411778029 0
2457768.5 20.5281296803 0 19.0030266188 0
2457769.5 20.2443422051 0 18.724543638 0
2457770.5 20.6542703479 0 19.1268158971 0
2457771.5 16.3932453084 0 14.9422074888 0
2457772.5 16.848926465 0 15.3893822338 0
2457773.5 17.2293140446 0 15.7626376093 0
2457774.5 16.5426842339 0 15.0886646874 0
2457775.5 16.125574791 0 14.6793896604 0
2457776.5 15.6877837893 0 14.2497079983 0
2457777.5 16.9666712126 0 15.5063476095 0
2457778.5 16.3538881181 0 14.9049714866 0
2457779.5 16.1185867823 0 14.6738953847 0
2457780.5 15.8848640361 0 14.4443699453 0
2457781.5 15.3121339133 0 13.882343422 0
2457782.5 14.3919334609 0 12.9791879159 0
2457783.5 12.990507221 0 11.6025873163 0
2457784.5 13.0970595263 0 11.7073631831 0
2457785.5 13.0184057583 0 11.6299922772 0
2457786.5 12.8713619884 0 11.4855156375 0
2457787.5 13.4181774479 0 12.0223083889 0
2457788.5 13.3812797312 0 11.9857977356 0
2457789.5 12.852462902 0 11.4668532994 0
2457790.5 12.5693578321 0 11.1888169085 0
2457791.5 13.0468079678 0 11.6575070854 0
2457792.5 12.8171368028 0 11.432280848 0
2457793.5 13.6615298517 0 12.2608712079 0
2457794.5 14.9634592715 0 13.5367777615 0
2457795.5 15.3971627978 0 13.9623933437 0
2457796.5 15.7500592152 0 14.3088167668 0
2457797.5 15.0280889554 0 13.6001296544 0
2457798.5 15.6520898942 0 14.2124948251 0
2457799.5 16.7703141377 0 15.3075075861 0
2457800.5 17.2656930375 0 15.7938628979 0
2457801.5 17.3420298266 0 15.8688327142 0
2457802.5 17.79556192 0 16.3138252073 0
2457803.5 16.6576265252 0 15.1973377206 0
2457804.5 17.4236443901 0 15.9490710689 0
2457805.5 17.3330478564 0 15.8601910343 0
2457806.5 17.245597098 0 15.7744377892 0
2457807.5 21.9243408299 0 20.3652231373 0
2457808.5 21.7170552092 0 20.1616144296 0
2457809.5 21.3232304778 0 19.77496538 0
2457810.5 20.6463803539 0 19.1104501276 0
2457811.5 19.6745597323 0 18.1542074727 0
2457812.5 18.970001762 0 17.4627813101 0
2457813.5 19.1241836669 0 17.6140546677 0
2457814.5 19.9798330771 0 18.4538646117 0
2457815.5 13.0514382817 0 11.652579049 0
2457816.5 12.8707573242 0 11.4750548217 0
2457817.5 12.5241309931 0 11.134816076 0
2457818.5 13.1998307009 0 11.7981433019 0
2457819.5 12.6709929208 0 11.2792293456 0
2457820.5 14.6864725196 0 13.2581580602 0
2457821.5 14.3316300182 0 12.909727014 0
2457822.5 14.3698168246 0 12.9473429487 0
2457823.5 14.0744424217 0 12.6573804065 0
2457824.5 11.6655226336 0 10.2950334953 0
2457825.5 12.2268942014 0 10.8458141683 0
2457826.5 11.3865628652 0 10.0209067288 0
2457827.5 11.1397520291 0 9.77866047464 0
2457828.5 11.8470707078 0 10.47291971 0
2457829.5 12.6289965634 0 11.2382697519 0
2457830.5 13.1430375743 0 11.7428544663 0
2457831.5 12.3193826107 0 10.9346135064 0
2457832.5 11.8629460752 0 10.4865472804 0
2457833.5 12.5288283618 0 11.1402040673 0
2457834.5 14.7453420226 0 13.3140002934 0
2457835.5 14.5915240175 0 13.1631498 0
2457836.5 13.9813260068 0 12.5643809306 0
2457837.5 14.3913841458 0 12.9668066418 0
2457838.5 14.3274494227 0 12.9041204445 0
2457839.5 14.495278067 0 13.0687239439 0
2457840.5 11.1621427158 0 9.80033909896 0
2457841.5 11.422774285 0 10.056288649 0
2457842.5 11.3779429065 0 10.0122120558 0
2457843.5 10.6716537238 0 9.31913969531 0
2457844.5 15.6799048677 0 14.2372135177 0
2457845.5 16.1110089003 0 14.6601665774 0
2457846.5 15.9608288559 0 14.5128292667 0
2457847.5 15.2748149911 0 13.8393963034 0
2457848.5 11.7230718881 0 10.3546577881 0
2457849.5 10.7852351661 0 9.43417057186 0
2457850.5 10.7473242741 0 9.39678954708 0
2457851.5 11.268474387 0 9.9081723243 0
2457852.5 11.879914719 0 10.5082348538 0
2457853.5 12.7077721781 0 11.3206345952 0
2457854.5 21.2285046915 0 19.6819495931 0
2457855.5 21.5706171575 0 20.0176457724 0
2457856.5 22.1979344767 0 20.6333843437 0
2457857.5 22.7926974307 0 21.2171162077 0
2457858.5 15.3720001772 0 13.9322609491 0
2457859.5 15.916447541 0 14.4667143958 0
2457860.5 15.4963178442 0 14.0542246885 0
2457861.5 14.6435922834 0 13.2173706428 0
2457862.5 14.5222524483 0 13.0982324526 0
2457863.5 15.1091746104 0 13.6742279135 0
2457864.5 15.365088331 0 13.925535754 0
2457865.5 15.4930123417 0 14.0510876776 0
2457866.5 14.763954082 0 13.3354487739 0
2457867.5 11.3723251262 0 10.004340753 0
2457868.5 12.25296772 0 10.8685465918 0
2457869.5 13.1185433819 0 11.7180417625 0
2457870.5 12.3218188417 0 10.9362733491 0
2457871.5 12.1347931435 0 10.7527113662 0
2457872.5 17.9421228352 0 16.4552973774 0
2457873.5 18.4044574656 0 16.9092332456 0
2457874.5 18.2304348026 0 16.7385098184 0
2457875.5 18.8124711307 0 17.3097785519 0
2457876.5 11.3867377012 0 10.0218192636 0
2457877.5 11.3021746616 0 9.93899519894 0
2457878.5 12.0530200669 0 10.6760240801 0
2457879.5 12.6775930519 0 11.2889546233 0
2457880.5 14.3782385714 0 12.9566186676 0
2457881.5 13.7106944715 0 12.3013829793 0
2457882.5 13.7904011797 0 12.3794997092 0
2457883.5 13.1506574678 0 11.7514752949 0
2457884.5 20.3523744297 0 18.8223588665 0
2457885.5 20.0581174021 0 18.5334614209 0
2457886.5 19.2954821713 0 17.7851221707 0
2457887.5 19.2039322175 0 17.6953433648 0
2457888.5 18.4772564817 0 16.9820893049 0
2457889.5 21.3464165182 0 19.7990435533 0
2457890.5 20.8808488056 0 19.3422751049 0
2457891.5 20.2770223265 0 18.7496123218 0
2457892.5 20.996028685 0 19.4554238702 0
2457893.5 21.0703140806 0 19.5281637908 0
2457894.5 11.9163274869 0 10.5456440462 0
2457895.5 11.3036436405 0 9.9444313283 0
2457896.5 10.8085960899 0 9.45841631476 0
2457897.5 10.5901681134 0 9.24414615764 0
2457898.5 14.7855858718 0 13.3593521521 0
2457899.5 14.3388798918 0 12.9209818415 0
2457900.5 14.8030281098 0 13.3766015084 0
2457901.5 14.5534963724 0 13.1317344686 0
2457902.5 18.9919112081 0 17.491030966 0
2457903.5 18.5198463786 0 17.0278130226 0
2457904.5 18.5849191135 0 17.0917371956 0
2457905.5 18.8875460506 0 17.3887338943 0
2457906.5 19.1668746634 0 17.663012542 0
2457907.5 11.5760258193 0 10.2161168738 0
2457908.5 11.7795675996 0 10.4157621239 0
2457909.5 11.6186335156 0 10.2577326499 0
2457910.5 11.3775760032 0 10.0210266068 0
2457911.5 12.8907477418 0 11.5068380898 0
2457912.5 13.3919922929 0 11.9989586654 0
2457913.5 13.7347654652 0 12.3355495044 0
2457914.5 14.6017250774 0 13.1865053781 0
2457915.5 15.5002583958 0 14.0684462065 0
2457916.5 20.6232049775 0 19.0949645322 0
2457917.5 19.8462246125 0 18.3323356386 0
2457918.5 19.1494084122 0 17.6483335763 0
2457919.5 19.6438636429 0 18.1334752122 0
2457920.5 19.3406240838 0 17.8359335227 0
2457921.5 17.0485929543 0 15.5894858564 0
2457922.5 16.6052352673 0 15.1542460687 0
2457923.5 17.2151341026 0 15.7530393492 0
2457924.5 17.0809579849 0 15.6211902421 0
2457925.5 17.4195303037 0 15.9535332342 0
2457926.5 17.6892807166 0 16.2184480801 0
2457927.5 16.2416242219 0 14.7948686164 0
2457928.5 15.5651239807 0 14.1307764904 0
2457929.5 16.1865887211 0 14.740632622 0
2457930.5 16.5491756206 0 15.0964348056 0
2457931.5 17.2128656308 0 15.747994606 0
2457932.5 17.8342708688 0 16.357846897 0
2457933.5 12.972358099 0 11.5833903062 0
2457934.5 12.4856998967 0 11.1058440868 0
2457935.5 12.484490813 0 11.1046223294 0
2457936.5 12.7151104443 0 11.3310437353 0
2457937.5 11.9755391139 0 10.6051894359 0
2457938.5 11.7989815103 0 10.4318979002 0
2457939.5 19.0384158689 0 17.5367767685 0
2457940.5 18.3065676135 0 16.8185917939 0
2457941.5 17.734669011 0 16.2573640348 0
2457942.5 16.9310898095 0 15.4688234541 0
2457943.5 16.2682708038 0 14.8181063942 0
2457944.5 18.0579536767 0 16.5743970569 0
2457945.5 17.173098061 0 15.7057401315 0
2457946.5 18.0125038913 0 16.5297532155 0
2457947.5 18.5968361863 0 17.1031388927 0
2457948.5 18.6031619919 0 17.10932467 0
2457949.5 11.6492849135 0 10.285303461 0
2457950.5 12.2523780924 0 10.8772258292 0
2457951.5 12.921684304 0 11.5340781328 0
2457952.5 13.2186983585 0 11.8255628928 0
2457953.5 12.3918802695 0 11.0172519103 0
2457954.5 11.8456684885 0 10.4812765903 0
2457955.5 11.1350405831 0 9.78385927427 0
2457956.5 11.1175174381 0 9.76648343828 0
2457957.5 20.9161051719 0 19.3817187772 0
2457958.5 21.730138379 0 20.18063776 0
2457959.5 22.2579560367 0 20.698593819 0
2457960.5 21.9045327195 0 20.3519090552 0
2457961.5 12.2541938216 0 10.8810426154 0
2457962.5 12.5271472035 0 11.1488825469 0
2457963.5 13.1971979993 0 11.8066939587 0
2457964.5 13.3980455962 0 12.0037304827 0
2457965.5 13.0725560729 0 11.6841475443 0
2457966.5 14.7799381169 0 13.3599114947 0
2457967.5 14.3160160173 0 12.9047080453 0
2457968.5 14.1121655575 0 12.7047021818 0
2457969.5 14.7920840567 0 13.371969292 0
2457970.5 14.6803194056 0 13.2624778468 0
2457971.5 14.0396292073 0 12.6337811557 0
2457972.5 18.8803881022 0 17.3843885436 0
2457973.5 18.5987491175 0 17.1079958519 0
2457974.5 18.5560875492 0 17.0661158496 0
2457975.5 17.7059677792 0 16.2316187504 0
2457976.5 17.0700808466 0 15.6075739772 0
2457977.5 18.2580052842 0 16.7709996347 0
2457978.5 19.187912614 0 17.6837337224 0
2457979.5 19.0446704547 0 17.5430868036 0
2457980.5 19.30276062 0 17.7964443411 0
2457981.5 18.4994600593 0 17.0081209056 0
2457982.5 17.4698609124 0 15.9979261945 0
2457983.5 18.3721557048 0 16.883369546 0
2457984.5 19.1239360564 0 17.6211016962 0
2457985.5 19.5486703293 0 18.0379617927 0
2457986.5 19.3521260928 0 17.8451856084 0
2457987.5 20.2409779457 0 18.7175076673 0
2457988.5 19.9700488987 0 18.4495528564 0
2457989.5 20.0974640611 0 18.5747467514 0
2457990.5 19.2427398678 0 17.7357111451 0
2457991.5 18.8352578527 0 17.3358714835 0
2457992.5 19.0839141213 0 17.5800047765 0
2457993.5 11.4664534154 0 10.1062029024 0
2457994.5 11.067555399 0 9.71475666872 0
2457995.5 10.3169867553 0 8.97824752808 0
2457996.5 10.2659226129 0 8.92793207901 0
2457997.5 11.0980220454 0 9.74462092144 0
2457998.5 11.6846054883 0 10.3204038722 0
2457999.5 21.3100299849 0 19.7680265083 0
2458000.5 21.7173925856 0 20.1678358238 0
2458001.5 21.6747710351 0 20.1258374056 0
2458002.5 22.1337334064 0 20.576177482 0
2458003.5 12.3215903566 0 10.944646864 0
2458004.5 12.6986853653 0 11.3147169595 0
2458005.5 13.4623382943 0 12.0640617359 0
2458006.5 13.3531818773 0 11.9567390032 0
2458007.5 17.1171563839 0 15.6495602432 0
2458008.5 16.7810056432 0 15.3194723346 0
2458009.5 17.4321001379 0 15.9583428874 0
2458010.5 16.8391238274 0 15.37652641 0
2458011.5 16.6957336884 0 15.2357945159 0
2458012.5 16.8335823714 0 15.3709881785 0
2458013.5 16.7946903189 0 15.3350601161 0
2458014.5 17.1100871082 0 15.6447236032 0
2458015.5 17.7844909972 0 16.3064714719 0
2458016.5 17.3187484496 0 15.8494813267 0
2458017.5 18.4170987442 0 16.9272352529 0
2458018.5 19.2978492572 0 17.7918700412 0
2458019.5 19.6629696462 0 18.1501216592 0
2458020.5 20.5589382821 0 19.0295666473 0
2458021.5 18.2383580398 0 16.7498978747 0
2458022.5 18.9257294937 0 17.424634581 0
2458023.5 18.7502872969 0 17.2525587507 0
2458024.5 18.0485398179 0 16.5639265505 0
2458025.5 18.2504535801 0 16.7619033221 0
2458026.5 16.1042998418 0 14.6559739148 0
2458027.5 16.5984951681 0 15.1411338748 0
2458028.5 16.0587423566 0 14.6114739045 0
2458029.5 15.547319396 0 14.1094571645 0
2458030.5 14.7280590762 0 13.3051923257 0
2458031.5 13.8175730866 0 12.4115747659 0
2458032.5 12.3026903742 0 10.9262374723 0
2458033.5 11.3983332732 0 10.0386403132 0
2458034.5 10.9422188348 0 9.59099349013 0
2458035.5 11.5138257058 0 10.1518279072 0
2458036.5 10.7559335834 0 9.40805746369 0
2458037.5 14.9992163813 0 13.5750427514 0
2458038.5 15.8749450494 0 14.4344194746 0
2458039.5 15.9895242687 0 14.5470709344 0
2458040.5 15.5158279822 0 14.0822809515 0
2458041.5 15.8199750657 0 14.380727678 0
2458042.5 18.6245820487 0 17.1358034534 0
2458043.5 17.7529960994 0 16.2803607187 0
2458044.5 17.9733524845 0 16.4966421298 0
2458045.5 18.1479680498 0 16.6679997832 0
2458046.5 18.3553958636 0 16.8717727767 0
2458047.5 13.1750865264 0 11.7866936337 0
2458048.5 13.0121415364 0 11.6269052866 0
2458049.5 13.2045114606 0 11.8155945403 0
2458050.5 13.9624075396 0 12.5593750184 0
2458051.5 15.0801509985 0 13.6559725962 0
2458052.5 14.4572420564 0 13.0444654158 0
2458053.5 13.547851716 0 12.151895866 0
2458054.5 12.9371767977 0 11.5524590614 0
2458055.5 13.7243776358 0 12.3248683729 0
2458056.5 18.3612319092 0 16.8765130367 0
2458057.5 17.9636543768 0 16.4863877768 0
2458058.5 18.227021693 0 16.7447232634 0
2458059.5 17.8268394202 0 16.3518667997 0
2458060.5 20.2377612512 0 18.7162351904 0
2458061.5 19.9641681202 0 18.4478284146 0
2458062.5 20.4615607634 0 18.9359382773 0
2458063.5 21.3996376673 0 19.8567973078 0
2458064.5 16.0780655145 0 14.6332562036 0
2458065.5 16.8341631764 0 15.3754462045 0
2458066.5 17.2877285657 0 15.8204876655 0
2458067.5 16.5495904284 0 15.0959773555 0
2458068.5 17.0255634912 0 15.5630258844 0
2458069.5 17.6704822543 0 16.1961447412 0
2458070.5 20.2018101523 0 18.6792184081 0
2458071.5 20.4264698914 0 18.8995683122 0
2458072.5 20.1156185242 0 18.5944704294 0
2458073.5 19.8529976623 0 18.3368148439 0
2458074.5 15.8700832094 0 14.4299877528 0
2458075.5 16.6482047749 0 15.1936513624 0
2458076.5 15.7677959345 0 14.3296893678 0
2458077.5 15.4242993624 0 13.992659267 0
2458078.5 16.2244349792 0 14.7779992076 0
2458079.5 17.0335173803 0 15.5722075059 0
2458080.5 19.5683708254 0 18.0576456942 0
2458081.5 19.965280107 0 18.4472193106 0
2458082.5 19.169701528 0 17.6663723887 0
2458083.5 18.3245150602 0 16.8367110996 0
2458084.5 11.7753606643 0 10.4081568535 0
2458085.5 11.6537018934 0 10.2886925475 0
2458086.5 12.3344741334 0 10.9569176211 0
2458087.5 13.0531690457 0 11.6623837996 0
2458088.5 12.7922577926 0 11.4062609566 0
2458089.5 12.4239146287 0 11.0447046053 0
2458090.5 21.0490074895 0 19.5117200268 0
2458091.5 20.1834142155 0 18.6620062477 0
2458092.5 20.6059222331 0 19.0768142095 0
2458093.5 20.1740637583 0 18.6528204201 0
2458094.5 20.5125463654 0 18.9851339769 0
2458095.5 20.5101092313 0 18.9828872466 0
2458096.5 12.028537881 0 10.6558775778 0
2458097.5 12.4335647046 0 11.0534753149 0
2458098.5 13.3647931511 0 11.9675917187 0
2458099.5 12.4723728996 0 11.0918014106 0
2458100.5 11.7832633498 0 10.4156656338 0
2458101.5 10.9186371137 0 9.56695563416 0
2458102.5 18.0220355995 0 16.5410068333 0
2458103.5 18.1573529152 0 16.6737134413 0
2458104.5 18.1470352902 0 16.6637344369 0
2458105.5 19.0444133103 0 17.5445553758 0
2458106.5 11.3810584662 0 10.0241086796 0
2458107.5 11.2637501413 0 9.90897675599 0
2458108.5 11.3321911832 0 9.97633026677 0
2458109.5 11.9520417183 0 10.5846206356 0
2458110.5 12.3003535528 0 10.9264971565 0
2458111.5 16.4842879792 0 15.0329767578 0
2458112.5 16.6517003973 0 15.1970878676 0
2458113.5 17.4298566026 0 15.9607260041 0
2458114.5 17.3818771012 0 15.9134448889 0
2458115.5 16.7668074663 0 15.3099604122 0
2458116.5 16.0829188019 0 14.638717818 0
2458117.5 19.4287694032 0 17.9199717583 0
2458118.5 19.4560697245 0 17.9465829021 0
2458119.5 18.7523192165 0 17.2557750002 0
2458120.5 19.1387319531 0 17.6349165215 0
2458121.5 18.7635717777 0 17.2668442553 0
2458122.5 19.702291852 0 18.1883616433 0
2458123.5 12.6936697904 0 11.312800306 0
2458124.5 11.867492029 0 10.5020399066 0
2458125.5 11.8212806093 0 10.4565796486 0
2458126.5 12.3651412999 0 10.9905476417 0
2458127.5 11.8544810901 0 10.4895401241 0
2458128.5 18.8505782167 0 17.3557919581 0
2458129.5 19.5784197209 0 18.0703462693 0
2458130.5 19.5400995527 0 18.0325418304 0
2458131.5 19.1355749932 0 17.6354550064 0
2458132.5 19.1459488259 0 17.6455891674 0
2458133.5 19.0223167053 0 17.5240587256 0
2458134.5 11.5330670275 0 10.1748426475 0
2458135.5 10.7888439912 0 9.44422807204 0
2458136.5 11.6406363503 0 10.2800210566 0
2458137.5 11.1199132954 0 9.76893444765 0
2458138.5 12.0850495196 0 10.718580919 0
2458139.5 11.6857696585 0 10.3267257258 0
2458140.5 12.1302336313 0 10.7628147124 0
2458141.5 12.765237763 0 11.3861992654 0
2458142.5 12.5752231615 0 11.1998122074 0
2458143.5 12.0146983446 0 10.6497002737 0
2458144.5 15.6765276793 0 14.2424204612 0
2458145.5 15.8605733001 0 14.4229501078 0
2458146.5 16.6324130252 0 15.1802994217 0
2458147.5 16.7639132498 0 15.3093283517 0
2458148.5 16.4678032999 0 15.0185351372 0
2458149.5 17.8185699865 0 16.3456299578 0
2458150.5 17.4189114599 0 15.953559887 0
2458151.5 16.718964166 0 15.2664151288 0
2458152.5 16.6150642831 0 15.1644687994 0
2458153.5 16.4910110451 0 15.0426906938 0
2458154.5 15.9227348811 0 14.4850988209 0
2458155.5 19.9650897903 0 18.452855114 0
2458156.5 20.4461495303 0 18.9251899339 0
2458157.5 21.1664526514 0 19.6323209989 0
2458158.5 21.9470292655 0 20.3983713895 0
2458159.5 21.2036947518 0 19.6705164062 0
2458160.5 20.635983028 0 19.1134253603 0
2458161.5 20.9925257785 0 19.4635320807 0
2458162.5 20.4215866458 0 18.9029711407 0
2458163.5 19.8747595181 0 18.3662407925 0
2458164.5 14.2777997951 0 12.8761204202 0
2458165.5 14.4593364445 0 13.0542412093 0
2458166.5 14.2297761886 0 12.8290233415 0
2458167.5 13.9713842745 0 12.5753159065 0
2458168.5 14.1832685666 0 12.783451321 0
2458169.5 13.6420740971 0 12.2523452486 0
2458170.5 14.2333783539 0 12.8324936548 0
2458171.5 14.7572568989 0 13.346613052 0
2458172.5 15.2130711819 0 13.7939484399 0
2458173.5 16.0177815636 0 14.5836072561 0
2458174.5 16.5832605586 0 15.1387703714 0
2458175.5 12.6254174875 0 11.2516642969 0
2458176.5 12.520915805 0 11.1491487789 0
2458177.5 12.5198004471 0 11.1481495733 0
2458178.5 12.7305471004 0 11.354826639 0
2458179.5 15.8688394815 0 14.4333352949 0
2458180.5 15.1151472475 0 13.6937166251 0
2458181.5 14.9463517377 0 13.528082719 0
2458182.5 15.7259254968 0 14.2930517264 0
2458183.5 22.1700323776 0 20.6202088791 0
2458184.5 21.9594743662 0 20.4133708717 0
2458185.5 21.7735290665 0 20.2309956178 0
2458186.5 21.4866076289 0 19.9494708566 0
2458187.5 15.993205021 0 14.5569136172 0
2458188.5 16.1136826133 0 14.6752502481 0
2458189.5 16.8043584476 0 15.353275712 0
2458190.5 17.6305925145 0 16.1640262078 0
2458191.5 14.7599638909 0 13.3448125482 0
2458192.5 15.0254070685 0 13.6052579765 0
2458193.5 15.8858819529 0 14.449604208 0
2458194.5 16.8049364167 0 15.3516220311 0
2458195.5 17.0786789518 0 15.6200981637 0
2458196.5 14.9841194694 0 13.5616715188 0
2458197.5 15.7361501937 0 14.2999565352 0
2458198.5 16.551936598 0 15.1007052817 0
2458199.5 16.4663494865 0 15.0165926365 0
2458200.5 15.6691967727 0 14.2343755672 0
2458201.5 16.4928885518 0 15.0427984322 0
2458202.5 13.8041812607 0 12.402456695 0
2458203.5 13.3225256657 0 11.9296108043 0
2458204.5 12.4901429659 0 11.1126906961 0
2458205.5 12.5083774223 0 11.1307234944 0
2458206.5 12.5902985573 0 11.2113059147 0
2458207.5 17.3004764181 0 15.8330269093 0
2458208.5 17.0533927474 0 15.5905838461 0
2458209.5 17.2694137247 0 15.8027384726 0
2458210.5 17.3563977196 0 15.8881361501 0
2458211.5 16.8660002283 0 15.4068943664 0
2458212.5 18.6567269408 0 17.1622749619 0
2458213.5 18.6522331893 0 17.158040092 0
2458214.5 19.1193844751 0 17.6166386942 0
2458215.5 18.786359077 0 17.2898021342 0
2458216.5 19.2501569 0 17.7451342803 0
2458217.5 18.3299197678 0 16.8433710542 0
2458218.5 18.5962665396 0 17.1047257918 0
2458219.5 18.6395817492 0 17.1472076297 0
2458220.5 18.7020279776 0 17.2083901658 0
2458221.5 19.2867037652 0 17.7820538687 0
2458222.5 18.8252480732 0 17.3292588429 0
2458223.5 17.2737640916 0 15.8051615556 0
2458224.5 18.0966591764 0 16.6128573809 0
2458225.5 18.6299829995 0 17.1364643103 0
2458226.5 18.3626978781 0 16.87429956 0
2458227.5 17.8827516221 0 16.4032897889 0
2458228.5 17.8017858077 0 16.3237051284 0
2458229.5 21.3303332959 0 19.7896912053 0
2458230.5 21.2348294542 0 19.6958944228 0
2458231.5 21.9769432357 0 20.4241960127 0
2458232.5 22.3879825085 0 20.8275101913 0
2458233.5 22.9497867958 0 21.3788927966 0
2458234.5 11.3814211232 0 10.022204949 0
2458235.5 12.3065466204 0 10.9302466827 0
2458236.5 12.121642804 0 10.7489189634 0
2458237.5 12.288590582 0 10.9125875048 0
2458238.5 20.8569871205 0 19.3214270516 0
2458239.5 21.494380084 0 19.9469853917 0
2458240.5 21.7920178306 0 20.2393101388 0
2458241.5 22.214172406 0 20.6536752623 0
2458242.5 15.1353214363 0 13.7036019764 0
2458243.5 14.7755991938 0 13.3506312845 0
2458244.5 15.5383720879 0 14.0992593183 0
2458245.5 14.9016779041 0 13.4744553175 0
2458246.5 15.7658450607 0 14.3227773426 0
2458247.5 15.7967894692 0 14.3533038506 0
2458248.5 14.7569808418 0 13.3359523195 0
2458249.5 14.9567528852 0 13.5318408823 0
2458250.5 15.7560348744 0 14.3164359226 0
2458251.5 16.5114079215 0 15.0577306569 0
2458252.5 17.3980551976 0 15.9278113101 0
2458253.5 11.5560737498 0 10.192317206 0
2458254.5 11.4623119295 0 10.1002353124 0
2458255.5 10.7655984534 0 9.41634397732 0
2458256.5 11.6269451256 0 10.2616037444 0
2458257.5 17.940589215 0 16.4601418841 0
2458258.5 17.1111695377 0 15.6459690786 0
2458259.5 17.905823139 0 16.426004825 0
2458260.5 17.4683128475 0 15.9966486756 0
2458261.5 17.7881712773 0 16.3105450021 0
2458262.5 18.3931812737 0 16.9044310871 0
2458263.5 13.0462612254 0 11.6577874648 0
2458264.5 12.5773137661 0 11.1973804642 0
2458265.5 13.0817824363 0 11.6923531516 0
2458266.5 13.8039687065 0 12.401128622 0
2458267.5 13.2740388255 0 11.8809830421 0
2458268.5 12.5501875897 0 11.1706313552 0
2458269.5 11.547501716 0 10.1863354474 0
2458270.5 11.626395768 0 10.2637635922 0
2458271.5 11.8425292856 0 10.4757400396 0
2458272.5 12.1965305018 0 10.8232614699 0
2458273.5 20.8024003586 0 19.2678801299 0
2458274.5 20.2625671103 0 18.7381464658 0
2458275.5 20.5187042077 0 18.9896825352 0
2458276.5 20.5284804529 0 18.999088976 0
2458277.5 20.6107032246 0 19.0799465219 0
2458278.5 21.0193965077 0 19.4811591234 0
2458279.5 14.2525160019 0 12.8405385674 0
2458280.5 15.1218481062 0 13.6935774342 0
2458281.5 15.0984806216 0 13.670614122 0
2458282.5 14.9576285998 0 13.5324201311 0
2458283.5 19.5635974805 0 18.0539342779 0
2458284.5 19.922037506 0 18.4055441765 0
2458285.5 20.7170084954 0 19.185602979 0
2458286.5 20.5441361445 0 19.016098403 0
2458287.5 20.6124676125 0 19.0832124906 0
2458288.5 22.3304637221 0 20.7709705353 0
2458289.5 22.1889497585 0 20.6319481928 0
2458290.5 21.6620746301 0 20.1147591985 0
2458291.5 22.1619472698 0 20.6053796047 0
2458292.5 21.9245747074 0 20.3756469061 0
2458293.5 22.7763566296 0 21.2114954458 0
2458294.5 23.1153593389 0 21.5443255078 0
2458295.5 23.6748688142 0 22.0934015722 0
2458296.5 21.8857853561 0 20.3379192683 0
2458297.5 22.7482670214 0 21.1842894711 0
2458298.5 22.0599093877 0 20.5087457741 0
2458299.5 21.9250803362 0 20.3763321486 0
2458300.5 18.2935688024 0 16.8147728703 0
2458301.5 18.1339113698 0 16.6580724165 0
2458302.5 18.4732697617 0 16.9909527553 0
2458303.5 18.7658617849 0 17.2782133893 0
2458304.5 19.5305744313 0 18.0286633022 0
2458305.5 20.363815867 0 18.8464814339 0
2458306.5 17.4480198795 0 15.9849163307 0
2458307.5 16.954807313 0 15.5006639828 0
2458308.5 17.1149768429 0 15.6577018665 0
2458309.5 17.072672913 0 15.6161193336 0
2458310.5 16.7514322489 0 15.3009932968 0
2458311.5 16.7923663138 0 15.3384765513 0
2458312.5 15.9403704556 0 14.5022384515 0
2458313.5 15.913652666 0 14.4759410635 0
2458314.5 15.1115061335 0 13.6887484354 0
2458315.5 14.3195457265 0 12.9113035716 0
2458316.5 15.1879179657 0 13.7637219766 0
2458317.5 11.6471534283 0 10.2875397442 0
2458318.5 12.3586821107 0 10.9857493564 0
2458319.5 12.3774184189 0 11.0042017256 0
2458320.5 11.9632466128 0 10.5976639052 0
2458321.5 12.233812202 0 10.8634094807 0
2458322.5 15.59736365 0 14.1619908282 0
2458323.5 15.7308293388 0 14.2931530751 0
2458324.5 16.5543169305 0 15.1013096568 0
2458325.5 16.9762493257 0 15.5154069177 0
2458326.5 16.6599329381 0 15.2049187818 0
2458327.5 18.4662662326 0 16.9757320312 0
2458328.5 18.8594110666 0 17.3617300445 0
2458329.5 18.8326393873 0 17.3353246424 0
2458330.5 19.5257500728 0 18.0156525188 0
2458331.5 19.9625421307 0 18.4443159556 0
2458332.5 19.4970419948 0 17.9902680947 0
2458333.5 20.1489488715 0 18.6302584735 0
2458334.5 20.9244384643 0 19.3912149433 0
2458335.5 21.6281064425 0 20.0817416603 0
2458336.5 21.7772611983 0 20.228317203 0
2458337.5 21.836804818 0 20.2866986011 0
2458338.5 14.2228537401 0 12.816025751 0
2458339.5 13.9582194544 0 12.5564250783 0
2458340.5 13.2104542213 0 11.8225440328 0
2458341.5 13.4589813754 0 12.066503978 0
2458342.5 15.9985143148 0 14.5620361623 0
2458343.5 16.0544578583 0 14.6168969577 0
2458344.5 15.7341129076 0 14.3026446619 0
2458345.5 15.6156780125 0 14.1862267481 0
2458346.5 18.189611301 0 16.710636557 0
2458347.5 17.9079835677 0 16.4342217256 0
2458348.5 17.6369476572 0 16.1681758234 0
2458349.5 17.268685237 0 15.8065573437 0
2458350.5 17.389671161 0 15.9251504804 0
2458351.5 17.8203752873 0 16.3480041266 0
2458352.5 18.7165664037 0 17.2290230063 0
2458353.5 18.4578049797 0 16.9748561409 0
2458354.5 18.8786005531 0 17.3878414979 0
2458355.5 19.4593766974 0 17.9578567603 0
2458356.5 19.6260247337 0 18.1214063265 0
2458357.5 12.7817634751 0 11.4038019569 0
2458358.5 13.4441099986 0 12.0539102515 0
2458359.5 14.1098191369 0 12.7072963538 0
2458360.5 14.9997394546 0 13.5807188589 0
2458361.5 21.7111420397 0 20.1680980473 0
2458362.5 22.5992652894 0 21.0398829898 0
2458363.5 22.6424500117 0 21.0822360809 0
2458364.5 22.9910728399 0 21.424287366 0
2458365.5 14.8887662341 0 13.4733785989 0
2458366.5 15.7693124981 0 14.3376150231 0
2458367.5 16.1090878355 0 14.6709589523 0
2458368.5 16.2033217245 0 14.7635968438 0
2458369.5 16.0954952656 0 14.6577612057 0
2458370.5 15.30533929 0 13.8821332287 0
2458371.5 19.4754158792 0 17.976254579 0
2458372.5 18.5668434012 0 17.0844103338 0
2458373.5 18.6970678045 0 17.212027521 0
2458374.5 18.9591107255 0 17.4691673344 0
2458375.5 19.0639210491 0 17.5720748846 0
2458376.5 18.7408129741 0 17.2547844365 0
2458377.5 19.3646235564 0 17.8665136868 0
2458378.5 19.1920910457 0 17.6971538732 0
2458379.5 19.9110334594 0 18.4028188374 0
2458380.5 19.0683826779 0 17.5756468042 0
2458381.5 19.530402518 0 18.0291273655 0
2458382.5 20.4394832625 0 18.9214144733 0
2458383.5 15.7577126692 0 14.3294141713 0
2458384.5 16.3793603177 0 14.9393904401 0
2458385.5 16.0097421289 0 14.576714906 0
2458386.5 16.4690481564 0 15.0273638588 0
2458387.5 16.4182143793 0 14.9772899681 0
2458388.5 15.9005611063 0 14.4691180881 0
2458389.5 21.058490773 0 19.5291710339 0
2458390.5 21.357780919 0 19.8229924278 0
2458391.5 21.7952274223 0 20.2521577298 0
2458392.5 22.2298912758 0 20.6789400149 0
2458393.5 22.9915482558 0 21.4263436348 0
2458394.5 16.7991591366 0 15.3466059739 0
2458395.5 17.153139129 0 15.6941267073 0
2458396.5 17.9825123212 0 16.5080919628 0
2458397.5 17.9316983232 0 16.4582618793 0
2458398.5 17.8546787103 0 16.3826110702 0
2458399.5 21.2541140134 0 19.7185561946 0
2458400.5 21.3282250566 0 19.7912748046 0
2458401.5 21.669215476 0 20.1258588629 0
2458402.5 20.7638371268 0 19.2370903716 0
2458403.5 20.1540234539 0 18.6386006013 0
2458404.5 13.8356174155 0 12.4363830419 0
2458405.5 13.7400424756 0 12.342536854 0
2458406.5 12.9759926502 0 11.592806073 0
2458407.5 12.1721993628 0 10.803887983 0
2458408.5 13.8188922053 0 12.4181862289 0
2458409.5 13.6455818182 0 12.248255335 0
2458410.5 14.5211237651 0 13.1074255972 0
2458411.5 14.9045766436 0 13.4837201092 0
2458412.5 14.9510815253 0 13.5292943954 0
2458413.5 15.3230605892 0 13.8944212314 0
2458414.5 13.1016484918 0 11.7139245669 0
2458415.5 12.354287101 0 10.9802309172 0
2458416.5 13.1746965726 0 11.7855729915 0
2458417.5 13.6360769436 0 12.2385517833 0
2458418.5 18.6310210031 0 17.1428598733 0
2458419.5 18.490869689 0 17.0053195645 0
2458420.5 18.9822628214 0 17.4876035301 0
2458421.5 19.8929068245 0 18.3814249597 0
2458422.5 19.1992109821 0 17.7004756025 0
2458423.5 17.6744563843 0 16.2035875016 0
2458424.5 17.570219595 0 16.1011296143 0
2458425.5 17.5539954771 0 16.0850615651 0
2458426.5 17.0334410777 0 15.5741461847 0
2458427.5 19.4000223852 0 17.8990192297 0
2458428.5 19.8754253271 0 18.3656326348 0
2458429.5 19.7382966511 0 18.2310481618 0
2458430.5 19.0688969979 0 17.5739522946 0
2458431.5 18.9576298368 0 17.464711359 0
2458432.5 20.6672131668 0 19.1451155386 0
2458433.5 20.4151158361 0 18.897520002 0
2458434.5 20.3236939678 0 18.8078854383 0
2458435.5 20.6638227376 0 19.1416710599 0
2458436.5 19.344456832 0 17.8488743757 0
2458437.5 18.4885798492 0 17.0089812311 0
2458438.5 19.1762769904 0 17.6839030928 0
2458439.5 18.3521574938 0 16.874900124 0
2458440.5 18.3498339523 0 16.8749794917 0
2458441.5 18.5427023569 0 17.064253599 0
2458442.5 17.9749459025 0 16.5069020323 0
2458443.5 17.4653821136 0 16.0067053355 0
2458444.5 16.9786084164 0 15.5287626014 0
2458445.5 20.3013916296 0 18.7874545493 0
2458446.5 20.5712431381 0 19.0521860066 0
2458447.5 20.1303804506 0 18.6195405635 0
2458448.5 20.8758914269 0 19.3511114586 0
2458449.5 21.1930169393 0 19.6624086123 0
2458450.5 13.5682248822 0 12.1803703625 0
2458451.5 13.3716556865 0 11.9875273534 0
2458452.5 13.9820264163 0 12.58663515 0
2458453.5 13.3732032657 0 11.9892434516 0
2458454.5 13.2567670647 0 11.8750765723 0
2458455.5 15.9918778192 0 14.5580122149 0
2458456.5 16.9047447979 0 15.453827226 0
2458457.5 16.4178949281 0 14.9761549977 0
2458458.5 16.071379849 0 14.6358841946 0
2458459.5 15.8595191578 0 14.4277850667 0
2458460.5 13.5153762283 0 12.1268143925 0
2458461.5 14.1081804662 0 12.708760903 0
2458462.5 14.0037823781 0 12.6061514194 0
2458463.5 14.8850339158 0 13.4712639496 0
2458464.5 15.7915042594 0 14.3607335435 0
2458465.5 17.0046767725 0 15.5499284429 0
2458466.5 16.8685057076 0 15.4164771498 0
2458467.5 16.0198685993 0 14.5834444925 0
2458468.5 16.4828719294 0 15.0377396165 0
2458469.5 17.4064018808 0 15.9442436719 0
2458470.5 17.9807914488 0 16.5080370946 0
2458471.5 14.5571641528 0 13.1462376007 0
2458472.5 14.0378405896 0 12.6365823977 0
2458473.5 14.8265300707 0 13.4106263255 0
2458474.5 15.13512062 0 13.7134058577 0
2458475.5 14.9479743413 0 13.5297265238 0
2458476.5 13.8170025015 0 12.4197843938 0
2458477.5 14.0781785489 0 12.6761687709 0
2458478.5 13.2938495897 0 11.90638447 0
2458479.5 13.7572551521 0 12.3611518738 0
2458480.5 13.7380975628 0 12.3423330757 0
2458481.5 21.0666055924 0 19.5355831215 0
2458482.5 20.2049401557 0 18.6899023452 0
2458483.5 20.6592723413 0 19.1358306609 0
2458484.5 20.4061927241 0 18.8875137051 0
2458485.5 21.0309683788 0 19.5007505245 0
2458486.5 20.0461984689 0 18.5324077676 0
2458487.5 20.1520062351 0 18.6362451288 0
2458488.5 20.5242082581 0 19.0016409098 0
2458489.5 20.3396572932 0 18.8204444403 0
2458490.5 20.5883632156 0 19.0643873937 0
2458491.5 20.9561946874 0 19.4252926299 0
2458492.5 20.8829877609 0 19.3509155725 0
2458493.5 21.2844482001 0 19.7449719692 0
2458494.5 21.9079359905 0 20.3568269562 0
2458495.5 22.0996979092 0 20.5450166353 0
2458496.5 14.7341079267 0 13.3163761255 0
2458497.5 14.8825550861 0 13.4619126804 0
2458498.5 15.5829280071 0 14.1492859054 0
2458499.5 15.799542311 0 14.361833817 0
2458500.5 18.1888032213 0 16.7082461843 0
2458501.5 18.5815235074 0 17.0938473808 0
2458502.5 18.5896296193 0 17.1016099755 0
2458503.5 18.3102783947 0 16.8276288458 0
2458504.5 18.2783112058 0 16.796392721 0
2458505.5 17.8506112956 0 16.3765528049 0
2458506.5 18.4607730885 0 16.9739154132 0
2458507.5 18.9114422981 0 17.4161742365 0
2458508.5 18.7342942975 0 17.2422215603 0
2458509.5 18.6463402101 0 17.155819703 0
2458510.5 18.1029913586 0 16.6225198018 0
2458511.5 17.4729424992 0 16.0041365675 0
2458512.5 21.2547431698 0 19.7159261382 0
2458513.5 21.264016872 0 19.7248858502 0
2458514.5 21.1631019599 0 19.625870871 0
2458515.5 21.4888304203 0 19.9454499612 0
2458516.5 21.7323322648 0 20.1846233084 0
2458517.5 16.4777214627 0 15.0267239263 0
2458518.5 17.0254267319 0 15.5642794357 0
2458519.5 17.7863662555 0 16.3111525209 0
2458520.5 18.6249228573 0 17.134023239 0
2458521.5 17.7139154619 0 16.2399798796 0
2458522.5 12.7787060403 0 11.3979798759 0
2458523.5 12.55548106 0 11.1787565871 0
2458524.5 13.0902118672 0 11.7035213127 0
2458525.5 12.9640964585 0 11.5798627769 0
2458526.5 12.8308294827 0 11.4492139251 0
2458527.5 13.6861072453 0 12.288513732 0
2458528.5 22.1143479606 0 20.5628655999 0
2458529.5 21.3026016321 0 19.7661244917 0
2458530.5 20.4983404526 0 18.9766540202 0
2458531.5 20.454625864 0 18.9336104322 0
2458532.5 21.1100637885 0 19.5791902304 0
2458533.5 20.5810064148 0 19.0598187972 0
2458534.5 21.4371275293 0 19.9001833973 0
2458535.5 21.8401036655 0 20.2956748208 0
2458536.5 16.2010809964 0 14.7599960956 0
2458537.5 16.0275687183 0 14.5898245627 0
2458538.5 16.2274754915 0 14.7858309701 0
2458539.5 16.4047890064 0 14.9597608212 0
2458540.5 19.8561894213 0 18.3483337715 0
2458541.5 19.8106153984 0 18.3037579991 0
2458542.5 18.9070673135 0 17.4171023077 0
2458543.5 18.7125235328 0 17.2260426658 0
2458544.5 19.6258724095 0 18.122559054 0
2458545.5 19.2199847443 0 17.7243407633 0
2458546.5 19.8320940142 0 18.3246842179 0
2458547.5 19.1177173445 0 17.6235936744 0
2458548.5 18.9207878438 0 17.4303340608 0
2458549.5 18.6299624032 0 17.1447110024 0
2458550.5 18.4284420462 0 16.9468792163 0
2458551.5 15.8089413996 0 14.3734475001 0
2458552.5 16.0626447532 0 14.6223480007 0
2458553.5 15.6450230872 0 14.212491671 0
2458554.5 15.5647102104 0 14.1335953623 0
2458555.5 15.6799261923 0 14.2467238517 0
2458556.5 15.9293943324 0 14.4916105833 0
2458557.5 19.5384559428 0 18.0346249525 0
2458558.5 19.3707031349 0 17.8700763534 0
2458559.5 19.8332350008 0 18.3241155907 0
2458560.5 18.9041525061 0 17.4123416617 0
2458561.5 15.0829777333 0 13.6618463706 0
2458562.5 15.5464627193 0 14.1169035117 0
2458563.5 15.5355251416 0 14.1061476345 0
2458564.5 14.6474665542 0 13.2343742459 0
2458565.5 14.6589009715 0 13.2456769004 0
2458566.5 13.0890548537 0 11.7057283611 0
2458567.5 13.1407304564 0 11.7566039721 0
2458568.5 13.4264696306 0 12.0368658435 0
2458569.5 13.4205745526 0 12.0310184318 0
2458570.5 13.3730644707 0 11.9843004189 0
2458571.5 13.2599843051 0 11.8734145777 0
2458572.5 14.0781381373 0 12.6743724932 0
2458573.5 14.3669985748 0 12.9578324282 0
2458574.5 14.5906679998 0 13.1773288996 0
2458575.5 15.1826583164 0 13.7582759667 0
2458576.5 15.9968914952 0 14.5575693196 0
2458577.5 12.6746598918 0 11.296771173 0
2458578.5 12.101851478 0 10.7344746131 0
2458579.5 12.2944857874 0 10.9235022049 0
2458580.5 11.8939968034 0 10.5306255257 0
2458581.5 11.9350768262 0 10.5690614917 0
2458582.5 12.8100686083 0 11.4276942708 0
2458583.5 12.4364270725 0 11.0609841383 0
2458584.5 12.2300614567 0 10.8585919657 0
2458585.5 11.4926240628 0 10.1346723914 0
2458586.5 11.858886989 0 10.4941030175 0
2458587.5 17.8372941294 0 16.3593005673 0
2458588.5 17.0796818448 0 15.615709215 0
2458589.5 17.6839421919 0 16.2087194066 0
2458590.5 18.0454078948 0 16.5634461979 0
2458591.5 16.5052459616 0 15.0507898521 0
2458592.5 16.6694817166 0 15.2120517312 0
2458593.5 16.0457893253 0 14.6000636771 0
2458594.5 16.0647744701 0 14.6188365242 0
2458595.5 13.2040092513 0 11.8097264996 0
2458596.5 12.2742322772 0 10.8970296114 0
2458597.5 11.5101035324 0 10.1471312589 0
2458598.5 12.3940909275 0 11.0147562359 0
2458599.5 12.2990354328 0 10.9215356902 0
2458600.5 11.6288523041 0 10.263710298 0
2458601.5 16.7080446062 0 15.2501963464 0
2458602.5 16.8402999758 0 15.3801944087 0
2458603.5 17.0326931715 0 15.5688596105 0
2458604.5 17.9065720662 0 16.4263908908 0
2458605.5 12.282429498 0 10.9037459083 0
2458606.5 11.7487422647 0 10.3798515908 0
2458607.5 12.5719775434 0 11.1877902655 0
2458608.5 13.0965322166 0 11.7026483955 0
2458609.5 17.1050728817 0 15.635998046 0
2458610.5 16.2952087237 0 14.8411590434 0
2458611.5 16.388528567 0 14.9328969846 0
2458612.5 16.7408528946 0 15.2787293384 0
2458613.5 17.5288056171 0 16.0521559558 0
2458614.5 16.9766656185 0 15.5101613387 0
2458615.5 16.665157713 0 15.2051242771 0
2458616.5 16.3557447779 0 14.9015926182 0
2458617.5 16.5890967747 0 15.1306171274 0
2458618.5 16.2374901944 0 14.7853479565 0
2458619.5 16.8932440112 0 15.4291003845 0
2458620.5 17.8000105558 0 16.3190791614 0
2458621.5 19.076127814 0 17.5734871395 0
2458622.5 18.6666621749 0 17.171796435 0
2458623.5 19.0530421408 0 17.5510974248 0
2458624.5 18.1237166706 0 16.6389495558 0
2458625.5 21.9061890363 0 20.3508566542 0
2458626.5 21.322872423 0 19.7784019395 0
2458627.5 21.3743433486 0 19.8290352798 0
2458628.5 21.4845112415 0 19.9372158302 0
2458629.5 16.3621399021 0 14.9086303581 0
2458630.5 16.7998420155 0 15.3383282704 0
2458631.5 15.8909491475 0 14.4463842008 0
2458632.5 16.3875916478 0 14.9336341547 0
2458633.5 15.4642468007 0 14.0273750961 0
2458634.5 13.1252746349 0 11.73158942 0
2458635.5 13.0435330682 0 11.6513068011 0
2458636.5 12.7797435685 0 11.3925916543 0
2458637.5 12.9751808366 0 11.584549855 0
2458638.5 12.1577041696 0 10.7822422294 0
2458639.5 14.0265163667 0 12.6150439151 0
2458640.5 13.4835538178 0 12.0823265221 0
2458641.5 13.8874774637 0 12.4785634393 0
2458642.5 13.335927465 0 11.9371896247 0
2458643.5 12.9339776219 0 11.542829455 0
2458644.5 20.7080626243 0 19.1702924602 0
2458645.5 20.306308585 0 18.7759326504 0
2458646.5 19.9610327397 0 18.4372258394 0
2458647.5 19.7574062421 0 18.2372998031 0
2458648.5 19.0103216945 0 17.5039585273 0
2458649.5 18.6454022028 0 17.1456804475 0
2458650.5 18.0170570205 0 16.5263640109 0
2458651.5 17.4788519598 0 15.9981938042 0
2458652.5 16.8941558758 0 15.4244218221 0
2458653.5 16.2661060357 0 14.807832963 0
2458654.5 16.9136239089 0 15.4433567483 0
2458655.5 19.4631691321 0 17.9456346553 0
2458656.5 19.8102917048 0 18.2865154862 0
2458657.5 19.2979231875 0 17.7836835118 0
2458658.5 19.7278756881 0 18.2057197498 0
2458659.5 20.6309609448 0 19.0920191619 0
2458660.5 19.3386395538 0 17.8210997667 0
2458661.5 19.7506568637 0 18.2253152357 0
2458662.5 19.0686602975 0 17.5560957561 0
2458663.5 18.337649872 0 16.8384671572 0
2458664.5 18.3460181532 0 16.8467512136 0
2458665.5 20.1459218264 0 18.6149588785 0
2458666.5 19.4910988294 0 17.9722160224 0
2458667.5 19.3009843342 0 17.7857336523 0
2458668.5 19.678477667 0 18.1561757833 0
2458669.5 19.6834597393 0 18.1610672183 0
2458670.5 21.497491344 0 19.9427758966 0
2458671.5 22.1838118412 0 20.6162736948 0
2458672.5 23.0879335911 0 21.5034909387 0
2458673.5 23.6842448736 0 22.0888375388 0
2458674.5 23.9268049737 0 22.3271141644 0
2458675.5 23.8494307475 0 22.2513534901 0
2458676.5 13.326017053 0 11.9202230075 0
2458677.5 13.3308664269 0 11.9250438924 0
2458678.5 12.8148379149 0 11.4183943875 0
2458679.5 12.9846532149 0 11.5849854143 0
2458680.5 12.2336099999 0 10.8476971595 0
2458681.5 11.9057750342 0 10.5258131197 0
2458682.5 17.029673598 0 15.5559570645 0
2458683.5 16.2731870091 0 14.8135485365 0
2458684.5 16.8095810521 0 15.3399208282 0
2458685.5 17.3284547872 0 15.8493115849 0
2458686.5 18.0395571463 0 16.5474249518 0
2458687.5 17.9229492096 0 16.4328162243 0
2458688.5 16.4509291613 0 14.9874478967 0
2458689.5 17.0205951203 0 15.5466498799 0
2458690.5 16.4595374797 0 14.9959739637 0
2458691.5 15.5284339946 0 14.0819536799 0
2458692.5 14.922165848 0 13.4869925492 0
2458693.5 17.4104644281 0 15.9266483064 0
2458694.5 18.2393340738 0 16.7400502785 0
2458695.5 18.1328663248 0 16.6355451202 0
2458696.5 17.3116792517 0 15.8297271778 0
2458697.5 16.9498475167 0 15.4744913139 0
2458698.5 21.1035798452 0 19.5525835172 0
2458699.5 21.26222613 0 19.7081353843 0
2458700.5 22.1533174178 0 20.5827281738 0
2458701.5 22.8230401213 0 21.240224841 0
2458702.5 18.0196112621 0 16.5272895472 0
2458703.5 18.4320599597 0 16.9322489788 0
2458704.5 17.554544826 0 16.0708018578 0
2458705.5 18.3251317194 0 16.8272484105 0
2458706.5 18.7988191557 0 17.2920544721 0
2458707.5 21.4438434536 0 19.8867483085 0
2458708.5 21.1518266138 0 19.6001125055 0
2458709.5 21.6372820546 0 20.0766078287 0
2458710.5 21.8258079389 0 20.2618241236 0
2458711.5 20.9165126943 0 19.3694431863 0
2458712.5 21.5357649569 0 19.9771506897 0
2458713.5 16.2606196533 0 14.8016678482 0
2458714.5 17.1907252483 0 15.7147156686 0
2458715.5 17.5529119759 0 16.0701508581 0
2458716.5 17.888999994 0 16.3999998831 0
2458717.5 14.4378201912 0 13.01310913 0
2458718.5 13.9345399133 0 12.5192071702 0
2458719.5 14.2894421867 0 12.8675934151 0
2458720.5 14.5828247345 0 13.155655318 0
2458721.5 15.2564858635 0 13.8166651133 0
2458722.5 17.9666382564 0 16.4793882115 0
2458723.5 17.8976757016 0 16.4117622472 0
2458724.5 18.8325823329 0 17.329521426 0
2458725.5 19.5198727527 0 18.0040604311 0
2458726.5 19.346600721 0 17.8339045906 0
2458727.5 22.0126753882 0 20.4538384401 0
2458728.5 21.6282854415 0 20.0766428991 0
2458729.5 21.0896592391 0 19.5478753489 0
2458730.5 21.0273424337 0 19.4866276895 0
2458731.5 20.1080814248 0 18.5842731542 0
2458732.5 20.905895735 0 19.3674859655 0
2458733.5 16.2147275334 0 14.7649845294 0
2458734.5 16.892667348 0 15.4303554051 0
2458735.5 16.3140695649 0 14.8626548017 0
2458736.5 16.9713022496 0 15.5076378708 0
2458737.5 16.4577952966 0 15.0037506321 0
2458738.5 17.0225531625 0 15.5581680638 0
2458739.5 20.1692456555 0 18.6495847142 0
2458740.5 20.8746023977 0 19.3419522806 0
2458741.5 20.1340432657 0 18.6152096416 0
2458742.5 19.7506879305 0 18.2387550374 0
2458743.5 19.8649763787 0 18.3510014019 0
2458744.5 20.3409800674 0 18.8182719322 0
2458745.5 11.6075727464 0 10.2469660321 0
2458746.5 12.5366625508 0 11.1588276919 0
2458747.5 11.6650047345 0 10.3032452252 0
2458748.5 10.9331305588 0 9.58490950349 0
2458749.5 11.3122354953 0 9.95715882002 0
2458750.5 11.390291526 0 10.0337606058 0
2458751.5 15.0416760607 0 13.6200643735 0
2458752.5 15.8725320215 0 14.4356306264 0
2458753.5 15.2238485503 0 13.7989506053 0
2458754.5 15.829678686 0 14.3936420813 0
2458755.5 16.3252616885 0 14.8801966289 0
2458756.5 15.0451252069 0 13.6213548764 0
2458757.5 14.681479874 0 13.2644400172 0
2458758.5 13.8178815174 0 12.4167020237 0
2458759.5 13.7905095175 0 12.3900351091 0
2458760.5 13.4248079012 0 12.0310261858 0
2458761.5 14.3508057007 0 12.9397871569 0
2458762.5 14.4923171048 0 13.0806934923 0
2458763.5 15.0936512114 0 13.6708378564 0
2458764.5 15.5203645932 0 14.0895393256 0
2458765.5 16.035131142 0 14.5946872227 0
2458766.5 18.3097570866 0 16.8282901034 0
2458767.5 17.8036874688 0 16.3314304008 0
2458768.5 18.7195321819 0 17.230325671 0
2458769.5 19.0031562269 0 17.5088130892 0
2458770.5 18.1553929947 0 16.6766777109 0
2458771.5 15.5478900504 0 14.116391928 0
2458772.5 16.3017471387 0 14.8564119881 0
2458773.5 15.8261527503 0 14.3894451664 0
2458774.5 16.3843741535 0 14.9372465726 0
2458775.5 18.4298147995 0 16.9445847427 0
2458776.5 18.1590563584 0 16.6788991009 0
2458777.5 18.0431070317 0 16.5649305685 0
2458778.5 18.9421996096 0 17.4473390757 0
2458779.5 19.7565746966 0 18.2464895861 0
2458780.5 19.9426296473 0 18.4292951821 0
2458781.5 11.8939918328 0 10.5282926889 0
2458782.5 11.8477433213 0 10.4828030967 0
2458783.5 11.1158757942 0 9.76436998882 0
2458784.5 11.6693346952 0 10.3076254835 0
2458785.5 10.891638049 0 9.54452564335 0
2458786.5 18.5551310755 0 17.0684386784 0
2458787.5 18.1823204526 0 16.7027140353 0
2458788.5 17.5276676499 0 16.0600847371 0
2458789.5 18.2069960134 0 16.7266289417 0
2458790.5 16.5478643872 0 15.0962938487 0
2458791.5 16.7306877714 0 15.2758923403 0
2458792.5 16.607968943 0 15.1553177363 0
2458793.5 16.063773006 0 14.6211195681 0
2458794.5 16.3804268179 0 14.9321001379 0
2458795.5 12.3535980712 0 10.9811887381 0
2458796.5 12.8053165645 0 11.4244433864 0
2458797.5 13.692377286 0 12.2951445886 0
2458798.5 14.0301215597 0 12.6265092464 0
2458799.5 14.2893682675 0 12.881053701 0
2458800.5 14.7847164419 0 13.3670838097 0
2458801.5 22.0335505878 0 20.4798312745 0
2458802.5 21.9157035716 0 20.3640027398 0
2458803.5 21.2153472387 0 19.6767470677 0
2458804.5 20.3454239233 0 18.822751262 0
2458805.5 20.3216604539 0 18.7992570237 0
2458806.5 19.6340472661 0 18.124365792 0
2458807.5 20.7477278071 0 19.2194476175 0
2458808.5 20.2641814539 0 18.7447611585 0
2458809.5 20.6103770545 0 19.0843989455 0
2458810.5 21.4551198556 0 19.9135371367 0
2458811.5 22.3043284216 0 20.7471358516 0
2458812.5 22.9857273697 0 21.4158245832 0
2458813.5 21.4760657249 0 19.9341490412 0
2458814.5 20.7868549638 0 19.2578907579 0
2458815.5 20.9337808151 0 19.402104928 0
2458816.5 21.7314396282 0 20.1850600704 0
2458817.5 16.8288241977 0 15.3714061633 0
2458818.5 17.0273113188 0 15.5662656351 0
2458819.5 17.2791795016 0 15.8134705351 0
2458820.5 17.1267581892 0 15.664059285 0
2458821.5 16.3258322137 0 14.8778753009 0
2458822.5 15.4152463361 0 13.9842270587 0
2458823.5 17.4285240888 0 15.9597660851 0
2458824.5 16.986735285 0 15.5262348906 0
2458825.5 17.6714115186 0 16.1980292913 0
2458826.5 18.5445113745 0 17.0550670702 0
2458827.5 18.306458074 0 16.8215502643 0
2458828.5 12.1297880731 0 10.7566663592 0
2458829.5 12.1707168123 0 10.7967085024 0
2458830.5 12.4123957453 0 11.0338102401 0
2458831.5 11.8836378408 0 10.5149973571 0
2458832.5 13.5812045742 0 12.1802458055 0
2458833.5 13.5425639374 0 12.1425043987 0
2458834.5 13.1303625848 0 11.7380366427 0
2458835.5 12.6021017401 0 11.219548874 0
2458836.5 13.3775522552 0 11.9805573886 0
2458837.5 14.0795055376 0 12.6693347349 0
2458838.5 14.049798118 0 12.640806264 0
2458839.5 13.8205832977 0 12.4157612334 0
2458840.5 13.9403704389 0 12.5334174837 0
2458841.5 14.6507500458 0 13.2305177837 0
2458842.5 13.8586886578 0 12.4530241415 0
2458843.5 15.8973503852 0 14.4552877769 0
2458844.5 15.2039733751 0 13.7748645442 0
2458845.5 15.0019027905 0 13.5764496349 0
2458846.5 15.1443906277 0 13.7163297174 0
2458847.5 15.687896103 0 14.2499604486 0
2458848.5 15.9059757643 0 14.4635572532 0
2458849.5 15.4689609067 0 14.0344965814 0
2458850.5 16.098528705 0 14.6522323604 0
2458851.5 16.6541511573 0 15.1974258794 0
2458852.5 16.0427823533 0 14.5972173963 0
2458853.5 17.4749373933 0 16.0060650417 0
2458854.5 17.7532244717 0 16.2790554742 0
2458855.5 17.3596968202 0 15.8927722834 0
2458856.5 16.8422111248 0 15.3849676483 0
2458857.5 15.3297993669 0 13.902786162 0
2458858.5 14.7301469806 0 13.3143588195 0
2458859.5 15.3153907314 0 13.8885706947 0
2458860.5 16.0861203632 0 14.6451447182 0
2458861.5 15.6622566616 0 14.2290270837 0
2458862.5 15.9097059115 0 14.4720457464 0
2458863.5 18.9733643394 0 17.4772166055 0
2458864.5 18.3988056003 0 16.913488527 0
2458865.5 18.8770463362 0 17.3829761173 0
2458866.5 18.4376454884 0 16.9515181383 0
2458867.5 17.6465793728 0 16.1745090817 0
2458868.5 17.5076958739 0 16.0381949335 0
2458869.5 17.3808502152 0 15.9138080842 0
2458870.5 17.58657906 0 16.1157717188 0
2458871.5 16.7627415327 0 15.3071914306 0
2458872.5 16.1597909616 0 14.7127081234 0
2458873.5 16.6671826821 0 15.2107729618 0
2458874.5 16.4836857407 0 15.0307894347 0
2458875.5 16.1034034453 0 14.6575299112 0
2458876.5 16.1072071896 0 14.6611459544 0
2458877.5 15.9646209128 0 14.5210979205 0
2458878.5 15.3281406382 0 13.8973261186 0
2458879.5 15.5842032745 0 14.1488138627 0
2458880.5 15.0526910744 0 13.6272504948 0
2458881.5 15.7542611432 0 14.3156720011 0
2458882.5 16.3524752528 0 14.9027713461 0
2458883.5 15.5745423719 0 14.1393264113 0
2458884.5 14.979744623 0 13.5553603572 0
2458885.5 15.2872982396 0 13.8571861605 0
2458886.5 16.0784899424 0 14.6335280906 0
2458887.5 15.199596817 0 13.7710712364 0
2458888.5 18.6264449518 0 17.1357483354 0
2458889.5 18.9951500709 0 17.4977808531 0
2458890.5 18.9527948456 0 17.4562939131 0
2458891.5 19.6351003272 0 18.1260002476 0
2458892.5 21.2412914075 0 19.7029614217 0
2458893.5 20.4850915413 0 18.960891713 0
2458894.5 20.4880497341 0 18.9636888589 0
2458895.5 19.9109484358 0 18.3972109498 0
2458896.5 20.360941081 0 18.8389620713 0
2458897.5 20.9254952049 0 19.3930658275 0
2458898.5 18.347073239 0 16.8634225885 0
2458899.5 18.4306759233 0 16.9453713944 0
2458900.5 18.6459102545 0 17.156501564 0
2458901.5 19.3089075334 0 17.8070254642 0
2458902.5 20.0131391781 0 18.4981458855 0
2458903.5 19.9273059144 0 18.4138869352 0
2458904.5 17.3283991652 0 15.863232979 0
2458905.5 17.2329127764 0 15.7695868605 0
2458906.5 16.8192794689 0 15.3636666651 0
2458907.5 15.9009419234 0 14.4624548487 0
2458908.5 15.5471889104 0 14.1151815467 0
2458909.5 13.8461017506 0 12.4455697418 0
2458910.5 14.0882290915 0 12.6830279755 0
2458911.5 13.4559689184 0 12.0626579526 0
2458912.5 13.3545828605 0 11.9631711187 0
2458913.5 13.9237368375 0 12.5216105786 0
2458914.5 14.1218745057 0 12.7159193546 0
2458915.5 12.7901843859 0 11.4117307661 0
2458916.5 12.9339387605 0 11.5529572686 0
2458917.5 12.0811203762 0 10.71588142 0
2458918.5 12.7480272735 0 11.3704368515 0
2458919.5 13.1468630973 0 11.7608250023 0
2458920.5 13.0167882078 0 11.6332566524 0
2458921.5 12.0920346714 0 10.7255291375 0
2458922.5 12.3606895588 0 10.9891653573 0
2458923.5 13.0964374296 0 11.7113137369 0
2458924.5 17.3573455537 0 15.8922495932 0
2458925.5 17.1280099787 0 15.6672266157 0
2458926.5 17.4791693144 0 16.0117153299 0
2458927.5 16.6920208863 0 15.2389578879 0
2458928.5 16.8721185974 0 15.4165378587 0
2458929.5 16.2347231466 0 14.7907687686 0
2458930.5 15.5471252909 0 14.1159551311 0
2458931.5 14.8554269527 0 13.4370889093 0
2458932.5 15.6941880275 0 14.2602947585 0
2458933.5 11.8532326345 0 10.4908407555 0
2458934.5 11.8328767705 0 10.4707130283 0
2458935.5 11.0307882386 0 9.68359277823 0
2458936.5 11.508356327 0 10.1521471199 0
2458937.5 13.2690911179 0 11.8801287903 0
2458938.5 13.1954837631 0 11.8080231692 0
2458939.5 14.0276331135 0 12.6245431897 0
2458940.5 13.7846828436 0 12.3862309687 0
2458941.5 12.8919099546 0 11.5100904441 0
2458942.5 13.5454500028 0 12.1514247915 0
2458943.5 17.0618773255 0 15.6037976494 0
2458944.5 16.4133119268 0 14.9672177672 0
2458945.5 15.8599210832 0 14.4241798287 0
2458946.5 15.8515157821 0 14.4158645886 0
2458947.5 15.6847616194 0 14.2520077899 0
2458948.5 15.8895280658 0 14.4529144758 0
2458949.5 18.683900436 0 17.1966840373 0
2458950.5 19.6127408657 0 18.1083505955 0
2458951.5 19.7267954262 0 18.2203358372 0
2458952.5 20.6196625234 0 19.0965706064 0
2458953.5 20.540859812 0 19.0193139761 0
2458954.5 20.6712361896 0 19.1474534262 0
2458955.5 13.8111227362 0 12.4159842959 0
2458956.5 13.6614051687 0 12.2689967593 0
2458957.5 14.0387459526 0 12.6391933884 0
2458958.5 13.5403267132 0 12.1499254888 0
2458959.5 13.9704223038 0 12.5720252267 0
2458960.5 14.7092586977 0 13.2971692796 0
2458961.5 14.936104564 0 13.5213973623 0
2458962.5 14.9027028496 0 13.4885229079 0
2458963.5 13.9958112328 0 12.5985375677 0
2458964.5 14.6832407474 0 13.273020704 0
2458965.5 14.2188584066 0 12.8172668025 0
2458966.5 13.3991360949 0 12.0128133234 0
2458967.5 19.0087919933 0 17.5170594066 0
2458968.5 18.1722553198 0 16.696067092 0
2458969.5 18.3328433535 0 16.853818661 0
2458970.5 18.0668930048 0 16.5929167192 0
2458971.5 19.4785049814 0 17.9801573208 0
2458972.5 19.5251911255 0 18.0259407088 0
2458973.5 19.2356539825 0 17.7416080525 0
2458974.5 18.7797356005 0 17.2939746606 0
2458975.5 18.3842507531 0 16.9057141095 0
2458976.5 15.2967690837 0 13.8737775448 0
2458977.5 16.1771905601 0 14.7380663158 0
2458978.5 15.2427028969 0 13.8208757258 0
2458979.5 14.3266747956 0 12.9216852646 0
2458980.5 14.4676129959 0 13.0600150696 0
2458981.5 13.7511936455 0 12.3566831247 0
2458982.5 14.6819690341 0 13.2723365157 0
2458983.5 14.8798058322 0 13.4664629501 0
2458984.5 15.3917855002 0 13.9689738028 0
2458985.5 14.4942165869 0 13.0878539184 0
2458986.5 12.20559582 0 10.8440336499 0
2458987.5 12.3552796545 0 10.9908012696 0
2458988.5 11.5308848608 0 10.1815986052 0
2458989.5 11.8127865604 0 10.4583133779 0
2458990.5 11.3966365993 0 10.0499547362 0
2458991.5 16.238926155 0 14.8008984217 0
2458992.5 16.4554662159 0 15.0132332527 0
2458993.5 15.8335648947 0 14.402716691 0
2458994.5 15.978269688 0 14.5449011308 0
2458995.5 15.5058866048 0 14.0811000679 0
2458996.5 19.331013628 0 17.8334101634 0
2458997.5 19.7919217995 0 18.2857184115 0
2458998.5 20.3493368035 0 18.8328031576 0
2458999.5 19.5726824352 0 18.0706947901 0
2459000.5 18.9844379518 0 17.4931737657 0
2459001.5 15.0403977477 0 13.6210847009 0
2459002.5 14.5346180069 0 13.1245365763 0
2459003.5 14.8460465222 0 13.4303443852 0
2459004.5 14.759275637 0 13.3453218754 0
2459005.5 15.1098835492 0 13.6893099772 0
2459006.5 14.1565640229 0 12.7539808009 0
2459007.5 14.1175203313 0 12.7157261094 0
2459008.5 13.5962486592 0 12.20422325 0
2459009.5 13.5891312393 0 12.1972170643 0
2459010.5 13.1602966531 0 11.7763392273 0
2459011.5 12.6817428695 0 11.3068592517 0
2459012.5 18.6487883959 0 17.1623322386 0
2459013.5 17.9401487832 0 16.4666491474 0
2459014.5 17.6071955643 0 16.1397495476 0
2459015.5 18.5271880613 0 17.0428610718 0
2459016.5 17.7831891617 0 16.3126282495 0
2459017.5 18.2850205837 0 16.8050726563 0
2459018.5 16.3766862948 0 14.9321817343 0
2459019.5 16.5487388189 0 15.1008464552 0
2459020.5 15.8805770902 0 14.4451030353 0
2459021.5 15.0376879073 0 13.6178490441 0
2459022.5 14.7115404483 0 13.2977907448 0
2459023.5 14.9068920525 0 13.4876011983 0
2459024.5 14.5939616628 0 13.1806165215 0
2459025.5 13.7860857365 0 12.3878894786 0
2459026.5 13.1368368466 0 11.7507023612 0
2459027.5 13.5615422049 0 12.1674587928 0
2459028.5 12.7550636181 0 11.3760008867 0
2459029.5 20.9386618137 0 19.4068609477 0
2459030.5 20.0330743581 0 18.5180405253 0
2459031.5 20.8790589837 0 19.3485218111 0
2459032.5 21.7443307331 0 20.1976838859 0
2459033.5 21.5052937393 0 19.9629586307 0
2459034.5 12.8492638622 0 11.4704218831 0
2459035.5 13.2750601196 0 11.8882646496 0
2459036.5 13.8853448571 0 12.4874253586 0
2459037.5 14.5444913848 0 13.1341888035 0
2459038.5 19.8964432752 0 18.3878234977 0
2459039.5 20.3409962685 0 18.8243318232 0
2459040.5 20.0866616085 0 18.5746377807 0
2459041.5 20.506089395 0 18.9861594339 0
2459042.5 20.1153433163 0 18.6026303839 0
2459043.5 12.7335033408 0 11.3556596273 0
2459044.5 13.3578404459 0 11.9682488458 0
2459045.5 12.5998011348 0 11.2241543275 0
2459046.5 12.5749502091 0 11.1997928656 0
2459047.5 11.7385636626 0 10.3790726795 0
2459048.5 20.5707133394 0 19.0494759672 0
2459049.5 20.5531274823 0 19.0322674591 0
2459050.5 21.1463932643 0 19.6147377333 0
2459051.5 20.7515824287 0 19.2272181229 0
2459052.5 19.9986664495 0 18.4880739589 0
2459053.5 18.7534318339 0 17.2644879746 0
2459054.5 19.3829247903 0 17.8822857066 0
2459055.5 20.2767775458 0 18.7595730797 0
2459056.5 19.4808084074 0 17.9785106905 0
2459057.5 19.0179851181 0 17.5241016859 0
2459058.5 13.6780883235 0 12.2843202627 0
2459059.5 12.8544634872 0 11.475891539 0
2459060.5 11.9758646816 0 10.6135293043 0
2459061.5 12.6966623777 0 11.320835045 0
2459062.5 12.9673926062 0 11.5865304412 0
2459063.5 17.7253815781 0 16.2540840298 0
2459064.5 17.4934931764 0 16.0266660986 0
2459065.5 17.7702847718 0 16.2982497245 0
2459066.5 18.3851355999 0 16.9016061299 0
2459067.5 18.6805351617 0 17.1914302111 0
2459068.5 20.4147012047 0 18.8935442641 0
2459069.5 20.7648295391 0 19.2371134941 0
2459070.5 21.2166746108 0 19.6804860354 0
2459071.5 22.000771776 0 20.4501581786 0
2459072.5 22.9408469764 0 21.3729982193 0
2459073.5 17.8959444488 0 16.4234669145 0
2459074.5 18.1740279732 0 16.696554439 0
2459075.5 18.4880310702 0 17.0049341189 0
2459076.5 19.0401390527 0 17.5467077278 0
2459077.5 18.2899840465 0 16.8105777295 0
2459078.5 18.7106828819 0 17.2234760677 0
2459079.5 20.5594267394 0 19.0353428935 0
2459080.5 21.4818444704 0 19.9405739439 0
2459081.5 21.3044837439 0 19.7665771341 0
2459082.5 20.9852235287 0 19.4531198167 0
2459083.5 18.9122309853 0 17.4202130536 0
2459084.5 18.4951429385 0 17.0108464583 0
2459085.5 18.0111928857 0 16.5359508061 0
2459086.5 18.773961042 0 17.2845677464 0
2459087.5 18.1787267789 0 16.7001679331 0
