2457258.5 17.2692258509 0 15.827839693 0
2457259.5 16.9363287654 0 15.5011289761 0
2457260.5 17.0501113714 0 15.612741338 0
2457261.5 16.4030751062 0 14.977521784 0
2457262.5 20.7938480107 0 19.2856489021 0
2457263.5 20.4556143753 0 18.9535321615 0
2457264.5 20.9918526452 0 19.4798813397 0
2457265.5 21.0511983635 0 19.5382011717 0
2457266.5 20.9928803838 0 19.4808609067 0
2457267.5 21.3158527449 0 19.7980451875 0
2457268.5 19.0876090057 0 17.6112342513 0
2457269.5 18.294379562 0 16.8325984163 0
2457270.5 17.8072726943 0 16.3547120681 0
2457271.5 18.0281978478 0 16.571742358 0
2457272.5 18.6224014498 0 17.1547708531 0
2457273.5 21.6180642515 0 20.0975080072 0
2457274.5 20.7404997311 0 19.2362496948 0
2457275.5 19.8595270001 0 18.3716886424 0
2457276.5 20.6705749522 0 19.1679114865 0
2457277.5 22.4056262279 0 20.8739720552 0
2457278.5 22.2496425052 0 20.7210394854 0
2457279.5 22.8145908422 0 21.2755571646 0
2457280.5 22.8148257268 0 21.2757586029 0
2457281.5 23.4853287277 0 21.9338076373 0
2457282.5 24.1845901179 0 22.6201402673 0
2457283.5 21.931722632 0 20.4096614595 0
2457284.5 21.254832143 0 19.7452063503 0
2457285.5 20.5100731049 0 19.0140813986 0
2457286.5 20.9565999846 0 19.4522226382 0
2457287.5 20.5414474604 0 19.0445884861 0
2457288.5 23.2059179685 0 21.6601247761 0
2457289.5 23.0556081704 0 21.5127510534 0
2457290.5 22.9383981081 0 21.3977398832 0
2457291.5 23.3826775665 0 21.8339268195 0
2457292.5 23.3365142783 0 21.7886507785 0
2457293.5 23.1937057904 0 21.6486170737 0
2457294.5 21.9432712375 0 20.4226536767 0
2457295.5 21.2737311605 0 19.7654008312 0
2457296.5 21.0158861484 0 19.512184093 0
2457297.5 21.2791785568 0 19.770604054 0
2457298.5 19.4660661641 0 17.9937238252 0
2457299.5 19.4659738757 0 17.9934511488 0
2457300.5 18.913737818 0 17.4515528357 0
2457301.5 18.4575988087 0 17.0037586669 0
2457302.5 19.3058108221 0 17.8363382253 0
2457303.5 18.8583945933 0 17.3973575894 0
2457304.5 16.1562563195 0 14.745162561 0
2457305.5 15.9934272827 0 14.5851851079 0
2457306.5 16.5539030388 0 15.1351527137 0
2457307.5 16.9850143598 0 15.5581858556 0
2457308.5 16.2075512779 0 14.7952326987 0
2457309.5 15.7834616043 0 14.3788272264 0
2457310.5 13.5925427408 0 12.2278292122 0
2457311.5 13.3032054566 0 11.943978212 0
2457312.5 13.925903889 0 12.5552019442 0
2457313.5 14.82207318 0 13.4346232642 0
2457314.5 15.2581717461 0 13.8625895992 0
2457315.5 14.6508098663 0 13.2663951835 0
2457316.5 21.9896640789 0 20.4676471235 0
2457317.5 21.337393574 0 19.8276300202 0
2457318.5 20.4725362662 0 18.9788671041 0
2457319.5 20.1948425545 0 18.7063814363 0
2457320.5 19.9364137607 0 18.4527997546 0
2457321.5 21.6647964366 0 20.1487086632 0
2457322.5 21.9457114981 0 20.4242447977 0
2457323.5 22.3256290908 0 20.7973197474 0
2457324.5 22.3505709567 0 20.8219021517 0
2457325.5 21.4974521017 0 19.9846567279 0
2457326.5 20.9413500612 0 19.4388201472 0
2457327.5 15.2478493729 0 13.8512394657 0
2457328.5 16.0334569207 0 14.622389407 0
2457329.5 15.4932207786 0 14.0922737161 0
2457330.5 14.5796530936 0 13.1955494868 0
2457331.5 14.173017737 0 12.7966273892 0
2457332.5 16.4829102227 0 15.0667244525 0
2457333.5 16.4795858653 0 15.0633358203 0
2457334.5 16.6560992865 0 15.2367757503 0
2457335.5 16.2069059767 0 14.7957983922 0
2457336.5 15.4331598821 0 14.036530002 0
2457337.5 20.8796078255 0 19.381548003 0
2457338.5 21.0776529701 0 19.5758623994 0
2457339.5 21.4564075463 0 19.9476587313 0
2457340.5 22.0169351952 0 20.4977293077 0
2457341.5 18.8309752969 0 17.3696161835 0
2457342.5 18.7334628064 0 17.2739739125 0
2457343.5 19.5975231225 0 18.1221378306 0
2457344.5 20.2186763444 0 18.7318560924 0
2457345.5 19.4669223635 0 17.9940838494 0
2457346.5 18.8055698405 0 17.3450830796 0
2457347.5 23.2924907582 0 21.7469501051 0
2457348.5 24.21650159 0 22.6539312429 0
2457349.5 24.687625744 0 23.1163957054 0
2457350.5 24.093728784 0 22.5333122395 0
2457351.5 23.9810086763 0 22.4225004169 0
2457352.5 19.3882671218 0 17.9172828945 0
2457353.5 19.6111148973 0 18.1359381704 0
2457354.5 20.074070271 0 18.5902701795 0
2457355.5 20.9427012124 0 19.4427297736 0
2457356.5 22.8802438759 0 21.343861997 0
2457357.5 22.6000154042 0 21.0689363338 0
2457358.5 22.1061238821 0 20.5843087156 0
2457359.5 21.5665102549 0 20.0545740532 0
2457360.5 19.8772525922 0 18.3987228682 0
2457361.5 19.6084454237 0 18.1350860323 0
2457362.5 18.8169773033 0 17.3583199442 0
2457363.5 18.9341387355 0 17.4734657777 0
2457364.5 19.3101272997 0 17.8424129464 0
2457365.5 22.5846777125 0 21.0559652159 0
2457366.5 23.3720398293 0 21.8286030403 0
2457367.5 23.512574699 0 21.9666951292 0
2457368.5 23.7279211677 0 22.1781111467 0
2457369.5 23.4307086733 0 21.8865626128 0
2457370.5 15.3627247229 0 13.9712310427 0
2457371.5 15.0437295611 0 13.6580021711 0
2457372.5 15.1229215677 0 13.7357453498 0
2457373.5 15.4180153578 0 14.0254215636 0
2457374.5 16.1333222946 0 14.7273459805 0
2457375.5 17.0123101871 0 15.5901937297 0
2457376.5 22.2370968836 0 20.7174000739 0
2457377.5 22.5335549883 0 21.0082607306 0
2457378.5 21.8916649686 0 20.3782306427 0
2457379.5 21.2510341722 0 19.7495545697 0
2457380.5 22.1323751693 0 20.6145421248 0
2457381.5 22.1846925958 0 20.6657235774 0
2457382.5 16.9590441611 0 15.5399091316 0
2457383.5 16.514749812 0 15.1039932477 0
2457384.5 16.0592900548 0 14.6571205139 0
2457385.5 16.7280912955 0 15.3133602338 0
2457386.5 14.1448156919 0 12.7806061917 0
2457387.5 14.9368551841 0 13.557795623 0
2457388.5 14.2706723612 0 12.9039081103 0
2457389.5 14.2725741441 0 12.9059031367 0
2457390.5 13.4563812049 0 12.1047703037 0
2457391.5 13.6146466428 0 12.2602468019 0
2457392.5 18.3155421058 0 16.8760894151 0
2457393.5 18.2253681778 0 16.7876430336 0
2457394.5 17.5888649865 0 16.1627743024 0
2457395.5 17.493458641 0 16.068992712 0
2457396.5 18.2240891842 0 16.7861416066 0
2457397.5 23.3789911604 0 21.8452406906 0
2457398.5 22.9048661483 0 21.3800807484 0
2457399.5 23.5308903705 0 21.9946998169 0
2457400.5 24.4379508775 0 22.884999688 0
2457401.5 23.5709456717 0 22.0340113579 0
2457402.5 23.7145168344 0 22.1749894423 0
2457403.5 21.7877709226 0 20.2860341529 0
2457404.5 21.8866625862 0 20.3830978292 0
2457405.5 21.4929473836 0 19.9965560838 0
2457406.5 21.0801711104 0 19.5912609568 0
2457407.5 20.9108735089 0 19.4251244541 0
2457408.5 14.2134351497 0 12.8536938496 0
2457409.5 13.7646817236 0 12.4130730198 0
2457410.5 13.2178893777 0 11.8765191507 0
2457411.5 13.3210768301 0 11.9778751806 0
2457412.5 24.0301935547 0 22.4887612833 0
2457413.5 23.616923779 0 22.0833135595 0
2457414.5 22.8550187895 0 21.3354227614 0
2457415.5 23.2292673558 0 21.7027213289 0
2457416.5 16.2958958241 0 14.8993250855 0
2457417.5 16.4092128449 0 15.0107021248 0
2457418.5 16.0191988456 0 14.6278951391 0
2457419.5 15.3090504887 0 13.9309703312 0
2457420.5 15.6617508492 0 14.2772182336 0
2457421.5 15.0996530756 0 13.7257026713 0
2457422.5 17.3430920388 0 15.9247954319 0
2457423.5 17.2416394498 0 15.8252696279 0
2457424.5 18.1175250979 0 16.6850651633 0
2457425.5 18.2129363052 0 16.7788906441 0
2457426.5 19.085179416 0 17.6351565256 0
2457427.5 17.4704313084 0 16.0477536759 0
2457428.5 17.1886652648 0 15.771095548 0
2457429.5 16.7115768486 0 15.3027622655 0
2457430.5 16.2216778816 0 14.8219966879 0
2457431.5 16.8627075951 0 15.4509597136 0
2457432.5 21.7735674366 0 20.2730310425 0
2457433.5 22.6192236747 0 21.1029937561 0
2457434.5 22.581075423 0 21.0654402125 0
2457435.5 23.1239369233 0 21.5984184987 0
2457436.5 23.4054941774 0 21.8748207622 0
2457437.5 22.3256078241 0 20.815845207 0
2457438.5 22.4498066908 0 20.9378677363 0
2457439.5 21.8718744414 0 20.3707782534 0
2457440.5 22.1311121559 0 20.6250761226 0
2457441.5 22.9754637667 0 21.4519931017 0
2457442.5 22.7419817876 0 21.2228268261 0
2457443.5 22.3743329568 0 20.8618402478 0
2457444.5 23.0347100519 0 21.5101855562 0
2457445.5 23.7945342201 0 22.2561504893 0
2457446.5 23.7701373058 0 22.2298387875 0
2457447.5 23.2312781011 0 21.7010955569 0
2457448.5 22.8837808345 0 21.3599857685 0
2457449.5 22.2784444342 0 20.7658573706 0
2457450.5 13.9931694272 0 12.6349928695 0
2457451.5 14.8475399931 0 13.4736069529 0
2457452.5 14.8938112722 0 13.518950986 0
2457453.5 14.1901133615 0 12.8284398863 0
2457454.5 13.29568337 0 11.950509697 0
2457455.5 12.4688022491 0 11.1390084527 0
2457456.5 23.3938070429 0 21.8642341692 0
2457457.5 24.1762444511 0 22.6320874419 0
2457458.5 24.750895928 0 23.1959577218 0
2457459.5 24.0915497343 0 22.548749313 0
2457460.5 24.5782709857 0 23.0263352021 0
2457461.5 14.2082315228 0 12.8500078835 0
2457462.5 14.1094428219 0 12.7532313263 0
2457463.5 14.5836583097 0 13.2187156177 0
2457464.5 15.168939897 0 13.793218981 0
2457465.5 16.1344412804 0 14.7412792113 0
2457466.5 15.3648874444 0 13.9860967014 0
2457467.5 16.0540154891 0 14.6624372538 0
2457468.5 15.3759068912 0 13.9967248667 0
2457469.5 16.2224444905 0 14.8276541056 0
2457470.5 16.4540594776 0 15.0548394179 0
2457471.5 19.0084569504 0 17.5650142898 0
2457472.5 19.5921375767 0 18.1377831529 0
2457473.5 18.8459100835 0 17.4054212057 0
2457474.5 18.7704493431 0 17.3313296842 0
2457475.5 20.6834462122 0 19.2072643024 0
2457476.5 19.8915589331 0 18.4301814673 0
2457477.5 19.8908026449 0 18.4292571088 0
2457478.5 20.3784241672 0 18.9076864689 0
2457479.5 22.1643308603 0 20.6621363799 0
2457480.5 21.7601310672 0 20.2653399292 0
2457481.5 21.8416662614 0 20.3454883982 0
2457482.5 22.5522610267 0 21.0430873582 0
2457483.5 23.3041231774 0 21.781120433 0
2457484.5 22.8564936981 0 21.3416567405 0
2457485.5 17.066501793 0 15.6573232774 0
2457486.5 17.9379151721 0 16.512515787 0
2457487.5 18.4180244378 0 16.9835882967 0
2457488.5 18.5147562359 0 17.0785228167 0
2457489.5 24.347120098 0 22.8025335625 0
2457490.5 23.6146166365 0 22.0836161348 0
2457491.5 23.9485887754 0 22.4114977058 0
2457492.5 23.9763575066 0 22.4387201549 0
2457493.5 18.7964167204 0 17.3541323634 0
2457494.5 19.6625812684 0 18.2040979207 0
2457495.5 19.0621222038 0 17.6146274261 0
2457496.5 18.2373666085 0 16.8050583446 0
2457497.5 23.8172019165 0 22.2812998132 0
2457498.5 22.973225891 0 21.452834162 0
2457499.5 22.9211578546 0 21.4017669732 0
2457500.5 23.51378244 0 21.9833622703 0
2457501.5 22.857992505 0 21.3375874653 0
2457502.5 23.5284090973 0 21.9954656553 0
2457503.5 23.6721738811 0 22.1366624127 0
2457504.5 23.8610162833 0 22.3221063589 0
2457505.5 23.6479282775 0 22.112887558 0
2457506.5 24.4136675637 0 22.8644168285 0
2457507.5 15.3340373522 0 13.9538800869 0
2457508.5 16.0170283195 0 14.6243034835 0
2457509.5 15.856850861 0 14.4671669261 0
2457510.5 15.8586084859 0 14.4690428505 0
2457511.5 15.7321619047 0 14.344928267 0
2457512.5 16.3559726359 0 14.9571765636 0
2457513.5 24.6475999636 0 23.0937167741 0
2457514.5 24.7301842406 0 23.1746806054 0
2457515.5 25.0590570671 0 23.4975484408 0
2457516.5 25.6259702939 0 24.0541201873 0
2457517.5 26.4336421475 0 24.8470881523 0
2457518.5 25.5476958432 0 23.9772460207 0
2457519.5 16.109099596 0 14.7153947088 0
2457520.5 15.9029018823 0 14.5131981096 0
2457521.5 16.4033056052 0 15.004475387 0
2457522.5 15.5516452503 0 14.1684575276 0
2457523.5 15.9867387317 0 14.5953624065 0
2457524.5 16.7638162473 0 15.3581522543 0
2457525.5 20.1815225019 0 18.7100198327 0
2457526.5 20.0787995166 0 18.6093990798 0
2457527.5 20.2742266782 0 18.8012405961 0
2457528.5 20.8229924358 0 19.3399866058 0
2457529.5 20.9239094624 0 19.4388842534 0
2457530.5 20.7943387162 0 19.3117861261 0
2457531.5 20.9306421509 0 19.4460354124 0
2457532.5 21.6566344246 0 20.1585798096 0
2457533.5 21.7102865838 0 20.2112633701 0
2457534.5 22.6346068814 0 21.1183382795 0
2457535.5 22.3251058667 0 20.8145845678 0
2457536.5 23.0407560057 0 21.5170297152 0
2457537.5 18.691416235 0 17.2488427274 0
2457538.5 19.4995768514 0 18.0418667654 0
2457539.5 19.1700371421 0 17.7182373996 0
2457540.5 20.111464625 0 18.6423458159 0
2457541.5 19.2904019012 0 17.8364576673 0
2457542.5 15.9210537471 0 14.5328019001 0
2457543.5 16.1272348564 0 14.7349777221 0
2457544.5 17.0333584225 0 15.6242673861 0
2457545.5 17.0664056584 0 15.6565708679 0
2457546.5 16.2689672652 0 14.8740332068 0
2457547.5 17.100177864 0 15.689699417 0
2457548.5 18.8443847049 0 17.4001081318 0
2457549.5 18.6662800396 0 17.2252415325 0
2457550.5 18.6926817583 0 17.2511523117 0
2457551.5 18.9861329748 0 17.5391786812 0
2457552.5 18.0988917678 0 16.6682107153 0
2457553.5 18.7600487644 0 17.3172655914 0
2457554.5 22.2957732041 0 20.7872456624 0
2457555.5 21.5335198578 0 20.0389357974 0
2457556.5 22.2634422809 0 20.7553484587 0
2457557.5 21.8927107888 0 20.391569647 0
2457558.5 21.8117072141 0 20.3120664683 0
2457559.5 21.2763772135 0 19.7864693768 0
2457560.5 15.4891117532 0 14.1082640363 0
2457561.5 15.9040671749 0 14.5156549413 0
2457562.5 15.2518943915 0 13.8754935701 0
2457563.5 14.3790153448 0 13.0187626819 0
2457564.5 14.5026009666 0 13.1400338924 0
2457565.5 14.305352058 0 12.9465909291 0
2457566.5 19.7440941337 0 18.2856760993 0
2457567.5 20.4970366462 0 19.0246970243 0
2457568.5 19.7774736682 0 18.3185257047 0
2457569.5 20.5766610165 0 19.1027227202 0
2457570.5 19.7772127624 0 18.3179893522 0
2457571.5 20.5447580258 0 19.0713513132 0
2457572.5 16.5594461761 0 15.1598732483 0
2457573.5 16.738513049 0 15.335756596 0
2457574.5 16.7490651679 0 15.3462989889 0
2457575.5 16.2605402586 0 14.8666660885 0
2457576.5 15.6178484358 0 14.235747427 0
2457577.5 19.7911386443 0 18.3317116055 0
2457578.5 19.166378287 0 17.7183580718 0
2457579.5 18.4434812294 0 17.0090496169 0
2457580.5 18.8293122757 0 17.3878121231 0
2457581.5 17.9408471394 0 16.515890481 0
2457582.5 23.0172994983 0 21.5007728733 0
2457583.5 23.0790980267 0 21.5614125556 0
2457584.5 22.6931461433 0 21.1826079925 0
2457585.5 23.4809201951 0 21.9557342533 0
2457586.5 23.0507133908 0 21.533480183 0
2457587.5 23.9089008002 0 22.3759675664 0
2457588.5 14.8998318727 0 13.5345870466 0
2457589.5 14.6103797963 0 13.2503575759 0
2457590.5 15.3480982156 0 13.9742571601 0
2457591.5 15.3728279043 0 13.9985596241 0
2457592.5 17.5902534862 0 16.1762864807 0
2457593.5 18.3164198814 0 16.8891247107 0
2457594.5 18.7779624503 0 17.3422607764 0
2457595.5 19.5643422744 0 18.11424921 0
2457596.5 19.9990981279 0 18.54088672 0
2457597.5 18.9825741384 0 17.5414763836 0
2457598.5 19.3594989481 0 17.9112859694 0
2457599.5 18.7221355734 0 17.285929025 0
2457600.5 19.4305530999 0 17.9813579476 0
2457601.5 20.1560840404 0 18.6933277827 0
2457602.5 23.6923759836 0 22.1645771603 0
2457603.5 23.5643409001 0 22.0387540796 0
2457604.5 24.1065704896 0 22.5708049139 0
2457605.5 25.0117098292 0 23.4592681871 0
2457606.5 25.3840570025 0 23.8248330717 0
2457607.5 15.0433656467 0 13.6747656552 0
2457608.5 15.7276759949 0 14.3463384497 0
2457609.5 15.8370324011 0 14.4538483358 0
2457610.5 16.1792936817 0 14.7898039234 0
2457611.5 16.1385076475 0 14.7498563387 0
2457612.5 15.493443794 0 14.1168751108 0
2457613.5 24.7061729994 0 23.1579253418 0
2457614.5 25.2116141366 0 23.6541256426 0
2457615.5 25.9055326765 0 24.3354640602 0
2457616.5 25.6716805305 0 24.1059579515 0
2457617.5 25.3138943217 0 23.7549149153 0
2457618.5 25.066642136 0 23.5120194511 0
2457619.5 22.526926362 0 21.0171482825 0
2457620.5 21.6598693335 0 20.1659726806 0
2457621.5 21.6896520594 0 20.1951017671 0
2457622.5 21.5494225863 0 20.0575933765 0
2457623.5 22.4191855622 0 20.9135617429 0
2457624.5 21.4965421645 0 20.0080001169 0
2457625.5 21.58193923 0 20.09183906 0
2457626.5 21.6341747866 0 20.1430892314 0
2457627.5 21.2281391953 0 19.7443849507 0
2457628.5 23.5354010379 0 22.0106658793 0
2457629.5 24.4455929058 0 22.9039868644 0
2457630.5 25.0931754122 0 23.5395681354 0
2457631.5 25.5780156532 0 24.0155260556 0
2457632.5 26.1551357141 0 24.582204591 0
2457633.5 22.4919240038 0 20.9864060567 0
2457634.5 22.2767671566 0 20.7752454692 0
2457635.5 21.8436812504 0 20.3502820384 0
2457636.5 21.0118950903 0 19.5339230049 0
2457637.5 15.8425339075 0 14.4611988766 0
2457638.5 16.7616634807 0 15.3631818626 0
2457639.5 17.5007895086 0 16.088505553 0
2457640.5 18.3130324048 0 16.885874774 0
2457641.5 18.2133647454 0 16.7879540497 0
2457642.5 19.083219024 0 17.6415490317 0
2457643.5 19.9533693974 0 18.4931486496 0
2457644.5 19.4030236416 0 17.9529787498 0
2457645.5 19.2770313294 0 17.8294248878 0
2457646.5 20.1199508483 0 18.6566510101 0
2457647.5 20.7364381237 0 19.259514974 0
2457648.5 20.0914361008 0 18.6264121664 0
2457649.5 20.3046729701 0 18.8355798936 0
2457650.5 19.4830924496 0 18.0290971405 0
2457651.5 22.035919415 0 20.5369011267 0
2457652.5 21.4738452574 0 19.9850593108 0
2457653.5 20.8990491129 0 19.4210718232 0
2457654.5 21.2657997728 0 19.7809945028 0
2457655.5 21.7365027969 0 20.2429766448 0
2457656.5 20.8629269344 0 19.3857384918 0
2457657.5 22.4288646905 0 20.9208087991 0
2457658.5 22.0558255056 0 20.5547273765 0
2457659.5 21.7648302412 0 20.2689236254 0
2457660.5 21.3651137941 0 19.876424807 0
2457661.5 21.0876753145 0 19.6040771823 0
2457662.5 18.6733099804 0 17.2335488369 0
2457663.5 19.1633726289 0 17.7147152786 0
2457664.5 18.8893359092 0 17.4457711268 0
2457665.5 19.7527913169 0 18.2933518905 0
2457666.5 19.5072350549 0 18.0521938086 0
2457667.5 14.8871435696 0 13.517244983 0
2457668.5 14.8521805773 0 13.4830746972 0
2457669.5 14.3732481524 0 13.0129104227 0
2457670.5 14.7172081538 0 13.3503762931 0
2457671.5 16.3993342716 0 15.0002081556 0
2457672.5 17.0529452584 0 15.6418717347 0
2457673.5 16.715147495 0 15.3102328734 0
2457674.5 15.8509203314 0 14.4619817871 0
2457675.5 15.8370293498 0 14.4482513079 0
2457676.5 17.5024155166 0 16.0833368861 0
2457677.5 17.0229274232 0 15.6127669197 0
2457678.5 17.3942032038 0 15.9773315313 0
2457679.5 16.6994581916 0 15.2954356334 0
2457680.5 17.0585659075 0 15.6477535151 0
2457681.5 16.5738264565 0 15.171941194 0
2457682.5 15.3861088125 0 14.00509743 0
2457683.5 14.5852095601 0 13.2192385756 0
2457684.5 15.1320545804 0 13.7561234193 0
2457685.5 15.3599405432 0 13.9796240429 0
2457686.5 21.2960964148 0 19.8084261938 0
2457687.5 20.788900348 0 19.3104920011 0
2457688.5 20.6289461185 0 19.1535380729 0
2457689.5 21.349736696 0 19.8608652917 0
2457690.5 20.7511223777 0 19.273151555 0
2457691.5 18.7689490971 0 17.329679192 0
2457692.5 19.5774437418 0 18.1233165886 0
2457693.5 20.0017311743 0 18.5395802979 0
2457694.5 20.5616641288 0 19.0889959002 0
2457695.5 20.3130333886 0 18.8451726121 0
2457696.5 21.0074465065 0 19.5266244871 0
2457697.5 21.2754791305 0 19.7901940544 0
2457698.5 22.0027135907 0 20.5037792756 0
2457699.5 21.3137665843 0 19.82760223 0
2457700.5 20.6294709941 0 19.1559380979 0
2457701.5 21.253349519 0 19.7685009983 0
2457702.5 21.2103279694 0 19.7263244679 0
2457703.5 21.9771169502 0 20.4789502567 0
2457704.5 22.7841494528 0 21.2710908404 0
2457705.5 20.4522753487 0 18.9819664728 0
2457706.5 21.247840707 0 19.7626968455 0
2457707.5 22.0869567206 0 20.5861864249 0
2457708.5 22.5523142321 0 21.0428535607 0
2457709.5 22.4199941638 0 20.9128814463 0
2457710.5 21.5097820413 0 20.0194515384 0
2457711.5 20.6818640054 0 19.2069562081 0
2457712.5 20.2289563582 0 18.7624577558 0
2457713.5 20.9692130568 0 19.4891973282 0
2457714.5 17.4836070741 0 16.0676572755 0
2457715.5 18.1758255789 0 16.746882821 0
2457716.5 17.8132425814 0 16.3911087825 0
2457717.5 17.1690769746 0 15.7589528419 0
2457718.5 17.6977478435 0 16.2778264721 0
2457719.5 18.4110267708 0 16.9783061988 0
2457720.5 17.7012087289 0 16.2814816083 0
2457721.5 17.5394714972 0 16.1228026494 0
2457722.5 16.8137405975 0 15.4106524828 0
2457723.5 17.0128639271 0 15.6059451884 0
2457724.5 18.5665615165 0 17.1305874282 0
2457725.5 19.2855741161 0 17.8361934917 0
2457726.5 19.86380635 0 18.4037112162 0
2457727.5 20.4072515192 0 18.9369770171 0
2457728.5 19.5400640119 0 18.0859992156 0
2457729.5 25.044246484 0 23.4860831765 0
2457730.5 25.0158135897 0 23.458264415 0
2457731.5 24.1584739753 0 22.6165683402 0
2457732.5 24.2349791651 0 22.6917515892 0
2457733.5 19.3146723711 0 17.8612843392 0
2457734.5 19.3614641213 0 17.907394192 0
2457735.5 18.6865009581 0 17.2450878656 0
2457736.5 18.8596070313 0 17.4150220389 0
2457737.5 18.2943093805 0 16.8601293198 0
2457738.5 15.5546602374 0 14.1696045023 0
2457739.5 16.0808780955 0 14.6860390548 0
2457740.5 15.9546608017 0 14.562305295 0
2457741.5 16.0225581574 0 14.6289044475 0
2457742.5 16.6250320764 0 15.2203040863 0
2457743.5 17.2041455312 0 15.7885065847 0
2457744.5 22.5914181478 0 21.0783419014 0
2457745.5 22.552066228 0 21.0395947234 0
2457746.5 22.2100813712 0 20.7038404465 0
2457747.5 22.3289620056 0 20.8204546096 0
2457748.5 21.9718187724 0 20.4698899204 0
2457749.5 15.0063396288 0 13.6367758248 0
2457750.5 14.6785123878 0 13.3151546647 0
2457751.5 14.6392246847 0 13.276397297 0
2457752.5 14.6561961766 0 13.293085883 0
2457753.5 20.1608586935 0 18.6948428699 0
2457754.5 19.9666680087 0 18.5043290418 0
2457755.5 20.5018597623 0 19.0297700971 0
2457756.5 19.6754740759 0 18.2187250894 0
2457757.5 24.5605908062 0 23.0129511713 0
2457758.5 23.9537872959 0 22.4174312948 0
2457759.5 24.1405512349 0 22.6008465743 0
2457760.5 23.4301847919 0 21.9034817231 0
2457761.5 23.5752222023 0 22.0458347012 0
2457762.5 22.986503432 0 21.4679489143 0
2457763.5 16.4846135144 0 15.0845508318 0
2457764.5 16.9119145288 0 15.5040637129 0
2457765.5 17.5732485387 0 16.153250923 0
2457766.5 18.1273629506 0 16.6970388952 0
2457767.5 19.0176349257 0 17.5708200956 0
2457768.5 19.5009760863 0 18.0453795457 0
2457769.5 14.3496294552 0 12.9919781017 0
2457770.5 14.4869653991 0 13.1266563437 0
2457771.5 14.3903742802 0 13.0316581066 0
2457772.5 14.1576825015 0 12.8031095729 0
2457773.5 14.9516764069 0 13.5798302655 0
2457774.5 15.0744753237 0 13.7004329677 0
2457775.5 15.877027342 0 14.4881912403 0
2457776.5 16.8053846977 0 15.3994561482 0
2457777.5 15.9356768602 0 14.5459104506 0
2457778.5 18.1933230745 0 16.7592860873 0
2457779.5 18.8480480929 0 17.4018127884 0
2457780.5 19.7179188065 0 18.2554390268 0
2457781.5 20.3045763776 0 18.831202085 0
2457782.5 20.3068696057 0 18.8333961978 0
2457783.5 19.3649259721 0 17.907606577 0
2457784.5 19.0547109783 0 17.6030966271 0
2457785.5 19.968249579 0 18.4998319343 0
2457786.5 19.6998910729 0 18.2362481583 0
2457787.5 19.2340248297 0 17.7790441917 0
2457788.5 19.8448101183 0 18.3805099048 0
2457789.5 20.1182504682 0 18.6487280309 0
2457790.5 20.7060677486 0 19.2255052702 0
2457791.5 21.3563591955 0 19.8637929418 0
2457792.5 22.0258995014 0 20.5235361328 0
2457793.5 21.4276764777 0 19.9362120562 0
2457794.5 21.050080811 0 19.5654840722 0
2457795.5 21.8684984247 0 20.368549502 0
2457796.5 21.8551487195 0 20.3553784047 0
2457797.5 21.2524152174 0 19.7637033916 0
2457798.5 18.030215493 0 16.6035664055 0
2457799.5 18.7681496498 0 17.3276735597 0
2457800.5 19.337211614 0 17.8861889203 0
2457801.5 18.8722671006 0 17.4300164106 0
2457802.5 21.5887993392 0 20.0955215207 0
2457803.5 22.347866492 0 20.8406417088 0
2457804.5 21.6580184199 0 20.1636369722 0
2457805.5 21.1832222198 0 19.6977684353 0
2457806.5 20.3539675831 0 18.8837409622 0
2457807.5 24.5446598331 0 23.0000107454 0
2457808.5 23.7377172812 0 22.2080092606 0
2457809.5 23.4671789962 0 21.9424965008 0
2457810.5 22.5710398485 0 21.0628967234 0
2457811.5 23.0092104243 0 21.4929130289 0
2457812.5 23.7512888594 0 22.2212682265 0
2457813.5 18.0361584759 0 16.6092200591 0
2457814.5 17.9564335052 0 16.530876856 0
2457815.5 18.5581998262 0 17.1213141242 0
2457816.5 17.837968625 0 16.414474641 0
2457817.5 17.8370774373 0 16.4135190638 0
2457818.5 22.3333663005 0 20.8250332904 0
2457819.5 22.3793646538 0 20.8702257378 0
2457820.5 22.5774668555 0 21.0647345212 0
2457821.5 22.8917031096 0 21.3731681923 0
2457822.5 22.1191254647 0 20.6148110183 0
2457823.5 22.9744556812 0 21.4565740658 0
2457824.5 22.535139899 0 21.0255863459 0
2457825.5 21.9586187424 0 20.4598752424 0
2457826.5 21.5473089127 0 20.056234448 0
2457827.5 22.0090143873 0 20.5095051413 0
2457828.5 17.7619504301 0 16.3435913811 0
2457829.5 17.2644058202 0 15.8554533958 0
2457830.5 18.1606010628 0 16.7351310564 0
2457831.5 18.6719364513 0 17.236841241 0
2457832.5 17.5022226039 0 16.0874852209 0
2457833.5 17.1813244255 0 15.7724592529 0
2457834.5 17.5724653813 0 16.1564093908 0
2457835.5 16.7315150565 0 15.3308839667 0
2457836.5 15.9911288021 0 14.6044866662 0
2457837.5 16.5992919984 0 15.2013744433 0
2457838.5 16.8959445582 0 15.4924188833 0
2457839.5 16.8735523704 0 15.4705785358 0
2457840.5 17.1765858469 0 15.7678450431 0
2457841.5 17.4360001532 0 16.0226386325 0
2457842.5 19.6154285533 0 18.1592597876 0
2457843.5 19.6602626491 0 18.2032047054 0
2457844.5 19.811342465 0 18.3512931633 0
2457845.5 19.4579001963 0 18.0042290212 0
2457846.5 18.7642436621 0 17.3236078458 0
2457847.5 18.9574610772 0 17.513057309 0
2457848.5 19.3030794261 0 17.8546610995 0
2457849.5 18.8636660493 0 17.423264955 0
2457850.5 18.4043753006 0 16.972354908 0
2457851.5 17.7765749814 0 16.3563675264 0
2457852.5 22.4882198424 0 20.9788689185 0
2457853.5 22.7864376355 0 21.2717109997 0
2457854.5 23.1097017824 0 21.5891253966 0
2457855.5 22.1848785792 0 20.6814954062 0
2457856.5 24.2770832131 0 22.7331794814 0
2457857.5 24.2176555902 0 22.6749014471 0
2457858.5 24.7970090128 0 23.2437614568 0
2457859.5 25.3730014857 0 23.809023159 0
2457860.5 24.5399908015 0 22.9914282299 0
2457861.5 24.9981135445 0 23.4410312631 0
2457862.5 24.2258522014 0 22.6852850205 0
2457863.5 24.6137186818 0 23.0658801354 0
2457864.5 23.7812822858 0 22.2488702961 0
2457865.5 22.9629703039 0 21.4457035699 0
2457866.5 23.1725848874 0 21.6515393634 0
2457867.5 20.9557460765 0 19.4782753102 0
2457868.5 21.6601683576 0 20.1694625297 0
2457869.5 21.1222018212 0 19.6413380098 0
2457870.5 20.539797919 0 19.0695866703 0
2457871.5 20.145939586 0 18.6832228655 0
2457872.5 18.648922587 0 17.2122657249 0
2457873.5 19.4753783757 0 18.0235407049 0
2457874.5 18.8810549797 0 17.4402090982 0
2457875.5 19.5242127839 0 18.0714325983 0
2457876.5 15.6580497358 0 14.2774911157 0
2457877.5 15.8131804951 0 14.4299267387 0
2457878.5 16.4968515697 0 15.1009501132 0
2457879.5 15.895635979 0 14.5110042301 0
2457880.5 23.2997541132 0 21.7797454333 0
2457881.5 23.6557163329 0 22.1291752467 0
2457882.5 24.1136105935 0 22.5784978854 0
2457883.5 24.4758486019 0 22.9340202092 0
2457884.5 20.8553256832 0 19.3782936868 0
2457885.5 20.0451228301 0 18.5829302823 0
2457886.5 20.417803001 0 18.9488369778 0
2457887.5 21.1932195965 0 19.7100697331 0
2457888.5 20.4895421693 0 19.0183587225 0
2457889.5 20.320651542 0 18.852749602 0
2457890.5 20.7178384815 0 19.2425090858 0
2457891.5 21.6206043837 0 20.1285050235 0
2457892.5 21.2964210204 0 19.8101476694 0
2457893.5 23.4253600008 0 21.8982088889 0
2457894.5 23.7517217241 0 22.2184095873 0
2457895.5 23.1397316713 0 21.6178440491 0
2457896.5 23.1908359349 0 21.668038636 0
2457897.5 15.6957369962 0 14.3106577104 0
2457898.5 14.9210072778 0 13.5503895874 0
2457899.5 15.5396658355 0 14.1574950922 0
2457900.5 15.9723396356 0 14.5822208477 0
2457901.5 16.8282041347 0 15.4220298601 0
2457902.5 20.0888754738 0 18.6233848662 0
2457903.5 21.0132621875 0 19.5304652209 0
2457904.5 21.1082688329 0 19.6235908747 0
2457905.5 20.4250905382 0 18.9531404648 0
2457906.5 19.8770674004 0 18.4152709101 0
2457907.5 17.780757622 0 16.3591680589 0
2457908.5 18.5485764615 0 17.1128655149 0
2457909.5 18.9852627457 0 17.5413243379 0
2457910.5 19.1309934797 0 17.6843525604 0
2457911.5 19.6208010004 0 18.1651057549 0
2457912.5 20.1751172854 0 18.7090169252 0
2457913.5 20.743715364 0 19.2658242012 0
2457914.5 20.0376355261 0 18.5729931541 0
2457915.5 20.4042499446 0 18.9327634061 0
2457916.5 19.7747633083 0 18.3149607659 0
2457917.5 19.769743021 0 18.3101368818 0
2457918.5 14.6136220775 0 13.2473143336 0
2457919.5 15.2862280319 0 13.9073137427 0
2457920.5 15.6524686427 0 14.2667383877 0
2457921.5 15.330246381 0 13.9505251867 0
2457922.5 15.0393612738 0 13.6652065204 0
2457923.5 15.183069999 0 13.8094379626 0
2457924.5 14.7645211877 0 13.3985830081 0
2457925.5 14.4263374379 0 13.0666049808 0
2457926.5 15.1419762265 0 13.768931628 0
2457927.5 24.4996295812 0 22.9555492944 0
2457928.5 24.4365516702 0 22.8935180849 0
2457929.5 23.6899013707 0 22.1606692616 0
2457930.5 23.8067423968 0 22.2754323184 0
2457931.5 24.3958879171 0 22.8536782097 0
2457932.5 24.6861366303 0 23.1404070871 0
2457933.5 24.5460269434 0 23.0027768269 0
2457934.5 24.3550791806 0 22.8151960742 0
2457935.5 25.118273229 0 23.5643128311 0
2457936.5 25.6942415312 0 24.1298651214 0
2457937.5 14.4038039373 0 13.0457294753 0
2457938.5 14.9633458987 0 13.5947054936 0
2457939.5 15.7847315575 0 14.4007323774 0
2457940.5 15.8407342621 0 14.4556776938 0
2457941.5 15.8532014124 0 14.4680905136 0
2457942.5 16.0069177528 0 14.6191139974 0
2457943.5 15.0227646081 0 13.6558957738 0
2457944.5 15.0485267589 0 13.6811372609 0
2457945.5 15.7737305653 0 14.3930701731 0
2457946.5 16.3375952812 0 14.946631823 0
2457947.5 16.2153555526 0 14.8250060575 0
2457948.5 17.0674570468 0 15.6612923856 0
2457949.5 17.6005035011 0 16.1846181916 0
2457950.5 16.7926628389 0 15.3916141846 0
2457951.5 17.554132988 0 16.140907474 0
2457952.5 18.4737573521 0 17.0436523878 0
2457953.5 18.4032346241 0 16.9746098404 0
2457954.5 18.8691176235 0 17.4319899926 0
2457955.5 19.4398903755 0 17.9922825294 0
2457956.5 14.623408958 0 13.2654378152 0
2457957.5 14.484043191 0 13.1285222167 0
2457958.5 15.2298820512 0 13.8605676174 0
2457959.5 15.1212675207 0 13.7541629539 0
2457960.5 14.3177394728 0 12.9655314679 0
2457961.5 17.7293283109 0 16.3148627402 0
2457962.5 17.7443534912 0 16.3298088084 0
2457963.5 17.9245242302 0 16.5066097544 0
2457964.5 17.1948848487 0 15.7903801449 0
2457965.5 16.3323211804 0 14.9444406124 0
2457966.5 16.9991414147 0 15.5987159238 0
2457967.5 17.3810856805 0 15.9734028159 0
2457968.5 18.1576996777 0 16.735688889 0
2457969.5 18.4985312008 0 17.0701802303 0
2457970.5 18.9096884382 0 17.4738663515 0
2457971.5 20.8571174197 0 19.388016836 0
2457972.5 21.1471834548 0 19.6726080618 0
2457973.5 20.7597849291 0 19.2924076187 0
2457974.5 21.108954257 0 19.6352376571 0
2457975.5 21.1311828673 0 19.6568608602 0
2457976.5 24.0678317924 0 22.5412122347 0
2457977.5 23.2239129989 0 21.7127172109 0
2457978.5 23.6658367149 0 22.1466288038 0
2457979.5 22.8394828757 0 21.3357110402 0
2457980.5 15.2226605779 0 13.8580167898 0
2457981.5 14.8326783176 0 13.475114016 0
2457982.5 14.4488556564 0 13.0983790162 0
2457983.5 14.4171586626 0 13.067447126 0
2457984.5 14.4942833675 0 13.143201308 0
2457985.5 19.3550090467 0 17.9164441676 0
2457986.5 19.6368279142 0 18.1932163659 0
2457987.5 19.3156748916 0 17.8781385077 0
2457988.5 19.2867330347 0 17.849737244 0
2457989.5 22.6004725345 0 21.0999373679 0
2457990.5 22.8218740905 0 21.3173600867 0
2457991.5 22.8407994928 0 21.3358983139 0
2457992.5 23.4375002663 0 21.9213648919 0
2457993.5 23.965849258 0 22.4398341029 0
2457994.5 23.6239887954 0 22.1039610768 0
2457995.5 23.8684699063 0 22.3438176827 0
2457996.5 24.2144257903 0 22.6833297579 0
2457997.5 23.6243162678 0 22.1040115887 0
2457998.5 23.5086537765 0 21.9905065019 0
2457999.5 22.8872615695 0 21.3804794735 0
2458000.5 21.1146699816 0 19.6390837349 0
2458001.5 21.8568123864 0 20.3673878003 0
2458002.5 21.480422687 0 19.9981699063 0
2458003.5 20.7298728254 0 19.2616876824 0
2458004.5 20.3886113662 0 18.9267112358 0
2458005.5 20.9568657236 0 19.4845881002 0
2458006.5 19.5276584113 0 18.0793031166 0
2458007.5 18.6745061992 0 17.2421342238 0
2458008.5 18.0606253718 0 16.6397958211 0
2458009.5 17.5235503245 0 16.1126374482 0
2458010.5 18.3952924317 0 16.9681856432 0
2458011.5 20.2152500968 0 18.7561058101 0
2458012.5 19.781383256 0 18.3301993873 0
2458013.5 20.6835523724 0 19.2155644058 0
2458014.5 21.3706014361 0 19.8898281048 0
2458015.5 20.8214835124 0 19.35092453 0
2458016.5 15.6887010507 0 14.3159541442 0
2458017.5 16.2628530576 0 14.8795298318 0
2458018.5 17.1209809491 0 15.7215941643 0
2458019.5 17.3651086972 0 15.9611819407 0
2458020.5 23.4221645672 0 21.9056199026 0
2458021.5 23.7246486181 0 22.2025815904 0
2458022.5 24.347073088 0 22.8134603643 0
2458023.5 24.987556301 0 23.4423359824 0
2458024.5 24.7654025807 0 23.224206798 0
2458025.5 20.4544346059 0 18.9952916531 0
2458026.5 20.4835579181 0 19.0236963808 0
2458027.5 19.7303680191 0 18.2844025818 0
2458028.5 20.5072163322 0 19.0467352209 0
2458029.5 20.9106305954 0 19.4435645078 0
2458030.5 21.7644254123 0 20.2816691808 0
2458031.5 22.2731921387 0 20.7809386275 0
2458032.5 22.4734668372 0 20.9776713224 0
2458033.5 23.1911219432 0 21.6821505242 0
2458034.5 22.6948134538 0 21.1951108226 0
2458035.5 17.5514797649 0 16.1442771643 0
2458036.5 17.4804343296 0 16.0747207494 0
2458037.5 18.029660417 0 16.6138981034 0
2458038.5 18.6987135482 0 17.2705961435 0
2458039.5 18.9043476123 0 17.472376075 0
2458040.5 19.650240918 0 18.204442284 0
2458041.5 23.9753539375 0 22.4517335244 0
2458042.5 23.1295212079 0 21.6215055919 0
2458043.5 22.6805283879 0 21.1807055454 0
2458044.5 22.4988876904 0 21.0024080191 0
2458045.5 23.5048464 0 21.9880110023 0
2458046.5 24.3499199666 0 22.8176128173 0
2458047.5 24.2568684357 0 22.7264702051 0
2458048.5 23.3399048607 0 21.8263197969 0
2458049.5 24.2456772972 0 22.7152952396 0
2458050.5 24.525068434 0 22.9894724664 0
2458051.5 25.773491901 0 24.2165010624 0
2458052.5 25.2495218881 0 23.7020627991 0
2458053.5 24.4133582221 0 22.8814024525 0
2458054.5 25.2397964138 0 23.692693483 0
2458055.5 25.110372618 0 23.5675231836 0
2458056.5 24.7872500625 0 23.2501673263 0
2458057.5 24.3089058099 0 22.780520011 0
2458058.5 24.0314462317 0 22.5082263312 0
2458059.5 23.441207443 0 21.9290106537 0
2458060.5 23.3336116887 0 21.8232202455 0
2458061.5 23.7231845087 0 22.2079420559 0
2458062.5 22.9124107003 0 21.4119666973 0
2458063.5 23.6951245321 0 22.1801746364 0
2458064.5 22.9893630641 0 21.4874443277 0
2458065.5 23.4852980548 0 21.9740625572 0
2458066.5 21.9281306051 0 20.4455169804 0
2458067.5 21.4643562282 0 19.9903151273 0
2458068.5 21.800173073 0 20.3198569525 0
2458069.5 22.2720165719 0 20.7831336831 0
2458070.5 22.5183363579 0 21.0247514962 0
2458071.5 21.9268874376 0 20.4444393517 0
2458072.5 19.6037221195 0 18.1618583046 0
2458073.5 19.5676225347 0 18.1265124867 0
2458074.5 19.2408852706 0 17.8058464215 0
2458075.5 18.5644091947 0 17.1419881912 0
2458076.5 18.448481294 0 17.0283451944 0
2458077.5 25.5573864178 0 24.0078851329 0
2458078.5 25.7897229075 0 24.2360396273 0
2458079.5 24.9704577229 0 23.4319208619 0
2458080.5 24.6068742481 0 23.0752134559 0
2458081.5 16.5971495076 0 15.2132615765 0
2458082.5 17.198172075 0 15.8032384465 0
2458083.5 16.8452187111 0 15.4567506151 0
2458084.5 16.2335892819 0 14.8563311359 0
2458085.5 20.6418809513 0 19.182113719 0
2458086.5 20.3096403648 0 18.8558511309 0
2458087.5 21.2216467736 0 19.7511281383 0
2458088.5 20.3461333576 0 18.8920260461 0
2458089.5 20.3424110116 0 18.8883468124 0
2458090.5 15.7556974921 0 14.3866983813 0
2458091.5 15.5267749895 0 14.161904524 0
2458092.5 15.082767034 0 13.7260038734 0
2458093.5 15.1047796391 0 13.7475786055 0
2458094.5 21.8135657625 0 20.3325412907 0
2458095.5 21.9594473084 0 20.47591506 0
2458096.5 22.1581874871 0 20.6711054409 0
2458097.5 22.0283008954 0 20.5436274671 0
2458098.5 22.3303337016 0 20.8379181 0
2458099.5 22.2376995862 0 20.7471496797 0
2458100.5 21.450630503 0 19.9746530931 0
2458101.5 22.0163960667 0 20.5300928849 0
2458102.5 21.5255640513 0 20.0482698565 0
2458103.5 23.8534578717 0 22.3305807539 0
2458104.5 24.1351397129 0 22.6071786669 0
2458105.5 23.3586348228 0 21.8449751842 0
2458106.5 22.7571154066 0 21.2547338591 0
2458107.5 17.7749056152 0 16.3664377184 0
2458108.5 17.7683852051 0 16.3599333376 0
2458109.5 17.7073449782 0 16.2998870157 0
2458110.5 18.1600565369 0 16.744380536 0
2458111.5 17.349646977 0 15.951329065 0
2458112.5 16.7599619088 0 15.3725789078 0
2458113.5 15.8735743626 0 14.5028159238 0
2458114.5 15.901690506 0 14.5304779029 0
2458115.5 15.5628630472 0 14.1980468423 0
2458116.5 14.9112985758 0 13.558436952 0
2458117.5 16.3809228884 0 15.0023818931 0
2458118.5 15.5852090078 0 14.2215844683 0
2458119.5 16.448107375 0 15.0685416234 0
2458120.5 16.6087756259 0 15.2260362544 0
2458121.5 22.39817777 0 20.9066995463 0
2458122.5 22.04451351 0 20.5594178332 0
2458123.5 22.6522716583 0 21.1558803471 0
2458124.5 22.8463018268 0 21.3465174582 0
2458125.5 17.2691433373 0 15.8753906584 0
2458126.5 16.5699618665 0 15.1892173851 0
2458127.5 16.4502435674 0 15.0716953148 0
2458128.5 16.0401065267 0 14.669098588 0
2458129.5 16.4314514955 0 15.0529988442 0
2458130.5 25.8768904922 0 24.3218787062 0
2458131.5 26.5306798682 0 24.9640252631 0
2458132.5 26.3904321863 0 24.8261442413 0
2458133.5 25.6724358233 0 24.121250375 0
2458134.5 23.6455094695 0 22.131907072 0
2458135.5 22.7036540129 0 21.2073165485 0
2458136.5 22.6959940874 0 21.1999085938 0
2458137.5 22.080719609 0 20.5960264055 0
2458138.5 18.6746304741 0 17.2548381446 0
2458139.5 19.2467347021 0 17.8164559397 0
2458140.5 19.3812169739 0 17.9485701749 0
2458141.5 18.5017022367 0 17.0852258618 0
2458142.5 20.163876466 0 18.7178349359 0
2458143.5 20.7523654623 0 19.2953823071 0
2458144.5 20.8849390958 0 19.4256162657 0
2458145.5 20.6772107857 0 19.2218686393 0
2458146.5 20.5824539272 0 19.1289827487 0
2458147.5 20.1902658036 0 18.7440380474 0
2458148.5 25.7415303546 0 24.1924481032 0
2458149.5 26.2508060012 0 24.692577264 0
2458150.5 26.2292350429 0 24.6712853654 0
2458151.5 25.3336535842 0 23.7919909807 0
2458152.5 25.410599075 0 23.8673997791 0
2458153.5 17.8934082646 0 16.4918129645 0
2458154.5 17.5189672764 0 16.1242483803 0
2458155.5 16.7481679085 0 15.3676759765 0
2458156.5 16.3367113223 0 14.9638887261 0
2458157.5 16.1227785244 0 14.7538008338 0
2458158.5 21.2080674649 0 19.746414258 0
2458159.5 21.0748522269 0 19.6155801812 0
2458160.5 20.2424749621 0 18.7984923963 0
2458161.5 19.510726069 0 18.0802570716 0
2458162.5 18.9257028524 0 17.5060551755 0
2458163.5 19.0655157947 0 17.6431688816 0
2458164.5 17.4241100116 0 16.0343263604 0
2458165.5 17.5332383508 0 16.1413823604 0
2458166.5 17.3028569653 0 15.9152777209 0
2458167.5 17.9648968579 0 16.5652155687 0
2458168.5 18.4102323048 0 17.002331815 0
2458169.5 23.5591365448 0 22.0583157712 0
2458170.5 23.1690550094 0 21.675405375 0
2458171.5 23.6717009902 0 22.1686527985 0
2458172.5 23.6173208324 0 22.1152205756 0
2458173.5 26.4062843495 0 24.8552188405 0
2458174.5 26.9402611848 0 25.3796849202 0
2458175.5 26.5493642322 0 24.995904736 0
2458176.5 26.4696818388 0 24.9176506748 0
2458177.5 27.3428505784 0 25.7752290614 0
2458178.5 23.1392900397 0 21.6458094059 0
2458179.5 23.9147531265 0 22.4068013739 0
2458180.5 24.3970343867 0 22.8803631611 0
2458181.5 24.4926790437 0 22.974418705 0
2458182.5 25.1063934107 0 23.5768965577 0
2458183.5 25.0457715509 0 23.5175814235 0
2458184.5 19.9201182296 0 18.4876672591 0
2458185.5 20.4269368224 0 18.9852282069 0
2458186.5 20.3493081955 0 18.9091885936 0
2458187.5 20.9343523874 0 19.4833508015 0
2458188.5 16.6226814277 0 15.2531020549 0
2458189.5 16.6427037989 0 15.2727324439 0
2458190.5 16.156644394 0 14.795645473 0
2458191.5 16.239916947 0 14.8775474128 0
2458192.5 16.0127052083 0 14.6546057536 0
2458193.5 26.764970367 0 25.2102139899 0
2458194.5 25.9791679889 0 24.4383792764 0
2458195.5 25.9045081662 0 24.364893912 0
2458196.5 26.0480560897 0 24.5056686485 0
2458197.5 25.1198464515 0 23.5944436531 0
2458198.5 24.8989926348 0 23.3777384107 0
2458199.5 17.4873319912 0 16.105258878 0
2458200.5 17.3746995379 0 15.9945883908 0
2458201.5 16.4423168274 0 15.0794433313 0
2458202.5 16.4288024645 0 15.0661039419 0
2458203.5 15.6572337722 0 14.3089190234 0
2458204.5 24.2627569491 0 22.7530647705 0
2458205.5 23.6485810422 0 22.1502228236 0
2458206.5 24.1961421737 0 22.6878641366 0
2458207.5 24.4978429881 0 22.9838994969 0
2458208.5 25.0336308024 0 23.5099127556 0
2458209.5 24.9367486526 0 23.4149962436 0
2458210.5 16.4578559992 0 15.0932167006 0
2458211.5 16.1112252141 0 14.7531856694 0
2458212.5 16.8007915834 0 15.4298392533 0
2458213.5 16.1004592821 0 14.7424210905 0
2458214.5 15.8558368627 0 14.5021993236 0
2458215.5 16.6060694697 0 15.2369943881 0
2458216.5 16.8579165046 0 15.484325307 0
2458217.5 16.2958632316 0 14.9328908606 0
2458218.5 15.9069593549 0 14.55113632 0
2458219.5 15.1036748608 0 13.7627985127 0
2458220.5 15.433042419 0 14.0862215406 0
2458221.5 24.5307794947 0 23.0135521292 0
2458222.5 24.0339684172 0 22.5257116466 0
2458223.5 24.3955356878 0 22.8807402133 0
2458224.5 25.1548236537 0 23.6259257117 0
2458225.5 21.237004612 0 19.7813308816 0
2458226.5 21.2796219813 0 19.8231252621 0
2458227.5 20.7275113215 0 19.281376374 0
2458228.5 20.5538472967 0 19.1108387592 0
2458229.5 17.8811338993 0 16.485149326 0
2458230.5 17.1996703887 0 15.8162701973 0
2458231.5 17.2780646967 0 15.8930784556 0
2458232.5 16.5638004832 0 15.1919960705 0
2458233.5 16.9919362469 0 15.6120052609 0
2458234.5 17.875940967 0 16.4796630703 0
2458235.5 16.75140664 0 15.37554563 0
2458236.5 16.6776384147 0 15.3031418695 0
2458237.5 16.9028169103 0 15.5240407596 0
2458238.5 16.4653107437 0 15.0946058049 0
2458239.5 16.4108325444 0 15.0412221588 0
2458240.5 18.257125713 0 16.8548370281 0
2458241.5 17.5695103825 0 16.1800840477 0
2458242.5 17.4659943549 0 16.0783275381 0
2458243.5 18.295527481 0 16.8923087173 0
2458244.5 18.4486032812 0 17.0424221757 0
2458245.5 21.9921633854 0 20.5228730347 0
2458246.5 22.568350704 0 21.0884484482 0
2458247.5 22.2028606709 0 20.7296185211 0
2458248.5 21.4073264427 0 19.948773607 0
2458249.5 24.9843292041 0 23.4622998347 0
2458250.5 24.0710139368 0 22.5658834551 0
2458251.5 24.7488746038 0 23.2313758401 0
2458252.5 24.7948263728 0 23.2763766545 0
2458253.5 24.7947652573 0 23.2762110848 0
2458254.5 25.428421301 0 23.8983423261 0
2458255.5 22.8227188264 0 21.3426524218 0
2458256.5 23.4523890867 0 21.9606702024 0
2458257.5 23.6446880889 0 22.1493381379 0
2458258.5 23.2529216115 0 21.7647745269 0
2458259.5 22.5887952311 0 21.1130577542 0
2458260.5 21.0011907426 0 19.5561825573 0
2458261.5 20.7550972589 0 19.3147422575 0
2458262.5 20.8625536912 0 19.4202872981 0
2458263.5 20.5107350332 0 19.0750860643 0
2458264.5 17.1285103277 0 15.7552235046 0
2458265.5 16.4250059718 0 15.0647423933 0
2458266.5 16.7292923882 0 15.3634132358 0
2458267.5 15.9989866754 0 14.6467746577 0
2458268.5 16.6788955333 0 15.3138727212 0
2458269.5 26.1650420439 0 24.6226363435 0
2458270.5 26.6932916794 0 25.1413816884 0
2458271.5 26.8619074093 0 25.3070029915 0
2458272.5 26.112278093 0 24.5707474765 0
2458273.5 26.049271725 0 24.5088624297 0
2458274.5 26.2397125264 0 24.6959387311 0
2458275.5 23.0125787443 0 21.5287412458 0
2458276.5 23.0006295468 0 21.516960344 0
2458277.5 23.1691654022 0 21.6822624812 0
2458278.5 22.5402512612 0 21.0648717432 0
2458279.5 21.9199684284 0 20.4561235942 0
2458280.5 22.1388127888 0 20.670778336 0
2458281.5 26.6972736882 0 25.1453864432 0
2458282.5 26.8082011326 0 25.2543640351 0
2458283.5 26.4809122635 0 24.9329898691 0
2458284.5 26.7839188965 0 25.2304865513 0
2458285.5 26.9830135397 0 25.4258728084 0
2458286.5 26.8787702458 0 25.3234935749 0
2458287.5 24.8192125456 0 23.3034020458 0
2458288.5 24.5812960814 0 23.0697240577 0
2458289.5 25.1714613594 0 23.6488859878 0
2458290.5 24.5047861717 0 22.9943304937 0
2458291.5 23.2658804519 0 21.7787123916 0
2458292.5 22.4080466233 0 20.9366800235 0
2458293.5 21.7637644427 0 20.304499196 0
2458294.5 22.1995386582 0 20.7321774613 0
2458295.5 22.315003432 0 20.8453301533 0
2458296.5 24.0392742058 0 22.5406772536 0
2458297.5 23.6991976993 0 22.2070546804 0
2458298.5 22.7854582311 0 21.3101925573 0
2458299.5 23.6080913683 0 22.1177731515 0
2458300.5 21.8060841108 0 20.349830147 0
2458301.5 22.2749115494 0 20.8097895895 0
2458302.5 22.8146786097 0 21.3395950271 0
2458303.5 22.8836359749 0 21.407277628 0
2458304.5 26.6948742484 0 25.1472207804 0
2458305.5 25.9148628449 0 24.3812931201 0
2458306.5 25.4184534448 0 23.8941604586 0
2458307.5 25.4329243216 0 23.9085514962 0
2458308.5 17.8636347935 0 16.4798463481 0
2458309.5 17.7799201692 0 16.3976592418 0
2458310.5 18.5024779938 0 17.1068213353 0
2458311.5 19.0038782406 0 17.5988413699 0
2458312.5 19.7813051392 0 18.3616702436 0
2458313.5 20.6221541988 0 19.186757439 0
2458314.5 23.777820836 0 22.2858577115 0
2458315.5 23.4442480761 0 21.958324015 0
2458316.5 23.6766763268 0 22.1864229023 0
2458317.5 23.4075567999 0 21.9224154924 0
2458318.5 26.3006439926 0 24.7606769679 0
2458319.5 27.2291473649 0 25.6725524102 0
2458320.5 26.4017456516 0 24.8600527653 0
2458321.5 25.7877780277 0 24.2571116019 0
2458322.5 25.2703025977 0 23.7489494282 0
2458323.5 21.7940356051 0 20.3369068394 0
2458324.5 21.3447390613 0 19.8958769052 0
2458325.5 21.6139321873 0 20.159890986 0
2458326.5 21.7648368609 0 20.3080620171 0
2458327.5 26.3240597822 0 24.7809696557 0
2458328.5 27.1820686749 0 25.6237641118 0
2458329.5 26.820895421 0 25.2689250163 0
2458330.5 26.4475355774 0 24.9021054259 0
2458331.5 25.5821803067 0 24.0524581542 0
2458332.5 26.0072773651 0 24.4698647543 0
2458333.5 20.4436476787 0 19.0083053655 0
2458334.5 20.120408809 0 18.6910074035 0
2458335.5 20.7517089172 0 19.3104994805 0
2458336.5 20.7109443747 0 19.2705187432 0
2458337.5 20.3479336559 0 18.9141538918 0
2458338.5 16.7277116616 0 15.36258962 0
2458339.5 16.9383009612 0 15.569115223 0
2458340.5 17.0334453166 0 15.6623114122 0
2458341.5 17.6079379884 0 16.2262957532 0
2458342.5 18.084287515 0 16.6923237389 0
2458343.5 18.8820556769 0 17.4751060992 0
2458344.5 18.5663820416 0 17.1654751538 0
2458345.5 19.2163327633 0 17.8035556384 0
2458346.5 19.2206730783 0 17.8078440167 0
2458347.5 18.5388304383 0 17.1387614101 0
2458348.5 21.9127840546 0 20.4523115784 0
2458349.5 21.7429047421 0 20.285605255 0
2458350.5 22.4869564565 0 21.0157912293 0
2458351.5 21.6674201833 0 20.2115725769 0
2458352.5 21.5269243779 0 20.0737869169 0
2458353.5 21.462544498 0 20.0105055417 0
2458354.5 20.6176052522 0 19.1843452459 0
2458355.5 21.2775200551 0 19.8322158732 0
2458356.5 20.457897315 0 19.0279129233 0
2458357.5 20.5487446149 0 19.1171187087 0
2458358.5 26.768068785 0 25.2231565197 0
2458359.5 26.3494153206 0 24.8119997069 0
2458360.5 25.7657021887 0 24.2390397616 0
2458361.5 26.2866236083 0 24.7503126001 0
2458362.5 25.4483676739 0 23.927571747 0
2458363.5 25.5745101187 0 24.0545587053 0
2458364.5 25.6180026593 0 24.0971452533 0
2458365.5 26.5499497248 0 25.0121671479 0
2458366.5 26.8289172378 0 25.2863173523 0
2458367.5 27.1017363626 0 25.5544090906 0
2458368.5 27.2862785288 0 25.7355484824 0
2458369.5 20.7227901456 0 19.2923153921 0
2458370.5 20.404547759 0 18.9798153754 0
2458371.5 20.9057564482 0 19.4716479056 0
2458372.5 20.5437804574 0 19.1162908911 0
2458373.5 21.1835522321 0 19.7441687607 0
2458374.5 18.4868696747 0 17.0978484257 0
2458375.5 17.6090767669 0 16.2362900371 0
2458376.5 18.2773843771 0 16.8922764588 0
2458377.5 18.9290692634 0 17.5317418427 0
2458378.5 17.8561927981 0 16.4794594645 0
2458379.5 17.4320899388 0 16.0632635138 0
2458380.5 17.5779255534 0 16.2062745799 0
2458381.5 16.9851035509 0 15.6242700873 0
2458382.5 17.1939376379 0 15.8279723596 0
2458383.5 16.85800005 0 15.4981928737 0
2458384.5 17.2953361024 0 15.9273857511 0
2458385.5 17.2507448885 0 15.8834376635 0
2458386.5 16.4868992685 0 15.1336107076 0
2458387.5 16.9486014624 0 15.5867832887 0
2458388.5 22.8510623121 0 21.3770745117 0
2458389.5 23.7430929568 0 22.2525967879 0
2458390.5 23.7325880266 0 22.2421239494 0
2458391.5 22.9977701773 0 21.5207748692 0
2458392.5 27.3672106949 0 25.8095028194 0
2458393.5 27.8345097547 0 26.2687241166 0
2458394.5 27.8924222525 0 26.3254431198 0
2458395.5 28.0601814817 0 26.490557601 0
2458396.5 27.1858910821 0 25.6315116575 0
2458397.5 26.4734200137 0 24.9316820529 0
2458398.5 21.0051834043 0 19.5651363149 0
2458399.5 21.7783408935 0 20.3238467008 0
2458400.5 21.1770072443 0 19.7335743211 0
2458401.5 21.5443489211 0 20.0939864431 0
2458402.5 26.7815057676 0 25.2338526142 0
2458403.5 26.4563020834 0 24.9146526302 0
2458404.5 27.1579450091 0 25.6038830453 0
2458405.5 27.5279040153 0 25.9673107768 0
2458406.5 27.2775258568 0 25.7225434088 0
2458407.5 27.2293089677 0 25.6751008819 0
2458408.5 26.6144406918 0 25.0712344875 0
2458409.5 26.4909428878 0 24.9501281108 0
2458410.5 26.10220091 0 24.5683139196 0
2458411.5 25.6336077342 0 24.1081914493 0
2458412.5 25.457117606 0 23.9357932263 0
2458413.5 26.2950143808 0 24.75823408 0
2458414.5 26.7226489013 0 25.1782031532 0
2458415.5 27.2643507627 0 25.7101309164 0
2458416.5 27.3020803623 0 25.7472765172 0
2458417.5 19.0826405046 0 17.6819440244 0
2458418.5 18.3206407065 0 16.9340345378 0
2458419.5 19.0856442259 0 17.6846951245 0
2458420.5 18.9770809559 0 17.5779529671 0
2458421.5 20.9464482864 0 19.5083845927 0
2458422.5 21.4995883404 0 20.0512204556 0
2458423.5 21.0566155206 0 19.6164453987 0
2458424.5 20.4363980281 0 19.0075582043 0
2458425.5 21.1658560967 0 19.7235114162 0
2458426.5 20.5498244866 0 19.1190588508 0
2458427.5 21.2635422271 0 19.8221893108 0
2458428.5 21.7160711337 0 20.2665207366 0
2458429.5 21.9903408168 0 20.5355395436 0
2458430.5 22.237471935 0 20.778018847 0
2458431.5 27.1430153812 0 25.593820329 0
2458432.5 27.256600727 0 25.7054874659 0
2458433.5 26.8140228162 0 25.2708582723 0
2458434.5 25.894283225 0 24.3676296784 0
2458435.5 19.81606518 0 18.4030457918 0
2458436.5 20.7426751341 0 19.3125455882 0
2458437.5 21.1620657723 0 19.7241723085 0
2458438.5 20.9614551208 0 19.5271209569 0
2458439.5 23.6530392613 0 22.167705004 0
2458440.5 23.4719842331 0 21.9899396103 0
2458441.5 24.2592010218 0 22.7625664189 0
2458442.5 24.2654626057 0 22.7685502348 0
2458443.5 17.9594864306 0 16.5802401455 0
2458444.5 17.2157548157 0 15.8503356616 0
2458445.5 17.058599167 0 15.696001831 0
2458446.5 17.6745489525 0 16.3003735061 0
2458447.5 17.7437641905 0 16.3683293824 0
2458448.5 21.563001328 0 20.1163403859 0
2458449.5 22.4695694923 0 21.0062435947 0
2458450.5 21.5513242027 0 20.1051388984 0
2458451.5 21.918236331 0 20.4650569753 0
2458452.5 19.6278727892 0 18.2169130918 0
2458453.5 18.8142870202 0 17.4185538202 0
2458454.5 18.7727942388 0 17.3778791818 0
2458455.5 19.4978320491 0 18.0894738974 0
2458456.5 19.6774534967 0 18.2656606494 0
2458457.5 18.7549373339 0 17.3601195777 0
2458458.5 18.1208697545 0 16.7364581908 0
2458459.5 18.1556992102 0 16.7708431968 0
2458460.5 18.7837863676 0 17.3874078094 0
2458461.5 19.1387570022 0 17.7356144268 0
2458462.5 25.0360402366 0 23.525490575 0
2458463.5 25.4147075678 0 23.8971055349 0
2458464.5 26.2108852207 0 24.6788960064 0
2458465.5 26.7709036612 0 25.2287515303 0
2458466.5 26.889671027 0 25.3454770551 0
2458467.5 25.9590667281 0 24.4318043342 0
2458468.5 26.9748742141 0 25.4290465451 0
2458469.5 26.2912350179 0 24.7577527627 0
2458470.5 26.2771535249 0 24.7440855562 0
2458471.5 26.5299327066 0 24.9920964479 0
2458472.5 18.5548381589 0 17.1669745272 0
2458473.5 18.7417857264 0 17.3505520342 0
2458474.5 19.6232462566 0 18.2157336386 0
2458475.5 19.1949761453 0 17.7955393983 0
2458476.5 27.4917537421 0 25.940936985 0
2458477.5 27.7458852652 0 26.1906952731 0
2458478.5 27.7233134818 0 26.1684264456 0
2458479.5 28.3149750254 0 26.7500208496 0
2458480.5 18.6591775284 0 17.2709319532 0
2458481.5 18.9929533958 0 17.5983812407 0
2458482.5 19.8969783419 0 18.4858107285 0
2458483.5 20.0223212022 0 18.6087368879 0
2458484.5 20.1914348947 0 18.7745838969 0
2458485.5 18.2323942116 0 16.8518104866 0
2458486.5 17.8981922946 0 16.5236146551 0
2458487.5 18.5951853016 0 17.2078142955 0
2458488.5 18.7294944375 0 17.3395890829 0
2458489.5 18.8447521739 0 17.4526332613 0
2458490.5 22.0650919439 0 20.6161953624 0
2458491.5 22.2470316172 0 20.7947641738 0
2458492.5 21.6198405132 0 20.1792571207 0
2458493.5 20.8181302777 0 19.3922386183 0
2458494.5 21.5206034933 0 20.0818435102 0
2458495.5 21.5219011596 0 20.0829689435 0
2458496.5 24.0962611981 0 22.6091755709 0
2458497.5 23.3342351764 0 21.861236818 0
2458498.5 24.2527270998 0 22.7626394318 0
2458499.5 23.6341644346 0 22.1553311149 0
2458500.5 24.4408442339 0 22.9471260894 0
2458501.5 23.920363597 0 22.4362253655 0
2458502.5 19.5832137059 0 18.1784924909 0
2458503.5 18.7601260439 0 17.3708281589 0
2458504.5 19.3817587104 0 17.9810048235 0
2458505.5 18.790641747 0 17.4007579642 0
2458506.5 18.6133313885 0 17.2265531694 0
2458507.5 19.3470463111 0 17.9466271334 0
2458508.5 18.4098810966 0 17.0256644938 0
2458509.5 17.4716512713 0 16.1046454537 0
2458510.5 17.0668660165 0 15.7073617096 0
2458511.5 16.9396868732 0 15.5823724279 0
2458512.5 17.4494211123 0 16.0826874526 0
2458513.5 17.9055861784 0 16.5305211478 0
2458514.5 22.4127253128 0 20.9536832301 0
2458515.5 22.7583561672 0 21.2930596447 0
2458516.5 23.4706675733 0 21.9923137037 0
2458517.5 23.1297918979 0 21.6577714698 0
2458518.5 22.9152460178 0 21.4471398621 0
2458519.5 21.9971663424 0 20.5459430776 0
2458520.5 25.9463392601 0 24.4197221801 0
2458521.5 25.5318831345 0 24.0129334418 0
2458522.5 24.6658861178 0 23.1629488398 0
2458523.5 24.911019455 0 23.4034372126 0
2458524.5 25.393403897 0 23.8769143457 0
2458525.5 25.1852362151 0 23.6725437103 0
2458526.5 17.8586857275 0 16.4833753819 0
2458527.5 16.9313257886 0 15.5731445681 0
2458528.5 17.6267439826 0 16.2557212405 0
2458529.5 17.4527933388 0 16.0850305958 0
2458530.5 16.6113798205 0 15.259364908 0
2458531.5 17.0815190759 0 15.72072672 0
2458532.5 17.5442328002 0 16.173774291 0
2458533.5 17.331937757 0 15.9653058956 0
2458534.5 16.8766683448 0 15.5182942766 0
2458535.5 17.4440765277 0 16.075142118 0
2458536.5 24.0053445597 0 22.5164558303 0
2458537.5 24.2522760438 0 22.7588835721 0
2458538.5 23.8220216444 0 22.3367782041 0
2458539.5 23.9041964316 0 22.4173638795 0
2458540.5 24.4000711198 0 22.9040160049 0
2458541.5 19.7135726119 0 18.3041921744 0
2458542.5 19.772541237 0 18.3619091695 0
2458543.5 20.222750284 0 18.8038153613 0
2458544.5 20.8444783286 0 19.414180797 0
2458545.5 25.3922215425 0 23.8755155386 0
2458546.5 25.8517791307 0 24.3265603425 0
2458547.5 26.3923289719 0 24.8574645672 0
2458548.5 26.9502727838 0 25.4053634637 0
2458549.5 27.7925284056 0 26.2328225391 0
2458550.5 23.7149957851 0 22.2277261273 0
2458551.5 23.0806464135 0 21.6050552666 0
2458552.5 23.7342919287 0 22.2466257371 0
2458553.5 23.6006184485 0 22.1152342872 0
2458554.5 23.1982758851 0 21.7201472576 0
2458555.5 22.9369273748 0 21.4631163188 0
2458556.5 22.9142887989 0 21.4407575548 0
2458557.5 23.285921264 0 21.8055244297 0
2458558.5 24.0324687434 0 22.5382865356 0
2458559.5 21.3932272875 0 19.947367003 0
2458560.5 21.7511157224 0 20.298685415 0
2458561.5 21.1147563698 0 19.6742202691 0
2458562.5 20.3101261055 0 18.8844001883 0
2458563.5 20.0113086538 0 18.5910350803 0
2458564.5 25.7292259122 0 24.2018969461 0
2458565.5 25.0075247609 0 23.4932966306 0
2458566.5 25.4455122344 0 23.92314229 0
2458567.5 24.8551190748 0 23.3435036758 0
2458568.5 24.510578714 0 23.0052151756 0
2458569.5 17.7765601337 0 16.3980688047 0
2458570.5 17.5718082902 0 16.1972708922 0
2458571.5 18.1982727868 0 16.8120747513 0
2458572.5 18.6039177249 0 17.2101736492 0
2458573.5 19.1598883644 0 17.7558808723 0
2458574.5 19.3440918183 0 17.9367684301 0
2458575.5 19.2145184788 0 17.810467973 0
2458576.5 19.537695355 0 18.1277248463 0
2458577.5 18.9137190545 0 17.5154335817 0
2458578.5 19.1526352631 0 17.7499068315 0
2458579.5 19.3064508955 0 17.9006709088 0
2458580.5 17.4629302994 0 16.0885454985 0
2458581.5 16.6368112787 0 15.2777163353 0
2458582.5 16.5106472739 0 15.1539953018 0
2458583.5 15.6421447373 0 14.30148519 0
2458584.5 15.375151664 0 14.0394279359 0
2458585.5 27.2551396528 0 25.7024355889 0
2458586.5 27.5203096392 0 25.962936701 0
2458587.5 27.5404531923 0 25.9829651522 0
2458588.5 27.9171846748 0 26.3530866898 0
2458589.5 26.8364252791 0 25.2942046091 0
2458590.5 26.4608154143 0 24.9253641335 0
2458591.5 27.3397923469 0 25.7886551833 0
2458592.5 27.1489365319 0 25.6011795794 0
2458593.5 19.0845353705 0 17.6835386642 0
2458594.5 19.8498511873 0 18.4347113459 0
2458595.5 20.3458297908 0 18.9216891146 0
2458596.5 21.1936080742 0 19.7539453745 0
2458597.5 21.9215337609 0 20.4685002916 0
2458598.5 21.0953198765 0 19.6575489198 0
2458599.5 25.2780113988 0 23.7626150951 0
2458600.5 24.945884745 0 23.4365850934 0
2458601.5 25.5155615684 0 23.9957298571 0
2458602.5 25.9900224582 0 24.4616815165 0
2458603.5 25.6525749853 0 24.1303738341 0
2458604.5 26.0004740185 0 24.471866166 0
2458605.5 22.8680378283 0 21.3968712383 0
2458606.5 22.4537334909 0 20.9903927362 0
2458607.5 23.0889474565 0 21.613680664 0
2458608.5 23.9183875715 0 22.4276268352 0
2458609.5 18.6144505561 0 17.222235391 0
2458610.5 18.2088021588 0 16.8242143791 0
2458611.5 17.8895197798 0 16.5110449973 0
2458612.5 18.3715968047 0 16.984043191 0
2458613.5 18.2329075942 0 16.8482811165 0
2458614.5 18.6547381143 0 17.262334787 0
2458615.5 18.8227729231 0 17.4271779787 0
2458616.5 18.6181591615 0 17.2261919949 0
2458617.5 18.4051072624 0 17.0169845997 0
2458618.5 23.4248473457 0 21.9434058329 0
2458619.5 23.2378926313 0 21.7598108967 0
2458620.5 23.8804740529 0 22.3903245889 0
2458621.5 24.447670144 0 22.9469962896 0
2458622.5 24.773143682 0 23.2665324279 0
2458623.5 17.0363238131 0 15.6744560799 0
2458624.5 17.1735376419 0 15.8091159257 0
2458625.5 16.2818838987 0 14.9339559302 0
2458626.5 15.9529822945 0 14.6110443242 0
2458627.5 22.4642216965 0 20.9988065875 0
2458628.5 21.7603051961 0 20.3081097466 0
2458629.5 22.1689809202 0 20.7091920402 0
2458630.5 22.6174419231 0 21.1492526614 0
2458631.5 23.5480022134 0 22.0627486752 0
2458632.5 23.12611118 0 21.6487028237 0
2458633.5 21.5018288017 0 20.0541247711 0
2458634.5 21.0370793908 0 19.5981895741 0
2458635.5 20.4404538414 0 19.0127383704 0
2458636.5 19.5297813205 0 18.1190759248 0
2458637.5 20.0544700489 0 18.6338432339 0
2458638.5 20.7926831634 0 19.358432906 0
2458639.5 27.5262862422 0 25.967855534 0
2458640.5 28.2235543713 0 26.6535445456 0
2458641.5 27.4183654771 0 25.8619110907 0
2458642.5 28.1078371593 0 26.5397838844 0
2458643.5 28.0310300473 0 26.4643767241 0
2458644.5 19.4968978514 0 18.0838819935 0
2458645.5 19.013853724 0 17.6098352551 0
2458646.5 19.2232040721 0 17.8154078618 0
2458647.5 20.0372574677 0 18.6145002563 0
2458648.5 19.2473842965 0 17.8393288178 0
2458649.5 18.6087962757 0 17.2123856796 0
2458650.5 20.7256316559 0 19.2898541955 0
2458651.5 21.2844109879 0 19.8380887302 0
2458652.5 20.9798303567 0 19.5389784461 0
2458653.5 21.4814555995 0 20.0313021316 0
2458654.5 20.8466360212 0 19.4082343479 0
2458655.5 21.5753890325 0 20.1233438055 0
2458656.5 22.0133777233 0 20.5512836674 0
2458657.5 22.2781071782 0 20.8111381724 0
2458658.5 22.1977577504 0 20.7323373024 0
2458659.5 21.6321303344 0 20.1770731377 0
2458660.5 22.0032844445 0 20.5415522268 0
2458661.5 18.6286634771 0 17.2302087991 0
2458662.5 19.5173527689 0 18.1025740639 0
2458663.5 20.2793773928 0 18.8505962968 0
2458664.5 20.6218309239 0 19.1866773568 0
2458665.5 19.7723334534 0 18.353010365 0
2458666.5 24.9846299657 0 23.4718412543 0
2458667.5 24.2421049301 0 22.7431629849 0
2458668.5 24.4599701053 0 22.9570833659 0
2458669.5 24.800855039 0 23.2916856845 0
2458670.5 24.6228058573 0 23.1168704705 0
2458671.5 24.833484577 0 23.3235194437 0
2458672.5 22.4953489109 0 21.0311813869 0
2458673.5 21.6266614262 0 20.1785131955 0
2458674.5 20.8539819112 0 19.4202694746 0
2458675.5 20.5412322384 0 19.1131303001 0
2458676.5 20.9153004239 0 19.4804080162 0
2458677.5 25.3093130494 0 23.7937807746 0
2458678.5 25.8588812241 0 24.3331111366 0
2458679.5 25.4857154817 0 23.9666722016 0
2458680.5 24.5827345366 0 23.0803797335 0
2458681.5 23.6956221072 0 22.209812064 0
2458682.5 24.8843387653 0 23.3779263041 0
2458683.5 25.7640420764 0 24.2413246005 0
2458684.5 25.6648203086 0 24.1439768576 0
2458685.5 25.9015161393 0 24.3763980984 0
2458686.5 25.0045271737 0 23.4958996215 0
2458687.5 17.558814166 0 16.1908890435 0
2458688.5 18.2882729534 0 16.9067182339 0
2458689.5 17.4676929744 0 16.101180804 0
2458690.5 16.7343820038 0 15.3813347295 0
2458691.5 16.5543519208 0 15.2044734351 0
2458692.5 22.3915157025 0 20.9348911265 0
2458693.5 22.2418731125 0 20.7881443767 0
2458694.5 22.9232858689 0 21.457062975 0
2458695.5 22.2274152418 0 20.773993201 0
2458696.5 21.7878869934 0 20.342452387 0
2458697.5 21.9430215975 0 20.4947789103 0
2458698.5 23.5343621095 0 22.0559055615 0
2458699.5 23.1345350624 0 21.6633806677 0
2458700.5 23.8069225685 0 22.3232922505 0
2458701.5 23.2934740954 0 21.8194256415 0
2458702.5 22.7202555431 0 21.2567931272 0
2458703.5 22.3340435375 0 20.8778953519 0
2458704.5 24.0326691742 0 22.5474207968 0
2458705.5 23.8874014775 0 22.4046999545 0
2458706.5 23.775018773 0 22.294543293 0
2458707.5 23.1993325123 0 21.7295700398 0
2458708.5 17.1776237213 0 15.8174859987 0
2458709.5 16.9493452619 0 15.5936002866 0
2458710.5 16.8560687308 0 15.5022381861 0
2458711.5 17.7990740354 0 16.4279183268 0
2458712.5 18.2162308017 0 16.8373006578 0
2458713.5 22.8508235065 0 21.3886381804 0
2458714.5 22.8125214419 0 21.3508622595 0
2458715.5 23.54747129 0 22.0721185701 0
2458716.5 24.2436580769 0 22.7554543782 0
2458717.5 17.4528089321 0 16.0882132556 0
2458718.5 17.6499861504 0 16.2817948022 0
2458719.5 17.5554158161 0 16.1889168675 0
2458720.5 17.6402218788 0 16.2720024673 0
2458721.5 17.861066743 0 16.4885750445 0
2458722.5 17.0362855623 0 15.6792212825 0
2458723.5 23.6455680965 0 22.164064696 0
2458724.5 23.9668155682 0 22.4792321574 0
2458725.5 23.8561570012 0 22.370538048 0
2458726.5 23.961499375 0 22.4737518868 0
2458727.5 23.8285302541 0 22.3431315044 0
2458728.5 21.2561835 0 19.8186234992 0
2458729.5 21.462668527 0 20.0212063932 0
2458730.5 20.9400627842 0 19.5083839023 0
2458731.5 21.2962096216 0 19.8578226386 0
2458732.5 26.346968238 0 24.8179805995 0
2458733.5 27.2050876262 0 25.660614031 0
2458734.5 27.2101295876 0 25.6656259609 0
2458735.5 27.4576505278 0 25.9086406018 0
2458736.5 28.1799168501 0 26.6187231983 0
2458737.5 23.5331115891 0 22.0560620843 0
2458738.5 23.3549879735 0 21.8811175007 0
2458739.5 24.2548376063 0 22.7644807572 0
2458740.5 24.4526540833 0 22.9586515774 0
2458741.5 24.9954213467 0 23.4913216896 0
2458742.5 26.6941545189 0 25.1566086721 0
2458743.5 26.5208440439 0 24.9866024999 0
2458744.5 26.2706116939 0 24.7408079157 0
2458745.5 25.6314700918 0 24.1135078955 0
2458746.5 22.7151449917 0 21.2511441513 0
2458747.5 22.4564993834 0 20.9971109769 0
2458748.5 22.7071374854 0 21.2431959928 0
2458749.5 22.2779434565 0 20.8217827223 0
2458750.5 21.6867718134 0 20.2415556992 0
2458751.5 20.8737523108 0 19.4435222355 0
2458752.5 17.8036193975 0 16.4319275955 0
2458753.5 17.2521369733 0 15.8906440682 0
2458754.5 16.4382074233 0 15.0916274612 0
2458755.5 17.3635248115 0 15.9999107424 0
2458756.5 17.0660648861 0 15.7079844678 0
2458757.5 16.5130511139 0 15.1650628465 0
2458758.5 17.3423518555 0 15.9773082948 0
2458759.5 16.9759276628 0 15.6174923092 0
2458760.5 17.5074523878 0 16.139204065 0
2458761.5 17.3002406374 0 15.9357385507 0
2458762.5 27.7104447402 0 26.1534601129 0
2458763.5 27.8914569095 0 26.3315221847 0
2458764.5 27.9431108006 0 26.3822383203 0
2458765.5 28.6580674704 0 27.0856149533 0
2458766.5 29.0014941689 0 27.4238083471 0
2458767.5 17.840680761 0 16.4682020025 0
2458768.5 17.9875380813 0 16.6122944919 0
2458769.5 17.5055845989 0 16.1391119896 0
2458770.5 17.8134455833 0 16.4413581441 0
2458771.5 18.3196747365 0 16.9383546809 0
2458772.5 18.6653548246 0 17.277664744 0
2458773.5 26.7938990436 0 25.2575532897 0
2458774.5 26.9838359677 0 25.44391156 0
2458775.5 26.7588739933 0 25.2229005215 0
2458776.5 26.7383294598 0 25.2026789547 0
2458777.5 26.6949647654 0 25.1602502045 0
2458778.5 20.9796981185 0 19.5506208537 0
2458779.5 21.7118794271 0 20.2691054304 0
2458780.5 22.1863383141 0 20.7347200181 0
2458781.5 22.1861317513 0 20.7346975897 0
2458782.5 18.3167939516 0 16.9365490856 0
2458783.5 17.6573263132 0 16.289188463 0
2458784.5 17.7714520118 0 16.4012683933 0
2458785.5 17.2319513257 0 15.8719053033 0
2458786.5 18.1297023068 0 16.7530790209 0
2458787.5 23.5434409873 0 22.064518193 0
2458788.5 23.6137234959 0 22.1335823212 0
2458789.5 24.4433148004 0 22.9478371496 0
2458790.5 24.1364681333 0 22.6467022799 0
2458791.5 17.4064337551 0 16.0426351305 0
2458792.5 17.944137585 0 16.5704875436 0
2458793.5 18.8133828816 0 17.4234541501 0
2458794.5 18.1521492814 0 16.7746161876 0
2458795.5 18.4728595249 0 17.089495703 0
2458796.5 17.1680920201 0 15.8076035361 0
2458797.5 16.3380837017 0 14.9931921077 0
2458798.5 17.0390515882 0 15.6811675964 0
2458799.5 17.906051945 0 16.5319753959 0
2458800.5 17.9071709481 0 16.5329409283 0
2458801.5 18.3447392663 0 16.9622265625 0
2458802.5 21.0145923095 0 19.5809963661 0
2458803.5 20.7970276552 0 19.3674192698 0
2458804.5 20.8496161895 0 19.4190339988 0
2458805.5 20.9416304432 0 19.5092444363 0
2458806.5 19.2357189631 0 17.8323410277 0
2458807.5 18.583003289 0 17.1916843713 0
2458808.5 17.7009620338 0 16.3260303112 0
2458809.5 17.1067888329 0 15.7427650815 0
2458810.5 25.5306349068 0 24.0124764351 0
2458811.5 25.3271592954 0 23.8126584392 0
2458812.5 25.4641890255 0 23.9469776647 0
2458813.5 26.071851205 0 24.5434142195 0
2458814.5 25.2685036569 0 23.7547110999 0
2458815.5 24.8661323129 0 23.3599093373 0
2458816.5 26.0935782436 0 24.5658887168 0
2458817.5 25.9560516774 0 24.4308024601 0
2458818.5 25.1245769206 0 23.6145966328 0
2458819.5 24.3099513205 0 22.8151239395 0
2458820.5 23.5743877443 0 22.0932380803 0
2458821.5 22.1654360604 0 20.712036838 0
2458822.5 21.3649496575 0 19.9262382153 0
2458823.5 21.0995376526 0 19.6659260255 0
2458824.5 21.2736406251 0 19.8369398311 0
2458825.5 21.6985797108 0 20.2539463672 0
2458826.5 22.4418575305 0 20.9833988325 0
2458827.5 27.9089437861 0 26.3526650634 0
2458828.5 28.1264390187 0 26.566348507 0
2458829.5 27.4766213822 0 25.9275714661 0
2458830.5 26.9061142655 0 25.3670145947 0
2458831.5 26.649473887 0 25.1148632279 0
2458832.5 21.4552824445 0 20.019257012 0
2458833.5 22.034327367 0 20.5877682814 0
2458834.5 22.5829189021 0 21.1260234141 0
2458835.5 22.0083714758 0 20.5622250629 0
2458836.5 22.2358286359 0 20.7854092798 0
2458837.5 25.1694268675 0 23.664672539 0
2458838.5 26.0839248318 0 24.5623292373 0
2458839.5 26.5640489644 0 25.0339035307 0
2458840.5 27.3834928834 0 25.8387835986 0
2458841.5 27.3746714838 0 25.8302012532 0
2458842.5 26.957680772 0 25.4223555008 0
2458843.5 26.5550610601 0 25.0269165676 0
2458844.5 26.4554799066 0 24.9291687806 0
2458845.5 26.8749886499 0 25.3412824298 0
2458846.5 27.2431081661 0 25.7029509695 0
2458847.5 21.3560600825 0 19.9218323924 0
2458848.5 21.749075498 0 20.307624907 0
2458849.5 22.2969351668 0 20.8453346471 0
2458850.5 21.6859173836 0 20.2455926773 0
2458851.5 22.160158638 0 20.7110501231 0
2458852.5 22.767268473 0 21.3070383573 0
2458853.5 21.8973035871 0 20.4531072891 0
2458854.5 22.3665931109 0 20.9138655214 0
2458855.5 21.471063102 0 20.0347595695 0
2458856.5 18.5654752629 0 17.1841169804 0
2458857.5 19.2075133526 0 17.8144190996 0
2458858.5 18.5946409203 0 17.2127972914 0
2458859.5 19.0057668517 0 17.6161117545 0
2458860.5 23.1179353277 0 21.6515955238 0
2458861.5 23.4332621177 0 21.960992663 0
2458862.5 23.6801432839 0 22.2034991928 0
2458863.5 23.7019442133 0 22.2247552379 0
2458864.5 23.1657963444 0 21.6983825138 0
2458865.5 23.5212143532 0 22.0472855775 0
2458866.5 23.6463508207 0 22.1713888436 0
2458867.5 23.3462683356 0 21.8768946209 0
2458868.5 23.6237836785 0 22.1491463545 0
2458869.5 23.7685924338 0 22.2912864507 0
2458870.5 23.5586027407 0 22.0852740275 0
2458871.5 22.6595986661 0 21.2028091032 0
2458872.5 24.3232924307 0 22.8341946492 0
2458873.5 25.0063773067 0 23.5046179542 0
2458874.5 24.9763865713 0 23.4752478296 0
2458875.5 24.8283361305 0 23.3298917865 0
2458876.5 25.2828177367 0 23.7757955197 0
2458877.5 24.7787906509 0 23.2809896716 0
2458878.5 26.1459286598 0 24.6202521499 0
2458879.5 26.630316324 0 25.0958537726 0
2458880.5 27.5064343175 0 25.9562355508 0
2458881.5 27.9493416326 0 26.3912429011 0
2458882.5 27.992223243 0 26.4332685345 0
2458883.5 27.3267827383 0 25.7794357974 0
2458884.5 26.5469234089 0 25.0166805059 0
2458885.5 26.9691666957 0 25.4314071843 0
2458886.5 26.0467905605 0 24.5258068953 0
2458887.5 26.5124571969 0 24.9830500251 0
2458888.5 23.8288174468 0 22.3475588632 0
2458889.5 23.3433207011 0 21.8709026241 0
2458890.5 22.9483635718 0 21.4834549854 0
2458891.5 23.7184881016 0 22.2393534077 0
2458892.5 24.3776851225 0 22.8863158342 0
2458893.5 24.8226465813 0 23.3231553313 0
2458894.5 17.3466940064 0 15.9849187514 0
2458895.5 17.2611491275 0 15.901132382 0
2458896.5 17.6104634865 0 16.2440984875 0
2458897.5 17.1343201264 0 15.7767818073 0
2458898.5 16.4303361369 0 15.0859991627 0
2458899.5 25.2982459182 0 23.7892778124 0
2458900.5 24.6254801576 0 23.1287492587 0
2458901.5 23.9693960477 0 22.4849575803 0
2458902.5 24.8968904623 0 23.3953892679 0
2458903.5 25.7350445332 0 24.2183038674 0
2458904.5 27.8934957767 0 26.3407914937 0
2458905.5 27.6185913243 0 26.0707613954 0
2458906.5 27.5935264729 0 26.0463493112 0
2458907.5 26.9697348334 0 25.4337894807 0
2458908.5 27.053055315 0 25.5156226667 0
2458909.5 24.9725814358 0 23.4758003187 0
2458910.5 25.1289820132 0 23.6293665107 0
2458911.5 24.5260040435 0 23.0375625187 0
2458912.5 24.4082217573 0 22.9221491809 0
2458913.5 24.612392076 0 23.1225696493 0
2458914.5 20.5448453579 0 19.1289929708 0
2458915.5 20.3243436707 0 18.9124207702 0
2458916.5 20.8390158943 0 19.4174284556 0
2458917.5 20.9439105554 0 19.5201867665 0
2458918.5 21.6476727841 0 20.2110822928 0
2458919.5 21.8895014725 0 20.4484277311 0
2458920.5 20.891872306 0 19.4681197833 0
2458921.5 20.6896008505 0 19.2696213161 0
2458922.5 21.3995517622 0 19.9665437723 0
2458923.5 20.9189407971 0 19.4948273055 0
2458924.5 22.2650536104 0 20.81652997 0
2458925.5 22.6598843186 0 21.2041004905 0
2458926.5 23.0341805538 0 21.5712954612 0
2458927.5 22.3291039208 0 20.879248326 0
2458928.5 21.5935233552 0 20.1573974759 0
2458929.5 20.7301378246 0 19.3101733121 0
2458930.5 18.5998461708 0 17.2202473787 0
2458931.5 17.8665287518 0 16.5004995379 0
2458932.5 17.5559395917 0 16.1956145961 0
2458933.5 17.7545950288 0 16.3906967552 0
2458934.5 17.8315201589 0 16.4661202912 0
2458935.5 17.37276164 0 16.0160463952 0
2458936.5 25.2784206097 0 23.7730639024 0
2458937.5 24.6525216556 0 23.1585241559 0
2458938.5 24.2614918835 0 22.7745346359 0
2458939.5 24.910739406 0 23.4119777293 0
2458940.5 24.0671836978 0 22.5839843335 0
2458941.5 27.1279259673 0 25.5878468283 0
2458942.5 26.6569570325 0 25.125423581 0
2458943.5 27.0021018532 0 25.4643925009 0
2458944.5 27.2553207713 0 25.7132296617 0
2458945.5 26.7342538152 0 25.2032072207 0
2458946.5 27.3483724761 0 25.806210738 0
2458947.5 28.1320502123 0 26.5765205832 0
2458948.5 27.9201586392 0 26.3680346093 0
2458949.5 27.341572766 0 25.7994532032 0
2458950.5 27.6501327576 0 26.1027074254 0
2458951.5 27.0340629594 0 25.4949882005 0
2458952.5 27.5377504082 0 25.9898181836 0
2458953.5 26.6994654633 0 25.1665541344 0
2458954.5 26.7992912364 0 25.2644361542 0
2458955.5 21.4751017115 0 20.0388425075 0
2458956.5 20.8794403859 0 19.4540630468 0
2458957.5 20.6186829236 0 19.1979861523 0
2458958.5 19.715013844 0 18.3110029637 0
2458959.5 19.4021731629 0 18.0038264176 0
2458960.5 19.3609058963 0 17.9633788326 0
2458961.5 24.348906795 0 22.8607903057 0
2458962.5 24.7473223619 0 23.2519851603 0
2458963.5 24.0493673986 0 22.5668761715 0
2458964.5 23.5437444736 0 22.0704126485 0
2458965.5 24.0636817641 0 22.5806615858 0
2458966.5 24.7148059281 0 23.2197139616 0
2458967.5 24.6284470968 0 23.1335283358 0
2458968.5 24.9001111027 0 23.4003856768 0
2458969.5 24.7461890695 0 23.2494389221 0
2458970.5 25.0412164073 0 23.5388971469 0
2458971.5 26.3762912741 0 24.8494825021 0
2458972.5 27.034491417 0 25.4957011519 0
2458973.5 27.2102908786 0 25.6682751396 0
2458974.5 27.2290932206 0 25.6868979619 0
2458975.5 26.8088690428 0 25.2739608676 0
2458976.5 21.9701906242 0 20.5227176906 0
2458977.5 21.3450313237 0 19.9090636224 0
2458978.5 20.7439742847 0 19.3191263569 0
2458979.5 20.9322408391 0 19.503703674 0
2458980.5 20.7014965042 0 19.2794250181 0
2458981.5 21.283537045 0 19.850859566 0
2458982.5 20.4789006384 0 19.0611216928 0
2458983.5 21.3409370847 0 19.9071800817 0
2458984.5 19.2466451895 0 17.8534132691 0
2458985.5 19.8269623253 0 18.4231113609 0
2458986.5 18.9264829853 0 17.5392161654 0
2458987.5 18.8828562784 0 17.4962119677 0
2458988.5 26.3025050536 0 24.7805872601 0
2458989.5 26.8103619831 0 25.2791259029 0
2458990.5 26.7452725025 0 25.2150211025 0
2458991.5 25.9861076786 0 24.4696995243 0
2458992.5 25.0863622529 0 23.5862517521 0
2458993.5 24.9851535539 0 23.4870356663 0
2458994.5 24.3504480971 0 22.8631876273 0
2458995.5 23.5646746005 0 22.0920413823 0
2458996.5 24.0183868579 0 22.5373619713 0
2458997.5 24.4363009862 0 22.9477272713 0
2458998.5 24.1186793203 0 22.6360757206 0
2458999.5 24.4182490382 0 22.930102381 0
2459000.5 26.0131053875 0 24.4946527794 0
2459001.5 26.8129912559 0 25.2802010754 0
2459002.5 25.98474636 0 24.4671283773 0
2459003.5 25.1844096898 0 23.681584622 0
2459004.5 23.200166885 0 21.7350623538 0
2459005.5 22.5106937915 0 21.0582098972 0
2459006.5 23.0043281837 0 21.5426649026 0
2459007.5 23.6453925368 0 22.1719673801 0
2459008.5 27.1517319908 0 25.6125496847 0
2459009.5 26.885576332 0 25.3512683092 0
2459010.5 27.5991245593 0 26.0524223898 0
2459011.5 26.6709206466 0 25.1404722028 0
2459012.5 26.2014181242 0 24.6794543126 0
2459013.5 26.4377395822 0 24.9116077933 0
2459014.5 23.080488325 0 21.6162403761 0
2459015.5 22.5632835682 0 21.1087468359 0
2459016.5 21.9037399883 0 20.4612634995 0
2459017.5 21.9270712598 0 20.4842469495 0
2459018.5 22.6745926893 0 21.2178069376 0
2459019.5 21.9035293597 0 20.4609346112 0
2459020.5 18.965729472 0 17.5805376291 0
2459021.5 19.5251876198 0 18.129620285 0
2459022.5 20.2111876647 0 18.8030637422 0
2459023.5 20.9366434912 0 19.5152581675 0
2459024.5 20.1307050525 0 18.7241519807 0
2459025.5 25.1954478702 0 23.6954640599 0
2459026.5 25.2401981069 0 23.739266744 0
2459027.5 24.3422283043 0 22.8578004745 0
2459028.5 25.1742116137 0 23.6743274989 0
2459029.5 25.8345597002 0 24.3226382816 0
2459030.5 22.5553274974 0 21.1045154235 0
2459031.5 23.3684989926 0 21.9025832885 0
2459032.5 23.5325772165 0 22.0636214512 0
2459033.5 23.0618462777 0 21.6016988206 0
2459034.5 22.1868060719 0 20.7430207622 0
2459035.5 19.4516419661 0 18.0579932471 0
2459036.5 19.9288646905 0 18.5264408403 0
2459037.5 19.8419087385 0 18.4410390124 0
2459038.5 19.7453179782 0 18.3462830122 0
2459039.5 19.5422248728 0 18.1467760261 0
2459040.5 20.3099289232 0 18.9001828105 0
2459041.5 22.0091062629 0 20.56918693 0
2459042.5 22.1029279834 0 20.661324328 0
2459043.5 21.9687113345 0 20.5296008225 0
2459044.5 21.0518011935 0 19.6296861687 0
2459045.5 19.4558000238 0 18.0661277319 0
2459046.5 19.8945962622 0 18.4966103406 0
2459047.5 19.9402039604 0 18.5415436379 0
2459048.5 20.2038418463 0 18.8001663705 0
2459049.5 23.7066687474 0 22.2401000738 0
2459050.5 23.4897311895 0 22.026976276 0
2459051.5 23.3814660379 0 21.9207979392 0
2459052.5 24.2751863319 0 22.7981073171 0
2459053.5 20.1077344996 0 18.7094772479 0
2459054.5 19.5050036267 0 18.1179736927 0
2459055.5 18.9723323504 0 17.5951216963 0
2459056.5 19.8508292821 0 18.4574988849 0
2459057.5 28.0152556049 0 26.4702010785 0
2459058.5 27.3026677416 0 25.7699466802 0
2459059.5 26.4224482577 0 24.9054062784 0
2459060.5 26.2931221617 0 24.7785152624 0
2459061.5 25.4474537718 0 23.9506912194 0
2459062.5 24.9953143164 0 23.5068796024 0
2459063.5 24.7537454461 0 23.2699078466 0
2459064.5 24.1264909507 0 22.654237809 0
2459065.5 23.326587607 0 21.8693046993 0
2459066.5 23.5538128564 0 22.0921293738 0
2459067.5 20.476308454 0 19.0729644146 0
2459068.5 20.9842438651 0 19.5713018512 0
2459069.5 21.6877538266 0 20.2616562445 0
2459070.5 21.2624188587 0 19.8440621798 0
2459071.5 21.5773153667 0 20.153180834 0
2459072.5 22.8927236988 0 21.4426513366 0
2459073.5 22.3147306049 0 20.8753031266 0
2459074.5 22.1271116254 0 20.6913160778 0
2459075.5 23.0032265026 0 21.5510079413 0
2459076.5 23.2106253111 0 21.7546659915 0
2459077.5 20.8832554268 0 19.471852148 0
2459078.5 21.001254632 0 19.5875357724 0
2459079.5 21.6695342652 0 20.2432322594 0
2459080.5 20.7671447401 0 19.3577566443 0
2459081.5 21.1762868015 0 19.7609522242 0
2459082.5 21.8455021027 0 20.4179087753 0
2459083.5 21.4079473343 0 19.9885292042 0
2459084.5 20.5882973238 0 19.1839995477 0
2459085.5 21.2536743375 0 19.8369445028 0
2459086.5 27.6453104779 0 26.1144360101 0
2459087.5 26.9938330187 0 25.4743645876 0
