2457258.5 18.5137006853 0 17.0490049681 0
2457259.5 18.4545831181 0 16.9911586235 0
2457260.5 19.0581106315 0 17.5836954487 0
2457261.5 19.5762246329 0 18.0923855099 0
2457262.5 19.9280179588 0 18.4375551085 0
2457263.5 19.1442947385 0 17.6684973975 0
2457264.5 21.8900504547 0 20.3623823735 0
2457265.5 21.2435597676 0 19.72775232 0
2457266.5 21.4350100415 0 19.9154608749 0
2457267.5 20.8402416771 0 19.3316047927 0
2457268.5 14.3475867377 0 12.9575770569 0
2457269.5 14.7975044513 0 13.399233523 0
2457270.5 15.4025058261 0 13.993055608 0
2457271.5 15.9409395679 0 14.5217036849 0
2457272.5 20.8114288135 0 19.303027428 0
2457273.5 19.892558631 0 18.4010248248 0
2457274.5 19.4436262932 0 17.9602482679 0
2457275.5 19.1723488211 0 17.6940519162 0
2457276.5 19.1056906404 0 17.6285873999 0
2457277.5 23.613176704 0 22.0551110335 0
2457278.5 24.0236309998 0 22.4579972582 0
2457279.5 24.4383132583 0 22.8650884829 0
2457280.5 25.1130448739 0 23.527191417 0
2457281.5 24.281853134 0 22.7113145467 0
2457282.5 13.1091580233 0 11.7458062997 0
2457283.5 12.5583106546 0 11.2049802763 0
2457284.5 11.7992399889 0 10.4598785591 0
2457285.5 11.0735612231 0 9.74773194511 0
2457286.5 20.9417410655 0 19.4346265071 0
2457287.5 21.3496956721 0 19.8351501964 0
2457288.5 22.169057763 0 20.63950193 0
2457289.5 23.0787765873 0 21.5324522652 0
2457290.5 16.4612649448 0 15.0406007204 0
2457291.5 16.288575675 0 14.8711858442 0
2457292.5 16.7578375909 0 15.3317805469 0
2457293.5 16.1353812926 0 14.7207711149 0
2457294.5 16.9801934135 0 15.5498916877 0
2457295.5 23.5241247343 0 21.970815315 0
2457296.5 24.3904461169 0 22.8211133389 0
2457297.5 25.2666235788 0 23.6810992373 0
2457298.5 24.9839664743 0 23.4035632257 0
2457299.5 24.5280330303 0 22.9559428123 0
2457300.5 15.9476615526 0 14.5375577683 0
2457301.5 15.6022348227 0 14.1985132825 0
2457302.5 16.1779636522 0 14.763633523 0
2457303.5 15.2915106884 0 13.8937794116 0
2457304.5 15.630381794 0 14.2262418331 0
2457305.5 16.460498603 0 15.0411099534 0
2457306.5 19.4499580701 0 17.9783684813 0
2457307.5 19.6546807957 0 18.1794957206 0
2457308.5 19.2541305529 0 17.7862800404 0
2457309.5 18.3750911345 0 16.9233885868 0
2457310.5 17.5563402225 0 16.1206106841 0
2457311.5 17.5254184053 0 16.0904260807 0
2457312.5 17.0241791603 0 15.5985080764 0
2457313.5 17.1231142715 0 15.6955408333 0
2457314.5 20.3197117757 0 18.8343769073 0
2457315.5 20.7944587754 0 19.3004614773 0
2457316.5 21.691616011 0 20.1810721517 0
2457317.5 21.3411394514 0 19.8369678614 0
2457318.5 21.0659733323 0 19.5668798594 0
2457319.5 20.9001960954 0 19.4043608283 0
2457320.5 16.9816965243 0 15.5590858137 0
2457321.5 17.6793849361 0 16.2437679863 0
2457322.5 16.955012355 0 15.532867781 0
2457323.5 17.1328504365 0 15.7075021063 0
2457324.5 17.248721261 0 15.8211753637 0
2457325.5 16.5817416121 0 15.1666961602 0
2457326.5 22.0255641926 0 20.5128667154 0
2457327.5 22.8713843049 0 21.3430926215 0
2457328.5 22.7832731586 0 21.2565734147 0
2457329.5 23.3245043872 0 21.7879613754 0
2457330.5 23.8238150035 0 22.2782213555 0
2457331.5 16.6410413546 0 15.2266668438 0
2457332.5 17.172303731 0 15.7481304089 0
2457333.5 17.7073531263 0 16.2732813652 0
2457334.5 18.0839719723 0 16.6430933019 0
2457335.5 17.9953575541 0 16.5559467706 0
2457336.5 17.8416599806 0 16.4032067574 0
2457337.5 18.0782384774 0 16.6353889127 0
2457338.5 17.3853640729 0 15.955340051 0
2457339.5 16.7786397579 0 15.3597753888 0
2457340.5 16.2296541476 0 14.8209107135 0
2457341.5 15.4143695818 0 14.0206233169 0
2457342.5 21.2780928081 0 19.7740409227 0
2457343.5 21.4529935114 0 19.9457205188 0
2457344.5 20.5302544191 0 19.0401085539 0
2457345.5 20.8340310524 0 19.3382865245 0
2457346.5 20.9585515624 0 19.4604396489 0
2457347.5 16.5629985796 0 15.1453732854 0
2457348.5 15.6643549417 0 14.2633120842 0
2457349.5 15.0651514741 0 13.6750319023 0
2457350.5 14.9701091035 0 13.5816337595 0
2457351.5 15.6104620169 0 14.2102147142 0
2457352.5 19.893784689 0 18.4128708751 0
2457353.5 20.1318039828 0 18.6463242943 0
2457354.5 20.0385099251 0 18.554731168 0
2457355.5 19.4584763138 0 17.9852517791 0
2457356.5 14.8907692625 0 13.504701219 0
2457357.5 15.006735913 0 13.618555146 0
2457358.5 15.3313128657 0 13.9370426852 0
2457359.5 15.7268486362 0 14.3252228371 0
2457360.5 16.6427373202 0 15.2243025848 0
2457361.5 16.2565302375 0 14.8453325697 0
2457362.5 13.653944294 0 12.2924534841 0
2457363.5 14.1782983733 0 12.8071104612 0
2457364.5 14.7248774231 0 13.343669442 0
2457365.5 13.8946263644 0 12.5286260172 0
2457366.5 14.677073613 0 13.2967535084 0
2457367.5 14.8045705331 0 13.4212528398 0
2457368.5 14.3526654658 0 12.9778434976 0
2457369.5 15.0045444001 0 13.6174867446 0
2457370.5 14.6437259997 0 13.2633894005 0
2457371.5 15.1790010228 0 13.7886902351 0
2457372.5 14.9685543565 0 13.5821140014 0
2457373.5 23.2587885976 0 21.7184560864 0
2457374.5 22.5761889355 0 21.0484638119 0
2457375.5 22.8305211844 0 21.2979798337 0
2457376.5 22.8978962182 0 21.3641026491 0
2457377.5 19.5369997986 0 18.0645043887 0
2457378.5 20.1271534283 0 18.6437546206 0
2457379.5 19.5397122208 0 18.0672438971 0
2457380.5 19.8890063633 0 18.4101004943 0
2457381.5 19.2394352333 0 17.7724789996 0
2457382.5 18.772699925 0 17.3143617566 0
2457383.5 14.6393329404 0 13.2576441637 0
2457384.5 15.5153084834 0 14.1175106984 0
2457385.5 15.1013697314 0 13.7114424268 0
2457386.5 14.8487124486 0 13.4636161382 0
2457387.5 15.5638822299 0 14.165526661 0
2457388.5 21.4722358624 0 19.9670650286 0
2457389.5 21.9876018511 0 20.4726921445 0
2457390.5 21.3849260691 0 19.8811323904 0
2457391.5 20.5627492763 0 19.0743535456 0
2457392.5 19.6985980736 0 18.2263478602 0
2457393.5 24.0335474972 0 22.4828031331 0
2457394.5 24.4808959075 0 22.9220687781 0
2457395.5 25.0792231558 0 23.5095313594 0
2457396.5 25.06596906 0 23.4965497143 0
2457397.5 24.1734101568 0 22.6203695061 0
2457398.5 23.9040306319 0 22.3560743512 0
2457399.5 15.2695089319 0 13.8830875697 0
2457400.5 14.9331082828 0 13.5530344912 0
2457401.5 14.2190249823 0 12.8520327752 0
2457402.5 14.757507842 0 13.3806259548 0
2457403.5 14.9337781758 0 13.5562960643 0
2457404.5 14.8862915894 0 13.5096177534 0
2457405.5 14.9899267267 0 13.6111711316 0
2457406.5 14.8433081774 0 13.4673584123 0
2457407.5 14.3246135698 0 12.9581870355 0
2457408.5 14.7899694435 0 13.4147740896 0
2457409.5 24.6726980123 0 23.1151488552 0
2457410.5 23.9261647268 0 22.3823446317 0
2457411.5 23.3287547238 0 21.7960639495 0
2457412.5 22.5285487682 0 21.0106123301 0
2457413.5 23.4697264115 0 21.934512989 0
2457414.5 23.8258778686 0 22.2841956519 0
2457415.5 18.0577308026 0 16.6202465241 0
2457416.5 18.5310146814 0 17.0847013648 0
2457417.5 17.6596552624 0 16.229602256 0
2457418.5 17.504742742 0 16.0775618682 0
2457419.5 17.2441807701 0 15.8219107159 0
2457420.5 20.9741104063 0 19.4849934144 0
2457421.5 20.8058261557 0 19.3197250086 0
2457422.5 21.2121527656 0 19.7183526253 0
2457423.5 21.6295923469 0 20.1282597647 0
2457424.5 21.0761035204 0 19.5848769097 0
2457425.5 21.4420320019 0 19.9417618263 0
2457426.5 21.0807341352 0 19.5870725063 0
2457427.5 20.7482692568 0 19.260796423 0
2457428.5 19.9746859748 0 18.5015719508 0
2457429.5 23.5207861547 0 21.9807727364 0
2457430.5 22.8802837903 0 21.3522971705 0
2457431.5 22.2481296296 0 20.7316695359 0
2457432.5 22.3833758582 0 20.8644462257 0
2457433.5 21.7350387383 0 20.2281139691 0
2457434.5 20.0182393006 0 18.5420444542 0
2457435.5 20.4700080908 0 18.9853859858 0
2457436.5 19.6758195697 0 18.2057871359 0
2457437.5 19.0299558116 0 17.5719182612 0
2457438.5 19.361031261 0 17.8970011173 0
2457439.5 20.8468557923 0 19.3563297625 0
2457440.5 21.1185712682 0 19.6231848662 0
2457441.5 21.1953576196 0 19.6986523634 0
2457442.5 20.9834530883 0 19.4907910777 0
2457443.5 14.714495381 0 13.3404248399 0
2457444.5 14.3027926107 0 12.9362089803 0
2457445.5 14.547664884 0 13.1765414466 0
2457446.5 15.3760599339 0 13.9893832987 0
2457447.5 14.4677572932 0 13.097902286 0
2457448.5 15.2626802271 0 13.8779471556 0
2457449.5 23.4205677085 0 21.8867884917 0
2457450.5 23.1403177906 0 21.6117184801 0
2457451.5 23.8241840303 0 22.2829983376 0
2457452.5 24.6214083509 0 23.0656459398 0
2457453.5 25.372335323 0 23.8027234486 0
2457454.5 25.0165573585 0 23.4533947546 0
2457455.5 23.3586432029 0 21.8258038544 0
2457456.5 22.981110681 0 21.4553077475 0
2457457.5 23.5753975902 0 22.0387164531 0
2457458.5 23.6689794839 0 22.1306778271 0
2457459.5 19.9163089235 0 18.445194367 0
2457460.5 20.7122098512 0 19.2263355358 0
2457461.5 20.9767769279 0 19.4860337378 0
2457462.5 21.7488074899 0 20.2438061854 0
2457463.5 21.2299648746 0 19.7345227568 0
2457464.5 19.8256725501 0 18.3589588197 0
2457465.5 19.791701312 0 18.3255568775 0
2457466.5 18.9463908276 0 17.4957133011 0
2457467.5 19.5775923638 0 18.1151873132 0
2457468.5 18.9249603895 0 17.4746043028 0
2457469.5 24.2978492572 0 22.7511924681 0
2457470.5 24.3644415428 0 22.816511451 0
2457471.5 25.2810661721 0 23.7162291995 0
2457472.5 25.6769138358 0 24.1049576597 0
2457473.5 19.2429155544 0 17.7899665418 0
2457474.5 19.9189437036 0 18.4536124106 0
2457475.5 20.426098806 0 18.9515511133 0
2457476.5 21.3000394475 0 19.8094578406 0
2457477.5 21.6069305468 0 20.1106744605 0
2457478.5 21.6412165917 0 20.1443963325 0
2457479.5 18.4494289404 0 17.0099929508 0
2457480.5 18.118206406 0 16.6848540064 0
2457481.5 17.7777341434 0 16.3507093042 0
2457482.5 18.7001974764 0 17.2558903214 0
2457483.5 22.5015133762 0 20.9862657442 0
2457484.5 22.6297575993 0 21.1122442206 0
2457485.5 23.4664378296 0 21.9332682944 0
2457486.5 22.7469192806 0 21.2270814306 0
2457487.5 17.0045130384 0 15.5884375119 0
2457488.5 17.9191895737 0 16.4861291341 0
2457489.5 17.1178861618 0 15.699861522 0
2457490.5 17.6582345833 0 16.2301657824 0
2457491.5 17.0388172668 0 15.6225536601 0
2457492.5 17.7313158706 0 16.302028053 0
2457493.5 17.0256848357 0 15.609583948 0
2457494.5 17.0954020483 0 15.6781653836 0
2457495.5 17.3770887298 0 15.9545606248 0
2457496.5 16.7152750285 0 15.3051431188 0
2457497.5 15.2218073419 0 13.8400712919 0
2457498.5 14.9783154368 0 13.6011439831 0
2457499.5 14.0773608536 0 12.716847119 0
2457500.5 14.3121047128 0 12.9472160734 0
2457501.5 14.7368293125 0 13.3639006623 0
2457502.5 14.6672062445 0 13.2982603612 0
2457503.5 15.5956963451 0 14.2094433338 0
2457504.5 15.1915575462 0 13.8129592916 0
2457505.5 14.7913724564 0 13.4201373771 0
2457506.5 15.3190473583 0 13.937877954 0
2457507.5 17.7430774166 0 16.3143675298 0
2457508.5 18.3258047116 0 16.8863509711 0
2457509.5 17.4227572255 0 16.0002377616 0
2457510.5 17.4619349775 0 16.0387563852 0
2457511.5 24.2936078454 0 22.7430427837 0
2457512.5 24.9421261649 0 23.379799949 0
2457513.5 24.6493790141 0 23.0924130522 0
2457514.5 25.5673295782 0 23.9935655248 0
2457515.5 25.605099198 0 24.0304811379 0
2457516.5 19.6461317932 0 18.1824108287 0
2457517.5 20.5100670261 0 19.0304935853 0
2457518.5 19.8123458316 0 18.3455496603 0
2457519.5 19.3419386589 0 17.8836716856 0
2457520.5 20.0911565627 0 18.6190084852 0
2457521.5 17.2224985483 0 15.8064824912 0
2457522.5 16.5736252213 0 15.1695012392 0
2457523.5 17.172645808 0 15.7575754444 0
2457524.5 17.2822286977 0 15.8650761183 0
2457525.5 15.1266118458 0 13.7484909235 0
2457526.5 15.2226283229 0 13.8427859214 0
2457527.5 14.655966006 0 13.2865632084 0
2457528.5 15.1168992371 0 13.738968298 0
2457529.5 23.5671384146 0 22.0315655773 0
2457530.5 23.9146516328 0 22.3726670085 0
2457531.5 24.8432188975 0 23.2841541829 0
2457532.5 25.5385594636 0 23.9665301113 0
2457533.5 25.2129097491 0 23.6467700238 0
2457534.5 25.1938569426 0 23.6279955716 0
2457535.5 14.9466597321 0 13.5696924532 0
2457536.5 15.8850448258 0 14.4907931155 0
2457537.5 15.6686772654 0 14.2786101471 0
2457538.5 16.3731389643 0 14.9698081131 0
2457539.5 23.1913259291 0 21.6626097097 0
2457540.5 22.7752865147 0 21.2541436531 0
2457541.5 23.5213701036 0 21.9863076729 0
2457542.5 22.812723585 0 21.2908905676 0
2457543.5 15.0032998933 0 13.6244973221 0
2457544.5 15.810460465 0 14.4166122991 0
2457545.5 15.5294830577 0 14.1408297296 0
2457546.5 15.6753170471 0 14.2841053056 0
2457547.5 16.4432152343 0 15.0378230308 0
2457548.5 16.684839145 0 15.2751057701 0
2457549.5 14.5532056717 0 13.1824934764 0
2457550.5 14.500024794 0 13.1301848677 0
2457551.5 13.7239910665 0 12.3685584971 0
2457552.5 14.6290217083 0 13.2566665772 0
2457553.5 14.3612295836 0 12.9938644668 0
2457554.5 17.5425169119 0 16.1152790892 0
2457555.5 17.4504205821 0 16.025048407 0
2457556.5 16.9244309243 0 15.508725305 0
2457557.5 16.4296682816 0 15.0231831276 0
2457558.5 21.9851089567 0 20.4773322493 0
2457559.5 22.4233985011 0 20.9073081167 0
2457560.5 21.4985863877 0 19.9996851821 0
2457561.5 21.8615425128 0 20.3557625475 0
2457562.5 15.6775783383 0 14.2858350461 0
2457563.5 15.3108878689 0 13.9258170915 0
2457564.5 14.491411426 0 13.1215897338 0
2457565.5 15.1639890981 0 13.781590827 0
2457566.5 14.7712889749 0 13.3962294547 0
2457567.5 19.8618849127 0 18.3907952407 0
2457568.5 19.6538264119 0 18.1865687214 0
2457569.5 19.828943456 0 18.3584461685 0
2457570.5 20.0074153284 0 18.5334650773 0
2457571.5 19.9020230826 0 18.4301438743 0
2457572.5 18.5892484846 0 17.1393033443 0
2457573.5 17.8936850204 0 16.4565408429 0
2457574.5 17.3812160841 0 15.9537671219 0
2457575.5 18.0181591838 0 16.5790861176 0
2457576.5 17.2161952945 0 15.7918871784 0
2457577.5 17.3756838253 0 15.9483463178 0
2457578.5 18.4200198133 0 16.9729788409 0
2457579.5 18.8568712864 0 17.4017265002 0
2457580.5 19.004057409 0 17.5462747178 0
2457581.5 18.5008465141 0 17.0523268475 0
2457582.5 15.7744643772 0 14.3764574002 0
2457583.5 14.8544143251 0 13.473329368 0
2457584.5 15.5926069928 0 14.1979182044 0
2457585.5 16.4977609036 0 15.0863420323 0
2457586.5 23.0281236762 0 21.4961174148 0
2457587.5 23.1207124308 0 21.5870117522 0
2457588.5 22.4985764477 0 20.976406727 0
2457589.5 21.7881687704 0 20.2792757226 0
2457590.5 22.1560087144 0 20.6402968383 0
2457591.5 21.8237256431 0 20.314073666 0
2457592.5 24.0442867869 0 22.4934057608 0
2457593.5 24.1208391574 0 22.5686619047 0
2457594.5 23.9492584746 0 22.4001229864 0
2457595.5 23.2787962725 0 21.7419558411 0
2457596.5 24.1332268431 0 22.5804093605 0
2457597.5 19.0285894651 0 17.5682108027 0
2457598.5 19.3775706722 0 17.9106727689 0
2457599.5 19.4545707742 0 17.9860524737 0
2457600.5 18.693799757 0 17.2392432453 0
2457601.5 18.7479205492 0 17.2953774666 0
2457602.5 18.3221704527 0 16.8774176826 0
2457603.5 18.5048705074 0 17.0566804617 0
2457604.5 18.3952171482 0 16.9488955225 0
2457605.5 23.952195757 0 22.40086895 0
2457606.5 24.3942882468 0 22.8349876842 0
2457607.5 24.8419866464 0 23.274618379 0
2457608.5 24.6608368747 0 23.0970021362 0
2457609.5 21.5486145027 0 20.0449955089 0
2457610.5 22.3702643932 0 20.8516028442 0
2457611.5 22.2969810949 0 20.779764162 0
2457612.5 22.9310324701 0 21.402276448 0
2457613.5 22.3202195349 0 20.8028496844 0
2457614.5 17.3717973635 0 15.9469180032 0
2457615.5 17.0405261329 0 15.6217017563 0
2457616.5 17.4594030683 0 16.0329159124 0
2457617.5 16.8096230172 0 15.3952378136 0
2457618.5 16.47330192 0 15.0649700257 0
2457619.5 23.1300721604 0 21.5962413612 0
2457620.5 23.4375481565 0 21.8978845894 0
2457621.5 24.0749508214 0 22.5233210061 0
2457622.5 24.9616058515 0 23.3936050068 0
2457623.5 24.6239824445 0 23.062058884 0
2457624.5 20.2049897238 0 18.7224726087 0
2457625.5 20.7375274297 0 19.2453272249 0
2457626.5 21.0828290231 0 19.584087551 0
2457627.5 21.7956671713 0 20.2837341295 0
2457628.5 22.5154062703 0 20.9901483926 0
2457629.5 23.1492117267 0 21.6139345876 0
2457630.5 22.9390164367 0 21.4077972397 0
2457631.5 22.210753268 0 20.6929468653 0
2457632.5 22.0336827212 0 20.5191170958 0
2457633.5 22.3817855668 0 20.858251324 0
2457634.5 21.4711956846 0 19.9644381295 0
2457635.5 21.7007491651 0 20.1896553529 0
2457636.5 21.8059093585 0 20.2927291347 0
2457637.5 21.5924553753 0 20.0831243562 0
2457638.5 21.6206203236 0 20.1108447122 0
2457639.5 15.5825825935 0 14.187713748 0
2457640.5 15.7650335779 0 14.3667070936 0
2457641.5 15.6185353209 0 14.2231159477 0
2457642.5 15.3520574008 0 13.9614463944 0
2457643.5 15.1371711097 0 13.7503796837 0
2457644.5 15.2138428767 0 13.8279450295 0
2457645.5 14.5425311707 0 13.169255092 0
2457646.5 14.1954935355 0 12.8284842591 0
2457647.5 15.0314765864 0 13.6489867169 0
2457648.5 14.7586677958 0 13.3810756129 0
2457649.5 22.0583728782 0 20.5438953038 0
2457650.5 22.8400268542 0 21.3112233537 0
2457651.5 21.9969654802 0 20.483801674 0
2457652.5 21.6385158671 0 20.1319317264 0
2457653.5 20.2790923472 0 18.8004303314 0
2457654.5 20.0833633789 0 18.608471642 0
2457655.5 20.5832157499 0 19.0989084242 0
2457656.5 20.3384176813 0 18.8585531885 0
2457657.5 22.6315857991 0 21.1105341279 0
2457658.5 22.4155362079 0 20.8986552959 0
2457659.5 21.5577741528 0 20.0566664159 0
2457660.5 21.2688488283 0 19.7730978703 0
2457661.5 19.2010950367 0 17.7416628499 0
2457662.5 18.4283090277 0 16.9831727142 0
2457663.5 19.2849029592 0 17.8239302449 0
2457664.5 18.9662019915 0 17.5112230831 0
2457665.5 21.3147993232 0 19.8153679187 0
2457666.5 22.0332037258 0 20.5204189486 0
2457667.5 21.4220382465 0 19.9204461138 0
2457668.5 22.257770135 0 20.740553204 0
2457669.5 22.4073056824 0 20.8874959365 0
2457670.5 22.3185454125 0 20.8005620168 0
2457671.5 14.4416528489 0 13.068461459 0
2457672.5 14.6432045213 0 13.2662601556 0
2457673.5 14.7537696779 0 13.3747110138 0
2457674.5 14.6180702105 0 13.2416644913 0
2457675.5 22.8303486698 0 21.3044397017 0
2457676.5 22.8542761424 0 21.3278723597 0
2457677.5 23.3848321496 0 21.8488102382 0
2457678.5 22.4695357095 0 20.9505704922 0
2457679.5 21.6839150605 0 20.179608201 0
2457680.5 20.2050677522 0 18.7276732482 0
2457681.5 19.8873529989 0 18.415887334 0
2457682.5 19.9428500587 0 18.4703297013 0
2457683.5 20.1533996496 0 18.6771671222 0
2457684.5 14.0489065553 0 12.684032614 0
2457685.5 13.7988996038 0 12.4385734249 0
2457686.5 14.5083859734 0 13.134796485 0
2457687.5 13.9268413398 0 12.5639499138 0
2457688.5 16.59904337 0 15.1893755916 0
2457689.5 16.7428625752 0 15.3305703532 0
2457690.5 16.2182873422 0 14.8157453554 0
2457691.5 17.1068115089 0 15.6877901309 0
2457692.5 16.9043156643 0 15.4891497443 0
2457693.5 16.1137062342 0 14.7133683071 0
2457694.5 17.5810225441 0 16.1554893983 0
2457695.5 18.0280106624 0 16.5941755844 0
2457696.5 17.1414956411 0 15.7242810536 0
2457697.5 17.2286161911 0 15.8099431903 0
2457698.5 18.153012149 0 16.7173556222 0
2457699.5 17.4381118163 0 16.0155953291 0
2457700.5 20.7126509817 0 19.2292897188 0
2457701.5 21.4474470333 0 19.9505460992 0
2457702.5 21.7934673729 0 20.2900124897 0
2457703.5 20.9257422314 0 19.438260835 0
2457704.5 20.285817705 0 18.8102665939 0
2457705.5 20.0646581527 0 18.5934034611 0
2457706.5 15.6752693212 0 14.2862237458 0
2457707.5 15.2814718929 0 13.8996215103 0
2457708.5 15.7861413996 0 14.3951232394 0
2457709.5 15.0983548516 0 13.7200911724 0
2457710.5 15.3523005332 0 13.9694443747 0
2457711.5 16.5950027444 0 15.1917442051 0
2457712.5 15.874511528 0 14.4845442002 0
2457713.5 16.4509427949 0 15.0504025232 0
2457714.5 17.1773744441 0 15.7633565028 0
2457715.5 17.3862749673 0 15.9682328948 0
2457716.5 17.6002480534 0 16.1780574757 0
2457717.5 20.0949976183 0 18.6288289823 0
2457718.5 20.0263344078 0 18.5614899642 0
2457719.5 20.7783856976 0 19.2997280776 0
2457720.5 20.0857528618 0 18.6200205099 0
2457721.5 19.9592482878 0 18.4957654116 0
2457722.5 24.4555152662 0 22.910204541 0
2457723.5 23.5963628012 0 22.0669906089 0
2457724.5 23.2224249191 0 21.6998930221 0
2457725.5 22.6283751162 0 21.1166701905 0
2457726.5 23.114655335 0 21.5941194886 0
2457727.5 23.0898817002 0 21.5698217289 0
2457728.5 19.5670008101 0 18.1107847824 0
2457729.5 20.3079743503 0 18.8379384928 0
2457730.5 19.507259882 0 18.0521286314 0
2457731.5 18.6738485479 0 17.2342626194 0
2457732.5 17.9218234419 0 16.4960179284 0
2457733.5 24.9539572089 0 23.3994552543 0
2457734.5 25.0522662673 0 23.4960933584 0
2457735.5 25.3323876246 0 23.7710393806 0
2457736.5 24.4522868851 0 22.9073480543 0
2457737.5 23.9277225785 0 22.39230395 0
2457738.5 15.0777764816 0 13.7068838683 0
2457739.5 14.5838040847 0 13.222115766 0
2457740.5 14.940441352 0 13.5720677244 0
2457741.5 14.0721067519 0 12.7199949094 0
2457742.5 14.6307543244 0 13.268310694 0
2457743.5 21.588693802 0 20.0976334416 0
2457744.5 20.7356220212 0 19.260362879 0
2457745.5 20.6395825492 0 19.1662105278 0
2457746.5 20.5298913988 0 19.0587081611 0
2457747.5 21.8367883135 0 20.3442295919 0
2457748.5 21.0625127234 0 19.5842926106 0
2457749.5 21.2376863892 0 19.756244165 0
2457750.5 22.0721471224 0 20.5754050859 0
2457751.5 22.4727804823 0 20.9686421817 0
2457752.5 22.061931719 0 20.5653047008 0
2457753.5 20.6112696826 0 19.1395249641 0
2457754.5 20.3548150905 0 18.8879147799 0
2457755.5 20.9603123277 0 19.4822672145 0
2457756.5 20.2285734096 0 18.7640074814 0
2457757.5 20.8883866322 0 19.4116397872 0
2457758.5 20.6365154151 0 19.164534863 0
2457759.5 17.3644098929 0 15.9529277121 0
2457760.5 18.1400282152 0 16.7141793616 0
2457761.5 17.5505911084 0 16.1357255084 0
2457762.5 18.4237266606 0 16.992697416 0
2457763.5 18.0596468714 0 16.6352958845 0
2457764.5 18.4498936986 0 17.0185081969 0
2457765.5 23.1453940663 0 21.626428304 0
2457766.5 22.9657872166 0 21.4501626463 0
2457767.5 23.1123643629 0 21.5939361368 0
2457768.5 22.6177094351 0 21.1083535079 0
2457769.5 22.7464769448 0 21.2346727049 0
2457770.5 21.1258231185 0 19.6466891818 0
2457771.5 20.6742396821 0 19.2036349739 0
2457772.5 20.1914262177 0 18.7299662228 0
2457773.5 21.052316209 0 19.5751008542 0
2457774.5 21.1673396671 0 19.6879384732 0
2457775.5 24.4501779021 0 22.9131905564 0
2457776.5 24.8712051297 0 23.3264920677 0
2457777.5 25.4215286955 0 23.8665336568 0
2457778.5 25.5264755479 0 23.9697272361 0
2457779.5 26.4435389414 0 24.8701372249 0
2457780.5 27.0086946104 0 25.4248962229 0
2457781.5 19.1913210885 0 17.7540045347 0
2457782.5 19.7652521337 0 18.3173580647 0
2457783.5 19.2598383519 0 17.8214027734 0
2457784.5 18.9427632727 0 17.5100243758 0
2457785.5 18.0048120334 0 16.5893046526 0
2457786.5 17.5268868512 0 16.1201365695 0
2457787.5 15.2886878732 0 13.9219565846 0
2457788.5 14.8460305049 0 13.4874442862 0
2457789.5 14.9606347779 0 13.59976993 0
2457790.5 15.841559348 0 14.4644141274 0
2457791.5 16.0437072785 0 14.6628343349 0
2457792.5 16.4908978806 0 15.101614832 0
2457793.5 15.8495884083 0 14.4746192095 0
2457794.5 15.497737035 0 14.1294053411 0
2457795.5 14.675412881 0 13.3224038521 0
2457796.5 15.4628301156 0 14.0952174186 0
2457797.5 23.4162717983 0 21.9007780178 0
2457798.5 22.8892409758 0 21.3835293333 0
2457799.5 23.7428715648 0 22.2215370303 0
2457800.5 23.7397529993 0 22.2184925227 0
2457801.5 16.2792032455 0 14.8938910257 0
2457802.5 15.6007799735 0 14.228213425 0
2457803.5 16.2141503688 0 14.830217625 0
2457804.5 15.9796245111 0 14.5998773979 0
2457805.5 15.4219693238 0 14.0527226562 0
2457806.5 14.6884329971 0 13.3328026715 0
2457807.5 19.3121704006 0 17.8721096886 0
2457808.5 19.2960281824 0 17.8563975096 0
2457809.5 19.2433946477 0 17.8049199525 0
2457810.5 19.8907643534 0 18.440431639 0
2457811.5 19.844721656 0 18.3951512795 0
2457812.5 20.2029713279 0 18.7467950765 0
2457813.5 20.2747470281 0 18.8147923986 0
2457814.5 20.9923250946 0 19.5189472894 0
2457815.5 20.9571527634 0 19.4844246662 0
2457816.5 21.367911747 0 19.8875379957 0
2457817.5 20.8633455136 0 19.3924278341 0
2457818.5 21.4104491843 0 19.9297711099 0
2457819.5 21.4499467486 0 19.9686914816 0
2457820.5 21.7955184878 0 20.3077628545 0
2457821.5 21.7315963751 0 20.2449391664 0
2457822.5 21.0817052089 0 19.6070534152 0
2457823.5 20.4945343899 0 19.0307478983 0
2457824.5 21.2952878309 0 19.8150785172 0
2457825.5 22.0883677719 0 20.5933249681 0
2457826.5 21.360003246 0 19.8784109996 0
2457827.5 21.0346256199 0 19.5589918502 0
2457828.5 20.4979779839 0 19.0305522676 0
2457829.5 20.0341495489 0 18.5751991117 0
2457830.5 20.6982079308 0 19.2268110956 0
2457831.5 21.536936428 0 20.0498382145 0
2457832.5 21.2484508093 0 19.7666217957 0
2457833.5 20.4553037071 0 18.9861790652 0
2457834.5 20.4365812655 0 18.9676287563 0
2457835.5 19.5489870512 0 18.0965026888 0
2457836.5 19.1475460166 0 17.7026903393 0
2457837.5 19.3604334981 0 17.9114930901 0
2457838.5 20.1559853868 0 18.6922379411 0
2457839.5 22.8175479402 0 21.3053331689 0
2457840.5 23.3217396755 0 21.8002009982 0
2457841.5 24.1246131217 0 22.5883930465 0
2457842.5 23.5063017473 0 21.9814641567 0
2457843.5 23.6628006001 0 22.1352089483 0
2457844.5 23.7287373135 0 22.1999017789 0
2457845.5 22.625218982 0 21.1200646781 0
2457846.5 22.0731747751 0 20.5781064416 0
2457847.5 22.869490715 0 21.3596351376 0
2457848.5 23.7411163548 0 22.2151766974 0
2457849.5 24.3187622225 0 22.782162276 0
2457850.5 20.8580943248 0 19.3849211574 0
2457851.5 20.8226141397 0 19.3502415884 0
2457852.5 20.3121259529 0 18.8493641502 0
2457853.5 19.5504665487 0 18.1017127422 0
2457854.5 18.6569613825 0 17.2248327607 0
2457855.5 14.7301071815 0 13.3722844428 0
2457856.5 13.9892527563 0 12.6450989948 0
2457857.5 14.8772370775 0 13.516744949 0
2457858.5 14.7929468477 0 13.4340546292 0
2457859.5 15.3863274571 0 14.0164371291 0
2457860.5 23.6918089492 0 22.1667492495 0
2457861.5 23.4556392543 0 21.9348974504 0
2457862.5 23.6935917762 0 22.1683559739 0
2457863.5 24.3700702428 0 22.8324910002 0
2457864.5 23.8073090617 0 22.2800453939 0
2457865.5 24.533944209 0 22.9933570793 0
2457866.5 24.4031884284 0 22.8647033057 0
2457867.5 23.8072355885 0 22.2795817853 0
2457868.5 23.9969636323 0 22.4660006685 0
2457869.5 24.3905774169 0 22.8524061227 0
2457870.5 24.119550943 0 22.5865060415 0
2457871.5 23.8638570639 0 22.3353582288 0
2457872.5 18.9423635541 0 17.5040333924 0
2457873.5 18.9555848748 0 17.5168934283 0
2457874.5 19.1738027184 0 17.7309040193 0
2457875.5 18.9551762613 0 17.5163169472 0
2457876.5 19.0924906753 0 17.6509587906 0
2457877.5 19.3534379173 0 17.9088765384 0
2457878.5 19.9054848978 0 18.4508441429 0
2457879.5 20.133987866 0 18.6750879795 0
2457880.5 21.0108417654 0 19.5355095049 0
2457881.5 21.0559732562 0 19.5797784249 0
2457882.5 22.8843002926 0 21.371569499 0
2457883.5 23.2689262146 0 21.7488814166 0
2457884.5 23.1794784647 0 21.660930064 0
2457885.5 23.1254001722 0 21.6078801442 0
2457886.5 22.3293182201 0 20.8265908616 0
2457887.5 17.8037737847 0 16.3860556498 0
2457888.5 17.0236413246 0 15.620477834 0
2457889.5 16.9163179733 0 15.515339025 0
2457890.5 16.8736224929 0 15.4735249373 0
2457891.5 16.1812561739 0 14.7940923152 0
2457892.5 23.8155149844 0 22.2885485819 0
2457893.5 24.0887885505 0 22.5567420308 0
2457894.5 23.9780056419 0 22.4481182071 0
2457895.5 24.3038934344 0 22.7679793415 0
2457896.5 23.8648779033 0 22.3372519421 0
2457897.5 23.274235963 0 21.7576238532 0
2457898.5 17.0464265447 0 15.6449229878 0
2457899.5 16.1921038222 0 14.8063077012 0
2457900.5 16.414652432 0 15.0245996832 0
2457901.5 16.7288632358 0 15.3330359125 0
2457902.5 16.0985098914 0 14.7143009168 0
2457903.5 16.8765711218 0 15.4779450005 0
2457904.5 19.07476188 0 17.6366184748 0
2457905.5 19.4084855603 0 17.9639709396 0
2457906.5 20.1399516035 0 18.6819502541 0
2457907.5 19.8664711724 0 18.4136952338 0
2457908.5 19.0880823574 0 17.6495585344 0
2457909.5 18.3603989376 0 16.9354776254 0
2457910.5 16.9012995797 0 15.5014311562 0
2457911.5 17.0865137318 0 15.6834105561 0
2457912.5 16.280460997 0 14.8923914591 0
2457913.5 16.4623002398 0 15.0707375839 0
2457914.5 16.6146698128 0 15.2203833562 0
2457915.5 22.7918197531 0 21.2860843167 0
2457916.5 22.3762940087 0 20.8783260819 0
2457917.5 22.7396790218 0 21.234845706 0
2457918.5 22.7586209398 0 21.2534662771 0
2457919.5 22.1615711821 0 20.667577149 0
2457920.5 21.3742759755 0 19.8949047009 0
2457921.5 21.5283720385 0 20.0435875974 0
2457922.5 22.0444871026 0 20.5500606997 0
2457923.5 21.2911155533 0 19.8108114851 0
2457924.5 20.3935288491 0 18.9297355348 0
2457925.5 19.9291840382 0 18.4738018104 0
2457926.5 25.0469821739 0 23.4994082686 0
2457927.5 24.3360346813 0 22.8017410792 0
2457928.5 24.6551785749 0 23.1148039413 0
2457929.5 24.696808031 0 23.1557810411 0
2457930.5 25.571328584 0 24.0140038963 0
2457931.5 19.352293497 0 17.9112376047 0
2457932.5 19.6451118311 0 18.1988254592 0
2457933.5 19.0262493153 0 17.5913269696 0
2457934.5 19.8878581441 0 18.4369038752 0
2457935.5 20.0717349824 0 18.6173563829 0
2457936.5 20.7467014376 0 19.2797213849 0
2457937.5 20.4523130605 0 18.9888295647 0
2457938.5 19.6069354791 0 18.1592633743 0
2457939.5 19.1787416262 0 17.739189822 0
2457940.5 19.3646640752 0 17.9218396145 0
2457941.5 23.4468008795 0 21.9307735366 0
2457942.5 24.042479249 0 22.5152483622 0
2457943.5 23.8873461473 0 22.3629734373 0
2457944.5 22.9485258643 0 21.4413790295 0
2457945.5 22.4602694098 0 20.9620788501 0
2457946.5 22.1020892712 0 20.6105829951 0
2457947.5 15.4671750446 0 14.1014724203 0
2457948.5 14.7629769784 0 13.4104851748 0
2457949.5 13.9913317418 0 12.6530174387 0
2457950.5 14.1495353973 0 12.808300974 0
2457951.5 19.1313880725 0 17.6957620968 0
2457952.5 19.9242213855 0 18.4739911112 0
2457953.5 19.1811991006 0 17.7449021613 0
2457954.5 19.459619566 0 18.0179996139 0
2457955.5 19.7659065553 0 18.3187610914 0
2457956.5 19.8318484773 0 18.3828408543 0
2457957.5 20.7018630464 0 19.2369016464 0
2457958.5 20.8758126117 0 19.4077251756 0
2457959.5 20.4780249281 0 19.0173081229 0
2457960.5 21.2693432746 0 19.7941533929 0
2457961.5 15.6122634131 0 14.2437657388 0
2457962.5 16.3720849741 0 14.9893900803 0
2457963.5 16.8050606344 0 15.4141394935 0
2457964.5 17.3236936814 0 15.9232437442 0
2457965.5 16.5493900162 0 15.1636343212 0
2457966.5 16.7129701447 0 15.324055939 0
2457967.5 17.1675283338 0 15.7703315612 0
2457968.5 17.4260475203 0 16.0239348525 0
2457969.5 24.5404827562 0 23.0076028663 0
2457970.5 24.2430166547 0 22.7157171037 0
2457971.5 24.6900305359 0 23.1546323972 0
2457972.5 24.5020922439 0 22.9703236654 0
2457973.5 24.8439229978 0 23.3057312857 0
2457974.5 16.2571722012 0 14.8802958087 0
2457975.5 16.6645444194 0 15.2802958045 0
2457976.5 16.5125039812 0 15.1309504969 0
2457977.5 16.6072248809 0 15.2241159833 0
2457978.5 16.1096352869 0 14.7356626553 0
2457979.5 15.2581261622 0 13.9001422011 0
2457980.5 21.6737966311 0 20.1990168323 0
2457981.5 22.3680545578 0 20.8804378379 0
2457982.5 23.1021631683 0 21.6009547724 0
2457983.5 23.8014590968 0 22.2873455678 0
2457984.5 18.9554002537 0 17.5293500611 0
2457985.5 19.6677993464 0 18.2287217021 0
2457986.5 19.017740367 0 17.5905910929 0
2457987.5 19.8158324043 0 18.3740157666 0
2457988.5 20.6792555835 0 19.221395769 0
2457989.5 21.5862627223 0 20.1128762044 0
2457990.5 20.7512776583 0 19.2933614642 0
2457991.5 21.1096334767 0 19.6451494164 0
2457992.5 20.3178666898 0 18.8682076352 0
2457993.5 21.2040488187 0 19.7380876411 0
2457994.5 21.2868214276 0 19.8193550308 0
2457995.5 17.5995226478 0 16.1993890608 0
2457996.5 17.9907218314 0 16.5834878604 0
2457997.5 17.6316438954 0 16.2310322014 0
2457998.5 16.9807188954 0 15.592199664 0
2457999.5 17.7251808969 0 16.3227255629 0
2458000.5 24.9940016216 0 23.45995532 0
2458001.5 25.2041852435 0 23.6663957469 0
2458002.5 25.118090672 0 23.5819028218 0
2458003.5 25.0875309838 0 23.5517285388 0
2458004.5 18.2776605648 0 16.8666374163 0
2458005.5 18.5170044947 0 17.1013564932 0
2458006.5 18.9436288087 0 17.5199495081 0
2458007.5 19.6521582754 0 18.2153928103 0
2458008.5 18.9762957608 0 17.5520222608 0
2458009.5 20.1726495698 0 18.7268242922 0
2458010.5 19.3085450867 0 17.8787611483 0
2458011.5 18.439908465 0 17.02624895 0
2458012.5 18.9370398299 0 17.514037176 0
2458013.5 18.0607350989 0 16.6538139429 0
2458014.5 17.0007073371 0 15.6140416172 0
2458015.5 16.158525938 0 14.7873348565 0
2458016.5 15.5487417352 0 14.1887567867 0
2458017.5 15.5281860153 0 14.1685372868 0
2458018.5 16.3815862188 0 15.0081950435 0
2458019.5 17.2839829566 0 15.8939321905 0
2458020.5 16.8993621841 0 15.5164488788 0
2458021.5 17.7742715454 0 16.3751536927 0
2458022.5 18.0797695257 0 16.6748644614 0
2458023.5 24.5770104999 0 23.0549112613 0
2458024.5 24.7465612574 0 23.2214787323 0
2458025.5 24.2361030193 0 22.7203153912 0
2458026.5 24.8627504783 0 23.3353618258 0
2458027.5 26.2959316412 0 24.7448088767 0
2458028.5 25.3882433697 0 23.8536924274 0
2458029.5 25.9842823036 0 24.4386783498 0
2458030.5 26.1833051978 0 24.6342092686 0
2458031.5 26.7717427451 0 25.2119218597 0
2458032.5 26.9870026281 0 25.4233087976 0
2458033.5 26.6148158606 0 25.0554380968 0
2458034.5 27.4636640025 0 25.888664986 0
2458035.5 28.2035359168 0 26.6152906517 0
2458036.5 27.3176647997 0 25.7452277561 0
2458037.5 26.5004697001 0 24.9431426364 0
2458038.5 19.499277641 0 18.0728819325 0
2458039.5 19.0259920693 0 17.6085501239 0
2458040.5 19.178627484 0 17.7581718838 0
2458041.5 19.0666968464 0 17.6482259168 0
2458042.5 25.0804077236 0 23.5478334753 0
2458043.5 24.9048740057 0 23.3755659862 0
2458044.5 24.2147639309 0 22.6982746275 0
2458045.5 24.2000535949 0 22.6837249781 0
2458046.5 23.5284424125 0 22.0246429774 0
2458047.5 23.705795834 0 22.1988884734 0
2458048.5 15.9367554075 0 14.5763833778 0
2458049.5 16.471668484 0 15.1011896368 0
2458050.5 16.3477351062 0 14.9795581471 0
2458051.5 16.0706292481 0 14.7074087143 0
2458052.5 16.7215770469 0 15.3462913714 0
2458053.5 18.7149263059 0 17.3018894645 0
2458054.5 19.508935643 0 18.0810672301 0
2458055.5 19.67693492 0 18.2457662337 0
2458056.5 18.8674912115 0 17.4514718471 0
2458057.5 23.1039703416 0 21.6091540994 0
2458058.5 22.5962880352 0 21.1107461189 0
2458059.5 23.3034885199 0 21.8050022446 0
2458060.5 22.7825962949 0 21.2937922137 0
2458061.5 23.3113591259 0 21.8128920747 0
2458062.5 23.3167746 0 21.8181362896 0
2458063.5 22.9437878628 0 21.4543843623 0
2458064.5 22.6539318684 0 21.1698420978 0
2458065.5 22.584771973 0 21.1018962154 0
2458066.5 22.1579481784 0 20.6828420506 0
2458067.5 22.2993810588 0 20.8217223183 0
2458068.5 23.2219800115 0 21.727063605 0
2458069.5 22.4726555446 0 20.9931453975 0
2458070.5 22.2852063014 0 20.8091241609 0
2458071.5 21.955111604 0 20.4851597753 0
2458072.5 21.0455634777 0 19.5926343439 0
2458073.5 24.660190396 0 23.1400060939 0
2458074.5 23.8976667156 0 22.3916090435 0
2458075.5 24.1554162705 0 22.6444270893 0
2458076.5 24.6647740811 0 23.1441653638 0
2458077.5 20.8337434244 0 19.3845447495 0
2458078.5 21.3341253399 0 19.8758048662 0
2458079.5 21.8882065535 0 20.4195025397 0
2458080.5 21.5086590966 0 20.0471339936 0
2458081.5 22.1823482038 0 20.71125747 0
2458082.5 22.9173658141 0 21.4328450722 0
2458083.5 23.6965659712 0 22.1976451537 0
2458084.5 24.1328242543 0 22.6258054641 0
2458085.5 19.7145880349 0 18.2895006966 0
2458086.5 20.1309680133 0 18.6981166819 0
2458087.5 20.2879682748 0 18.8520236899 0
2458088.5 21.0057239254 0 19.5564307594 0
2458089.5 16.5066262799 0 15.1387157169 0
2458090.5 17.1415151515 0 15.7619244481 0
2458091.5 17.3359050868 0 15.9528874953 0
2458092.5 16.8618645804 0 15.4876753719 0
2458093.5 22.5197453837 0 21.0398911948 0
2458094.5 22.8123119538 0 21.3269575789 0
2458095.5 22.3517618463 0 20.874973487 0
2458096.5 21.8847554233 0 20.4165647884 0
2458097.5 18.4217166009 0 17.0177976616 0
2458098.5 18.4594084688 0 17.0546390621 0
2458099.5 17.6326816957 0 16.2432713995 0
2458100.5 17.879478081 0 16.4853424877 0
2458101.5 18.0073544014 0 16.6109033851 0
2458102.5 26.4004328086 0 24.8488758622 0
2458103.5 27.3324633541 0 25.7638548993 0
2458104.5 26.9598512657 0 25.3981720837 0
2458105.5 27.5266613892 0 25.9548567356 0
2458106.5 26.8797546531 0 25.3201727355 0
2458107.5 26.7292422049 0 25.1722448725 0
2458108.5 26.6197155059 0 25.0647074747 0
2458109.5 26.8080564633 0 25.2495620569 0
2458110.5 26.3031445055 0 24.7540933971 0
2458111.5 20.5444164758 0 19.1020971529 0
2458112.5 19.7988378527 0 18.3703854693 0
2458113.5 19.5887483269 0 18.1643199071 0
2458114.5 18.730897927 0 17.3222897831 0
2458115.5 21.0076250122 0 19.5590489927 0
2458116.5 21.273515011 0 19.8199536726 0
2458117.5 20.6017832329 0 19.160717033 0
2458118.5 21.35608734 0 19.9011137537 0
2458119.5 21.4321249155 0 19.9756346683 0
2458120.5 21.1517036672 0 19.7019493834 0
2458121.5 20.7502578966 0 19.3080449825 0
2458122.5 21.4400063649 0 19.9848419403 0
2458123.5 21.1585691758 0 19.7086931597 0
2458124.5 20.8292043726 0 19.3855541371 0
2458125.5 20.9771728917 0 19.5307752662 0
2458126.5 25.9465988644 0 24.4109668061 0
2458127.5 25.9229883936 0 24.3877684613 0
2458128.5 25.8249610993 0 24.2917107376 0
2458129.5 26.2934719666 0 24.7514709334 0
2458130.5 25.508991261 0 23.9816166559 0
2458131.5 25.2773790177 0 23.7541615752 0
2458132.5 22.4988399679 0 21.0280009999 0
2458133.5 22.1658110953 0 20.701167571 0
2458134.5 21.3667072083 0 19.9167392298 0
2458135.5 22.2288166195 0 20.7628521971 0
2458136.5 22.748260471 0 21.2725572427 0
2458137.5 18.9960941574 0 17.5890171208 0
2458138.5 19.0267763952 0 17.6189931028 0
2458139.5 19.8552292926 0 18.4321667928 0
2458140.5 19.6811487632 0 18.2611239871 0
2458141.5 18.6059375931 0 17.2040058168 0
2458142.5 19.5122790086 0 18.0933759755 0
2458143.5 20.0819242945 0 18.6524550506 0
2458144.5 19.6579386705 0 18.2363014223 0
2458145.5 19.9714482015 0 18.5440273118 0
2458146.5 23.6849437779 0 22.1903545708 0
2458147.5 24.3351138273 0 22.8284303361 0
2458148.5 24.2721825242 0 22.7665684786 0
2458149.5 23.4314796068 0 21.9415717006 0
2458150.5 22.8903706209 0 21.4104340596 0
2458151.5 17.7696888863 0 16.3834318814 0
2458152.5 17.5587045974 0 16.1763987677 0
2458153.5 16.933306948 0 15.5627352381 0
2458154.5 16.6803811956 0 15.3146804957 0
2458155.5 24.6139666974 0 23.1036692842 0
2458156.5 25.0051154262 0 23.4876308578 0
2458157.5 24.8308083517 0 23.316437154 0
2458158.5 25.513282615 0 23.9863476533 0
2458159.5 24.9358844941 0 23.4204642918 0
2458160.5 24.4965823056 0 22.9893441499 0
2458161.5 24.2591615098 0 22.756241407 0
2458162.5 23.3734202291 0 21.8869070043 0
2458163.5 23.4955513623 0 22.00671106 0
2458164.5 26.8211725337 0 25.2739009224 0
2458165.5 26.8072427707 0 25.2601525701 0
2458166.5 27.5607901305 0 26.0000571934 0
2458167.5 28.4810228339 0 26.9040045858 0
2458168.5 28.7560112085 0 27.1743690728 0
2458169.5 20.3527499983 0 18.9262810338 0
2458170.5 19.6717940275 0 18.2578488203 0
2458171.5 19.2682624533 0 17.8616336139 0
2458172.5 19.2092362923 0 17.8037655981 0
2458173.5 18.686021787 0 17.2903068248 0
2458174.5 22.0796059138 0 20.6221231957 0
2458175.5 22.1533931599 0 20.694494063 0
2458176.5 23.0664856947 0 21.5906979453 0
2458177.5 22.2449178884 0 20.7841870461 0
2458178.5 18.9277577621 0 17.5260917108 0
2458179.5 19.1261330878 0 17.7207253735 0
2458180.5 18.4335268225 0 17.0410759576 0
2458181.5 18.9600243925 0 17.5577496645 0
2458182.5 20.8402609807 0 19.4009824852 0
2458183.5 21.5741614686 0 20.1211968662 0
2458184.5 21.0895591274 0 19.6454838261 0
2458185.5 20.6638207366 0 19.2278204196 0
2458186.5 20.7680862138 0 19.3303184829 0
2458187.5 27.0691926429 0 25.5159151134 0
2458188.5 27.6203053386 0 26.0571017802 0
2458189.5 28.1633319961 0 26.5904949684 0
2458190.5 28.870737266 0 27.2853595392 0
2458191.5 28.9479038333 0 27.3613200372 0
2458192.5 17.6848428903 0 16.3085266183 0
2458193.5 18.3850136699 0 16.9956164316 0
2458194.5 17.892795098 0 16.512396424 0
2458195.5 18.8088614865 0 17.4114856969 0
2458196.5 19.327128639 0 17.9203292421 0
2458197.5 22.7786920056 0 21.3104651385 0
2458198.5 23.003015791 0 21.5304473529 0
2458199.5 23.3952850022 0 21.9154506837 0
2458200.5 24.0143187565 0 22.5230833071 0
2458201.5 23.5736108375 0 22.0903746208 0
2458202.5 23.5359940302 0 22.0532804981 0
2458203.5 26.1021523688 0 24.5741263856 0
2458204.5 26.3240009714 0 24.7920571616 0
2458205.5 26.0658484313 0 24.5386589509 0
2458206.5 26.3465324687 0 24.8143580962 0
2458207.5 25.6603608792 0 24.1410152684 0
2458208.5 25.8878817903 0 24.3644899156 0
2458209.5 21.4040318189 0 19.9661227379 0
2458210.5 21.2147660884 0 19.7802475643 0
2458211.5 21.3826327953 0 19.9451794711 0
2458212.5 20.6102762893 0 19.1872339474 0
2458213.5 20.5996378665 0 19.1769284906 0
2458214.5 19.6785527624 0 18.2727976816 0
2458215.5 26.5882051814 0 25.0573213861 0
2458216.5 27.4415920492 0 25.8951530128 0
2458217.5 26.6067421576 0 25.0753612928 0
2458218.5 26.2213360769 0 24.697023206 0
2458219.5 26.4290247249 0 24.9007222925 0
2458220.5 26.9500902257 0 25.4121800744 0
2458221.5 19.7934673649 0 18.3904031729 0
2458222.5 20.4469407361 0 19.0318196017 0
2458223.5 20.1282644079 0 18.7189864922 0
2458224.5 20.715756938 0 19.2955389164 0
2458225.5 21.3309150007 0 19.8998704853 0
2458226.5 21.9673955888 0 20.5247406599 0
2458227.5 21.4960515202 0 20.0620846469 0
2458228.5 21.8361142034 0 20.3958348519 0
2458229.5 20.9583909185 0 19.5343301953 0
2458230.5 20.4057705994 0 18.9918961922 0
2458231.5 23.8180975442 0 22.3411402842 0
2458232.5 23.0541739193 0 21.5915003574 0
2458233.5 22.6035111042 0 21.1493753308 0
2458234.5 22.4369729957 0 20.9858726425 0
2458235.5 21.7932029037 0 20.3540029328 0
2458236.5 21.5878897112 0 20.1524912904 0
2458237.5 22.0211691693 0 20.5776472154 0
2458238.5 21.4167301486 0 19.9843827143 0
2458239.5 23.0247352025 0 21.5651843573 0
2458240.5 23.725189779 0 22.2528518442 0
2458241.5 24.4692599218 0 22.9831190243 0
2458242.5 23.5813774038 0 22.1115255263 0
2458243.5 23.0834786675 0 21.623044932 0
2458244.5 23.1100881176 0 21.6491758099 0
2458245.5 26.6925797075 0 25.1667108448 0
2458246.5 27.1878724993 0 25.6529848088 0
2458247.5 26.9111990827 0 25.3813097394 0
2458248.5 26.0493113944 0 24.535100457 0
2458249.5 25.5029258929 0 23.9988307444 0
2458250.5 21.2618130073 0 19.8370799896 0
2458251.5 20.4054235543 0 18.9967589112 0
2458252.5 19.476283508 0 18.0849220388 0
2458253.5 19.8461756112 0 18.4479784043 0
2458254.5 24.1538413346 0 22.6740228467 0
2458255.5 24.0899078646 0 22.611423118 0
2458256.5 23.7218213914 0 22.2500891892 0
2458257.5 23.8411484131 0 22.3673375208 0
2458258.5 25.8448489545 0 24.3312399685 0
2458259.5 26.5534270994 0 25.0269300349 0
2458260.5 26.4160698076 0 24.892131902 0
2458261.5 26.9922715309 0 25.4579532664 0
2458262.5 27.6415564533 0 26.0954616149 0
2458263.5 28.5774362127 0 27.0146726524 0
2458264.5 26.5553653137 0 25.0293989205 0
2458265.5 25.7279213537 0 24.2171423151 0
2458266.5 26.2051914387 0 24.6854505354 0
2458267.5 25.276940213 0 23.774199398 0
2458268.5 22.8761775321 0 21.4157061913 0
2458269.5 22.2351750747 0 20.7864888255 0
2458270.5 21.3588746236 0 19.9263112563 0
2458271.5 21.7065661156 0 20.26748431 0
2458272.5 21.7716855647 0 20.3302019362 0
2458273.5 21.6588771837 0 20.2193729659 0
2458274.5 22.002640109 0 20.5565881121 0
2458275.5 21.615028722 0 20.1760011134 0
2458276.5 22.2480125471 0 20.7970952977 0
2458277.5 22.8228741997 0 21.3614099693 0
2458278.5 26.8713242264 0 25.3354723309 0
2458279.5 27.4258943799 0 25.8798556151 0
2458280.5 26.7491586864 0 25.2156802866 0
2458281.5 27.0891602497 0 25.5494415377 0
2458282.5 19.3945449557 0 17.9997363136 0
2458283.5 20.2532864393 0 18.8423880885 0
2458284.5 21.1576464062 0 19.7300733111 0
2458285.5 21.797202298 0 20.3576949629 0
2458286.5 22.0462671155 0 20.6023197176 0
2458287.5 21.1394722755 0 19.7142191355 0
2458288.5 20.9460670018 0 19.5242940452 0
2458289.5 21.183206077 0 19.7572186982 0
2458290.5 21.1472637236 0 19.7217622047 0
2458291.5 20.4867803187 0 19.073663615 0
2458292.5 17.9779281389 0 16.6108832788 0
2458293.5 17.5422631207 0 16.1831518388 0
2458294.5 17.4354659726 0 16.0785262962 0
2458295.5 16.6985547997 0 15.3554463353 0
2458296.5 16.1493487304 0 14.8164483604 0
2458297.5 23.3190270012 0 21.8508928807 0
2458298.5 23.785537488 0 22.3087456901 0
2458299.5 24.0981369507 0 22.6154249415 0
2458300.5 24.029568424 0 22.547951055 0
2458301.5 23.8982033923 0 22.4191119912 0
2458302.5 24.7721160275 0 23.2767369555 0
2458303.5 27.9365543217 0 26.3813819845 0
2458304.5 28.1937987648 0 26.6339615616 0
2458305.5 27.3476013221 0 25.802868107 0
2458306.5 26.6122959299 0 25.0811091171 0
2458307.5 27.1884346268 0 25.6465268677 0
2458308.5 28.0178379683 0 26.4608266712 0
2458309.5 18.4449413199 0 17.0620325356 0
2458310.5 17.9965548762 0 16.6220461925 0
2458311.5 18.4019523579 0 17.0200604523 0
2458312.5 18.4973596133 0 17.1137506315 0
2458313.5 27.4203210017 0 25.8730132763 0
2458314.5 27.4752780151 0 25.926846898 0
2458315.5 26.8130016358 0 25.2765468271 0
2458316.5 27.1220643339 0 25.5798180482 0
2458317.5 27.5757096664 0 26.0251639563 0
2458318.5 28.4068815059 0 26.8416686298 0
2458319.5 22.3516832339 0 20.8978033015 0
2458320.5 21.656154685 0 20.2150553824 0
2458321.5 21.1473302544 0 19.715568481 0
2458322.5 21.2957536421 0 19.8611528292 0
2458323.5 20.5817549767 0 19.1603602372 0
2458324.5 21.0666073323 0 19.636306631 0
2458325.5 24.2820632886 0 22.7945551707 0
2458326.5 23.4171760657 0 21.9455994215 0
2458327.5 23.6962064939 0 22.2193515699 0
2458328.5 23.1544798258 0 21.6878257662 0
2458329.5 22.8664770144 0 21.4051378941 0
2458330.5 23.0432717675 0 21.5788183687 0
2458331.5 18.9934692795 0 17.6025128543 0
2458332.5 19.4613786844 0 18.0615568575 0
2458333.5 20.1362444636 0 18.7239340818 0
2458334.5 19.7212900643 0 18.3166331594 0
2458335.5 20.1063907761 0 18.6945730257 0
2458336.5 17.5244977334 0 16.1598326699 0
2458337.5 17.3638417869 0 16.0021601369 0
2458338.5 16.9334287161 0 15.5797354501 0
2458339.5 17.6083961878 0 16.2423133389 0
2458340.5 18.291577411 0 16.9128896331 0
2458341.5 19.1782036323 0 17.7830196375 0
2458342.5 22.2251521796 0 20.7737961076 0
2458343.5 21.9034648001 0 20.4580193193 0
2458344.5 22.7339455393 0 21.2730270783 0
2458345.5 22.4784442207 0 21.0221188519 0
2458346.5 22.7506530566 0 21.2892984599 0
2458347.5 21.8770732288 0 20.4318450532 0
2458348.5 26.8620546089 0 25.3234434093 0
2458349.5 27.6648406568 0 26.1114530548 0
2458350.5 28.5664925065 0 26.9971431115 0
2458351.5 29.3691206848 0 27.7861901578 0
2458352.5 28.5696677351 0 27.0002385566 0
2458353.5 28.1880728825 0 26.6252736307 0
2458354.5 23.2184432909 0 21.7461131486 0
2458355.5 22.5351377683 0 21.0755516626 0
2458356.5 22.6745336514 0 21.2121710025 0
2458357.5 23.2062325305 0 21.7338763099 0
2458358.5 24.0924963234 0 22.603800054 0
2458359.5 24.2470173934 0 22.7554303379 0
2458360.5 22.9775513503 0 21.509891957 0
2458361.5 22.5311032359 0 21.0717431071 0
2458362.5 22.3367894144 0 20.8812039463 0
2458363.5 22.5577405042 0 21.0982029468 0
2458364.5 23.2379127692 0 21.7659699775 0
2458365.5 21.091965843 0 19.6579426321 0
2458366.5 20.6424986446 0 19.2167316586 0
2458367.5 20.6142801803 0 19.1889707618 0
2458368.5 20.5101271212 0 19.0869457232 0
2458369.5 19.8886819565 0 18.4770324322 0
2458370.5 27.8340908158 0 26.2754576896 0
2458371.5 27.940660248 0 26.3800745557 0
2458372.5 27.4543818796 0 25.9024420981 0
2458373.5 27.7885330669 0 26.2303636926 0
2458374.5 27.8247856616 0 26.2658255527 0
2458375.5 24.2352088888 0 22.7453793789 0
2458376.5 24.3117699977 0 22.8203430573 0
2458377.5 23.5687079445 0 22.0910292479 0
2458378.5 23.6956648884 0 22.2156837875 0
2458379.5 23.0416226727 0 21.5737380935 0
2458380.5 22.6059728044 0 21.146268747 0
2458381.5 19.7708932683 0 18.3668956118 0
2458382.5 20.5065728185 0 19.0890306188 0
2458383.5 21.302418933 0 19.8701911733 0
2458384.5 21.5572249772 0 20.1202958775 0
2458385.5 20.9322221349 0 19.5070178421 0
2458386.5 20.6959282479 0 19.2749546747 0
2458387.5 18.7631348587 0 17.3778879139 0
2458388.5 18.5852518248 0 17.2031150434 0
2458389.5 18.3495124292 0 16.9716045258 0
2458390.5 18.4158436706 0 17.0368445823 0
2458391.5 20.9586591966 0 19.5298524374 0
2458392.5 21.1716099503 0 19.7388547773 0
2458393.5 21.3535190552 0 19.9171978747 0
2458394.5 20.9812611113 0 19.5519610003 0
2458395.5 20.0743332358 0 18.6618324418 0
2458396.5 17.3764441858 0 16.0122014684 0
2458397.5 16.9859160684 0 15.6290889417 0
2458398.5 17.7341346463 0 16.3635059431 0
2458399.5 17.9105664294 0 16.5367092757 0
2458400.5 17.2199428214 0 15.8589810936 0
2458401.5 22.2317223323 0 20.7762727821 0
2458402.5 21.6379812392 0 20.1934974624 0
2458403.5 21.8864916496 0 20.4373250821 0
2458404.5 21.8816825315 0 20.4325676805 0
2458405.5 17.5349648546 0 16.1649667995 0
2458406.5 17.1871380988 0 15.8236348912 0
2458407.5 16.7273779921 0 15.3723276736 0
2458408.5 15.8613123133 0 14.5223881091 0
2458409.5 17.2515400236 0 15.8853429369 0
2458410.5 16.9386181401 0 15.5783035765 0
2458411.5 17.1653993618 0 15.8007815092 0
2458412.5 16.9596730308 0 15.5988731078 0
2458413.5 17.0080870865 0 15.6463553461 0
2458414.5 17.035501011 0 15.6733817891 0
2458415.5 26.7519434624 0 25.2090508383 0
2458416.5 27.5271587811 0 25.9702373555 0
2458417.5 27.5826939199 0 26.0248321341 0
2458418.5 27.1550853227 0 25.6050671616 0
2458419.5 27.7770366199 0 26.2158235616 0
2458420.5 21.0382497378 0 19.5989224683 0
2458421.5 21.3406545066 0 19.8956954136 0
2458422.5 21.092441472 0 19.6519289592 0
2458423.5 20.3479393403 0 18.921033388 0
2458424.5 20.8974672567 0 19.4603636892 0
2458425.5 24.731473039 0 23.2223921835 0
2458426.5 25.5246146199 0 24.001055796 0
2458427.5 25.1181461138 0 23.6020594875 0
2458428.5 25.4570355639 0 23.9347881808 0
2458429.5 25.3942396801 0 23.8729836075 0
2458430.5 25.2805700597 0 23.761371244 0
2458431.5 24.2109567212 0 22.7136078343 0
2458432.5 23.4931993295 0 22.0089577461 0
2458433.5 22.8279768726 0 21.3562531713 0
2458434.5 22.0660503256 0 20.6084414843 0
2458435.5 21.6418907303 0 20.1920502344 0
2458436.5 21.6545582452 0 20.2044060655 0
2458437.5 18.163404003 0 16.7786079124 0
2458438.5 17.6687966896 0 16.2930164207 0
2458439.5 17.9005781058 0 16.5205061428 0
2458440.5 17.8043090681 0 16.4258857215 0
2458441.5 17.3800887083 0 16.0096218807 0
2458442.5 27.1928259656 0 25.6409583026 0
2458443.5 27.7969383422 0 26.2342767004 0
2458444.5 27.7756163251 0 26.2131436404 0
2458445.5 27.7553589071 0 26.1934516235 0
2458446.5 28.1286723458 0 26.5600951491 0
2458447.5 28.3741469112 0 26.8012210425 0
2458448.5 21.8945710651 0 20.4439225088 0
2458449.5 22.057715968 0 20.6041739341 0
2458450.5 22.4690596953 0 21.007711804 0
2458451.5 23.0275567837 0 21.5559472257 0
2458452.5 17.577238337 0 16.2049690769 0
2458453.5 18.4739855196 0 17.0849183929 0
2458454.5 17.9815284624 0 16.6015307958 0
2458455.5 18.8669266721 0 17.4706278476 0
2458456.5 18.2505699668 0 16.8655897672 0
2458457.5 18.8232738197 0 17.4274815966 0
2458458.5 23.7976874081 0 22.3083169859 0
2458459.5 23.8635192844 0 22.3729151925 0
2458460.5 24.4073816664 0 22.9068214023 0
2458461.5 23.9858820725 0 22.4932611627 0
2458462.5 24.587407315 0 23.0835292144 0
2458463.5 20.1510626036 0 18.7311364612 0
2458464.5 20.4623737557 0 19.0365523538 0
2458465.5 20.4770274354 0 19.0510913022 0
2458466.5 20.5794301141 0 19.151774461 0
2458467.5 20.9645715495 0 19.529763014 0
2458468.5 20.8627548373 0 19.4270789464 0
2458469.5 20.5900318146 0 19.1593791522 0
2458470.5 21.3566038479 0 19.9116218052 0
2458471.5 22.1549099038 0 20.695304125 0
2458472.5 22.4814200805 0 21.015751659 0
2458473.5 23.1706466356 0 21.6923717285 0
2458474.5 19.1420055086 0 17.7373926137 0
2458475.5 19.9600569457 0 18.5401512396 0
2458476.5 20.5992710696 0 19.1673934555 0
2458477.5 21.1960941 0 19.7531822095 0
2458478.5 22.0278720618 0 20.5696946996 0
2458479.5 22.6551773163 0 21.1852678446 0
2458480.5 21.9170729777 0 20.462356968 0
2458481.5 20.9947121419 0 19.5569670407 0
2458482.5 20.2961704685 0 18.8713064782 0
2458483.5 20.9762103342 0 19.5387015448 0
2458484.5 20.6076370591 0 19.1769030539 0
2458485.5 20.2580026407 0 18.8335600823 0
2458486.5 22.7511859 0 21.2810632147 0
2458487.5 21.8498328647 0 20.3964838392 0
2458488.5 22.7630607345 0 21.2926053429 0
2458489.5 22.6096763322 0 21.1422568936 0
2458490.5 21.7167997388 0 20.2658570073 0
2458491.5 18.8511836867 0 17.4544901556 0
2458492.5 19.4671562918 0 18.0588617988 0
2458493.5 20.2844297624 0 18.8610912058 0
2458494.5 20.6173504281 0 19.1876418157 0
2458495.5 21.0046001517 0 19.5675838943 0
2458496.5 20.7763608954 0 19.343661082 0
2458497.5 22.2192006636 0 20.7623029897 0
2458498.5 22.2346179861 0 20.7772757432 0
2458499.5 21.7899970241 0 20.340913333 0
2458500.5 21.0342908939 0 19.5990447905 0
2458501.5 21.8480333284 0 20.3975637376 0
2458502.5 25.2323959422 0 23.7188360168 0
2458503.5 25.8802846811 0 24.3549401161 0
2458504.5 25.5225456782 0 24.0038647933 0
2458505.5 25.0237701474 0 23.5142670181 0
2458506.5 25.0100204309 0 23.5008129433 0
2458507.5 24.1161840908 0 22.6228159123 0
2458508.5 23.5872390061 0 22.1038020174 0
2458509.5 23.6122983565 0 22.1282874936 0
2458510.5 24.0144067936 0 22.523038169 0
2458511.5 23.863888331 0 22.3751639871 0
2458512.5 20.6644025906 0 19.2368796038 0
2458513.5 21.4709326396 0 20.028415797 0
2458514.5 21.962371469 0 20.5107790023 0
2458515.5 21.0577613949 0 19.6229002135 0
2458516.5 22.231218717 0 20.7721509986 0
2458517.5 22.7143693289 0 21.246273494 0
2458518.5 22.3383300694 0 20.8771829626 0
2458519.5 22.4981709902 0 21.0341808425 0
2458520.5 27.0228623555 0 25.4727324181 0
2458521.5 27.6480708561 0 26.0864017616 0
2458522.5 27.1637237184 0 25.6108575799 0
2458523.5 27.4776770645 0 25.919089633 0
2458524.5 27.461184632 0 25.9028510072 0
2458525.5 26.9877136072 0 25.437901521 0
2458526.5 26.449881121 0 24.909503053 0
2458527.5 25.9951212182 0 24.4629373853 0
2458528.5 25.8717504372 0 24.3418385745 0
2458529.5 24.9674137255 0 23.454067722 0
2458530.5 24.3130125926 0 22.8116877826 0
2458531.5 18.9748884003 0 17.573387116 0
2458532.5 18.4102812671 0 17.0190671994 0
2458533.5 18.3796334563 0 16.9888046803 0
2458534.5 19.2959072644 0 17.8881496049 0
2458535.5 26.5536132722 0 25.0111192005 0
2458536.5 26.2894679266 0 24.7519304659 0
2458537.5 26.6596870544 0 25.1155147847 0
2458538.5 26.9206088084 0 25.3715264688 0
2458539.5 27.3225765031 0 25.7662784075 0
2458540.5 26.9922035136 0 25.441824158 0
2458541.5 26.2186271876 0 24.6857065509 0
2458542.5 25.6742956464 0 24.1512958699 0
2458543.5 25.1780592305 0 23.664076644 0
2458544.5 24.3203634701 0 22.8223619761 0
2458545.5 17.4092074164 0 16.0366567384 0
2458546.5 17.0941469296 0 15.7274052307 0
2458547.5 17.0809742229 0 15.714511644 0
2458548.5 16.8470463111 0 15.4848527562 0
2458549.5 21.5338587125 0 20.0831030238 0
2458550.5 20.9532615173 0 19.5131405564 0
2458551.5 20.6274465436 0 19.1934734904 0
2458552.5 20.5831800798 0 19.1499993171 0
2458553.5 25.458019816 0 23.932371819 0
2458554.5 25.7126867738 0 24.1824465451 0
2458555.5 24.9292328639 0 23.4134632724 0
2458556.5 25.5106477954 0 23.9842134266 0
2458557.5 25.234903805 0 23.7136342707 0
2458558.5 24.8085927571 0 23.2967643644 0
2458559.5 24.0645993096 0 22.5667357672 0
2458560.5 23.334387358 0 21.8500416824 0
2458561.5 23.6934180547 0 22.202280297 0
2458562.5 26.8783341066 0 25.32566608 0
2458563.5 27.504138016 0 25.9400387833 0
2458564.5 27.1959649887 0 25.6373134116 0
2458565.5 27.0261071923 0 25.4704613081 0
2458566.5 26.8320906332 0 25.2801684702 0
2458567.5 27.7368952597 0 26.1683270815 0
2458568.5 21.6160671999 0 20.1632698172 0
2458569.5 21.5725225597 0 20.1206165074 0
2458570.5 20.7721503353 0 19.3351915163 0
2458571.5 21.1951215943 0 19.7502806815 0
2458572.5 20.7024299905 0 19.2665963759 0
2458573.5 19.9374515443 0 18.5158285871 0
2458574.5 21.0831616833 0 19.6376814634 0
2458575.5 21.5195141932 0 20.0657744398 0
2458576.5 21.1611501509 0 19.7140163776 0
2458577.5 20.4065194902 0 18.9734904543 0
2458578.5 23.231815881 0 21.7491690174 0
2458579.5 23.8838951471 0 22.3893122373 0
2458580.5 23.442371155 0 21.9560591983 0
2458581.5 24.3418616701 0 22.8389032685 0
2458582.5 23.6331672023 0 22.1433366263 0
2458583.5 23.5361834952 0 22.0456074847 0
2458584.5 23.933534807 0 22.4357852214 0
2458585.5 24.401595493 0 22.8952118765 0
2458586.5 24.6511287021 0 23.1399634188 0
2458587.5 17.4054898739 0 16.0258468969 0
2458588.5 17.4321664345 0 16.052207177 0
2458589.5 17.7465909864 0 16.3608124595 0
2458590.5 17.9191584258 0 16.5300104657 0
2458591.5 17.9725674736 0 16.5822772214 0
2458592.5 17.755199029 0 16.3719493597 0
2458593.5 16.9896729003 0 15.6205637828 0
2458594.5 17.7789546254 0 16.395057937 0
2458595.5 18.1628858599 0 16.7718554493 0
2458596.5 21.3028193256 0 19.8538751491 0
2458597.5 20.8528183986 0 19.412292965 0
2458598.5 20.3753053673 0 18.9437043195 0
2458599.5 19.5996731285 0 18.1826148132 0
2458600.5 20.1428901934 0 18.7156010076 0
2458601.5 17.2473782833 0 15.8726816631 0
2458602.5 17.5174022515 0 16.1375646163 0
2458603.5 18.3865118802 0 16.9903985321 0
2458604.5 17.7424757766 0 16.3582527119 0
2458605.5 22.9441372581 0 21.4662924974 0
2458606.5 22.3760915448 0 20.9087098014 0
2458607.5 22.1260470456 0 20.663170398 0
2458608.5 21.5880068885 0 20.135066026 0
2458609.5 17.4241768345 0 16.0484501236 0
2458610.5 17.3701834662 0 15.9953566358 0
2458611.5 17.8963673057 0 16.5118238394 0
2458612.5 17.7972375347 0 16.414516589 0
2458613.5 16.939883894 0 15.5731892979 0
2458614.5 22.2341215252 0 20.770427582 0
2458615.5 21.3848887477 0 19.9370529099 0
2458616.5 20.4539687307 0 19.0233037122 0
2458617.5 20.5754868018 0 19.1425751457 0
2458618.5 18.7685781138 0 17.3690289874 0
2458619.5 18.8816602486 0 17.4799353945 0
2458620.5 19.3479195792 0 17.9374654269 0
2458621.5 18.4429402821 0 17.0491045914 0
2458622.5 21.9817066283 0 20.5212109173 0
2458623.5 21.5056925477 0 20.0540998925 0
2458624.5 21.0022689029 0 19.5600346323 0
2458625.5 20.422962674 0 18.9915075649 0
2458626.5 20.4695072103 0 19.0346085817 0
2458627.5 21.0151248149 0 19.5699851252 0
2458628.5 20.6169005575 0 19.1792870245 0
2458629.5 21.0331672622 0 19.5878120444 0
2458630.5 21.7530582844 0 20.2943418586 0
2458631.5 22.0224510502 0 20.5585738995 0
2458632.5 25.5191545752 0 23.9924639409 0
2458633.5 24.8715166392 0 23.3568162013 0
2458634.5 24.6699498579 0 23.1590515769 0
2458635.5 24.8450454256 0 23.330915672 0
2458636.5 23.1341068315 0 21.652704913 0
2458637.5 22.6573512887 0 21.1848871894 0
2458638.5 22.4713276467 0 21.0024080191 0
2458639.5 23.1594819894 0 21.6776307786 0
2458640.5 23.7713187629 0 22.2779655797 0
2458641.5 17.3704898643 0 15.9984957951 0
2458642.5 17.2550720661 0 15.8850347675 0
2458643.5 17.3012591072 0 15.9303049962 0
2458644.5 17.8257225039 0 16.4450845467 0
2458645.5 17.7186602759 0 16.3398463734 0
2458646.5 18.3302427709 0 16.9401982939 0
2458647.5 17.5341514536 0 16.1591904758 0
2458648.5 18.3011829296 0 16.9119246356 0
2458649.5 18.6647725215 0 17.2688545887 0
2458650.5 18.9378032555 0 17.5369387378 0
2458651.5 18.1022860614 0 16.7170008375 0
2458652.5 16.7174020907 0 15.3554782687 0
2458653.5 16.5637303503 0 15.2045351723 0
2458654.5 15.7979947336 0 14.4529269395 0
2458655.5 15.2052640939 0 13.8712807555 0
2458656.5 15.0939303272 0 13.7618918009 0
2458657.5 14.5752285979 0 13.2526672807 0
2458658.5 22.2423328816 0 20.7750395025 0
2458659.5 22.9949921401 0 21.5135884557 0
2458660.5 23.0740212775 0 21.5912614991 0
2458661.5 22.1663491374 0 20.7002502748 0
2458662.5 22.6219489297 0 21.1474620786 0
2458663.5 25.7123335087 0 24.1788083845 0
2458664.5 25.4310084088 0 23.9028237085 0
2458665.5 25.7565837529 0 24.2223348195 0
2458666.5 25.9188317144 0 24.38155046 0
2458667.5 20.7632698771 0 19.3201829216 0
2458668.5 20.278141847 0 18.8440510564 0
2458669.5 19.5591893302 0 18.1382378528 0
2458670.5 19.8912583191 0 18.4643139463 0
2458671.5 19.3446355257 0 17.9278551856 0
2458672.5 25.8246526584 0 24.2856112273 0
2458673.5 26.0952088213 0 24.5512203397 0
2458674.5 25.487295186 0 23.9545339911 0
2458675.5 24.6335505572 0 23.1165995339 0
2458676.5 20.7611366813 0 19.3167066915 0
2458677.5 20.1853373052 0 18.7516722059 0
2458678.5 19.6007978378 0 18.1778189155 0
2458679.5 19.9378257175 0 18.5087774917 0
2458680.5 20.4404813708 0 19.0020154269 0
2458681.5 20.1244116857 0 18.6916052537 0
2458682.5 21.5548546346 0 20.0974202355 0
2458683.5 21.2656524211 0 19.8136573574 0
2458684.5 22.1545836369 0 20.6859838557 0
2458685.5 22.0070068103 0 20.5413119585 0
2458686.5 22.0625360333 0 20.5956540611 0
2458687.5 20.6735396648 0 19.2350226372 0
2458688.5 20.3325376036 0 18.900493148 0
2458689.5 20.7332159963 0 19.2939273745 0
2458690.5 20.3651155341 0 18.9327215596 0
2458691.5 20.8478299044 0 19.4066692 0
2458692.5 25.8909711007 0 24.359482697 0
2458693.5 25.8704191127 0 24.3393802255 0
2458694.5 25.0385318616 0 23.5230118476 0
2458695.5 24.6956581426 0 23.1864792245 0
2458696.5 23.8539659508 0 22.3628538184 0
2458697.5 23.6189570567 0 22.1322258205 0
2458698.5 23.2449713395 0 21.7652986853 0
2458699.5 23.5371632072 0 22.0520170554 0
2458700.5 23.1015953937 0 21.6246732395 0
2458701.5 17.725824758 0 16.3463654889 0
2458702.5 17.1496447473 0 15.7809745142 0
2458703.5 16.3184097807 0 14.9652022939 0
2458704.5 16.8527270742 0 15.4897598277 0
2458705.5 17.6060767136 0 16.2292097805 0
2458706.5 20.63179897 0 19.1986404339 0
2458707.5 20.7869096486 0 19.3507925646 0
2458708.5 21.7126446545 0 20.2593530512 0
2458709.5 22.1703889672 0 20.7087080993 0
2458710.5 21.3204843737 0 19.8744557815 0
2458711.5 26.3538990748 0 24.815834237 0
2458712.5 27.1099218425 0 25.5578324333 0
2458713.5 27.1930689955 0 25.6394003818 0
2458714.5 26.8467167115 0 25.2993276145 0
2458715.5 26.633772824 0 25.0903963751 0
2458716.5 19.7548667323 0 18.3366437858 0
2458717.5 19.4168330958 0 18.0047712434 0
2458718.5 19.8508084624 0 18.4306314054 0
2458719.5 20.2219369362 0 18.794986467 0
2458720.5 19.815474174 0 18.396245566 0
2458721.5 24.3643103426 0 22.8605773487 0
2458722.5 24.2420725177 0 22.7404296287 0
2458723.5 24.3208338501 0 22.817676098 0
2458724.5 24.258819681 0 22.7568936425 0
2458725.5 24.90899972 0 23.3949222556 0
2458726.5 22.1471778182 0 20.6874782076 0
2458727.5 21.444298329 0 19.9976714232 0
2458728.5 22.0132840986 0 20.5559681164 0
2458729.5 22.2699863254 0 20.8078772377 0
2458730.5 22.6670559914 0 21.200782363 0
2458731.5 22.0610791416 0 20.6060838791 0
2458732.5 22.515948442 0 21.0524621745 0
2458733.5 23.028428872 0 21.5556237005 0
2458734.5 23.1790662313 0 21.7032757827 0
2458735.5 22.5742449925 0 21.1095013394 0
2458736.5 18.285569095 0 16.8991667617 0
2458737.5 17.6810600936 0 16.3060220087 0
2458738.5 16.9468896538 0 15.5856537547 0
2458739.5 16.034715442 0 14.6902802873 0
2458740.5 16.9318474393 0 15.5706745883 0
2458741.5 17.8429653938 0 16.4648863179 0
2458742.5 24.1404990866 0 22.6451153758 0
2458743.5 23.4651632652 0 21.9821027819 0
2458744.5 23.8634110342 0 22.3731672974 0
2458745.5 23.2239730636 0 21.7456539917 0
2458746.5 20.8516468537 0 19.4147582371 0
2458747.5 20.2834411718 0 18.8570758873 0
2458748.5 21.0252867757 0 19.5851799212 0
2458749.5 20.3806642065 0 18.9524087928 0
2458750.5 23.1461379799 0 21.6662734975 0
2458751.5 22.7517321477 0 21.278979304 0
2458752.5 22.2477569037 0 20.7842639543 0
2458753.5 22.8724949016 0 21.3975530403 0
2458754.5 22.8974066943 0 21.4219388853 0
2458755.5 26.5361514339 0 24.9911526517 0
2458756.5 26.599614116 0 25.0534859828 0
2458757.5 26.8480774019 0 25.2975183883 0
2458758.5 26.8739499942 0 25.3231079591 0
2458759.5 25.9931825263 0 24.4587447017 0
2458760.5 25.6238470425 0 24.0961596558 0
2458761.5 17.3425622116 0 15.969911024 0
2458762.5 17.5118004872 0 16.1360404657 0
2458763.5 17.8759024399 0 16.4932841173 0
2458764.5 17.3579988607 0 15.9851726817 0
2458765.5 16.5970322847 0 15.2383712372 0
2458766.5 24.5811513809 0 23.0749239539 0
2458767.5 25.2283912984 0 23.7102935438 0
2458768.5 24.3245197322 0 22.8233392829 0
2458769.5 24.7756786673 0 23.2660044401 0
2458770.5 25.6044633851 0 24.0796539079 0
2458771.5 23.1019153446 0 21.6266662834 0
2458772.5 22.899314201 0 21.4276542367 0
2458773.5 22.6266467391 0 21.1599097714 0
2458774.5 23.5514774311 0 22.0677705474 0
2458775.5 24.6839181433 0 23.1822583742 0
2458776.5 24.6343170254 0 23.1337683002 0
2458777.5 23.986381374 0 22.4977353463 0
2458778.5 24.1494317247 0 22.6578129982 0
2458779.5 23.6189655772 0 22.1351228264 0
2458780.5 23.0842058779 0 21.6100912933 0
2458781.5 22.3344573537 0 20.8741617267 0
2458782.5 23.2546933714 0 21.7772651042 0
2458783.5 27.7122126405 0 26.1556889471 0
2458784.5 27.1947610744 0 25.6478089194 0
2458785.5 28.11622409 0 26.552438648 0
2458786.5 28.8887657517 0 27.3114501524 0
2458787.5 29.8219736492 0 28.2289590108 0
2458788.5 29.9940620896 0 28.3984647745 0
2458789.5 17.8483702425 0 16.4735642742 0
2458790.5 17.8664001738 0 16.4911623781 0
2458791.5 17.2264738357 0 15.863019484 0
2458792.5 17.495305668 0 16.1270315781 0
2458793.5 16.8895416928 0 15.5323494627 0
2458794.5 16.0434477999 0 14.7017604531 0
2458795.5 25.7919432431 0 24.267594167 0
2458796.5 25.0601541805 0 23.5492063736 0
2458797.5 24.3530339721 0 22.8552942127 0
2458798.5 23.9248793142 0 22.4351376128 0
2458799.5 23.6748137094 0 22.1898518275 0
2458800.5 20.5057661943 0 19.0823588213 0
2458801.5 19.9716787733 0 18.5579912328 0
2458802.5 19.7422540992 0 18.3329085883 0
2458803.5 19.824763966 0 18.4140796784 0
2458804.5 22.991204604 0 21.524968117 0
2458805.5 22.9798657328 0 21.5138313969 0
2458806.5 22.2679440857 0 20.8151594953 0
2458807.5 23.1411785537 0 21.6722373751 0
2458808.5 24.0387925397 0 22.5530657672 0
2458809.5 24.5443415164 0 23.0494255094 0
2458810.5 24.5295320963 0 23.0324412985 0
2458811.5 25.2636015029 0 23.752959383 0
2458812.5 24.9431766382 0 23.4384919735 0
2458813.5 24.6149707503 0 23.1164050914 0
2458814.5 24.9621079658 0 23.4568185463 0
2458815.5 25.4056447038 0 23.8922683017 0
2458816.5 26.1019096957 0 24.5757749818 0
2458817.5 26.9122822229 0 25.37108521 0
2458818.5 20.6481597472 0 19.2223549775 0
2458819.5 20.0601231961 0 18.6453538739 0
2458820.5 20.4790181058 0 19.0565112364 0
2458821.5 20.2047398083 0 18.7873813412 0
2458822.5 20.1812568882 0 18.7645101661 0
2458823.5 18.3435872641 0 16.9586761147 0
2458824.5 17.8678335005 0 16.4918442814 0
2458825.5 18.7735978164 0 17.3809562656 0
2458826.5 19.1527750649 0 17.7529852714 0
2458827.5 18.3156788016 0 16.9313232164 0
2458828.5 26.9562743471 0 25.4097659686 0
2458829.5 26.7963915852 0 25.2529463463 0
2458830.5 26.9086052058 0 25.3630157594 0
2458831.5 27.6950127573 0 26.1349769629 0
2458832.5 26.9203178534 0 25.3744092241 0
2458833.5 26.9876756766 0 25.4404584024 0
2458834.5 19.7611892095 0 18.3459414769 0
2458835.5 19.2126472833 0 17.8075998275 0
2458836.5 18.4211716766 0 17.0306322116 0
2458837.5 19.0502109002 0 17.6479168129 0
2458838.5 19.1137872183 0 17.7104123188 0
2458839.5 19.8082441867 0 18.3919947619 0
2458840.5 26.9632618446 0 25.4136905879 0
2458841.5 27.8150885269 0 26.2498903634 0
2458842.5 28.2829411761 0 26.7091707811 0
2458843.5 28.9016050972 0 27.3170986098 0
2458844.5 28.959769038 0 27.3742343202 0
2458845.5 28.4843726258 0 26.9071256781 0
2458846.5 16.6801770707 0 15.3181674855 0
2458847.5 17.424858461 0 16.0491541523 0
2458848.5 16.9574897179 0 15.5902631026 0
2458849.5 16.9238093612 0 15.5573802496 0
2458850.5 16.8589423339 0 15.4937270759 0
2458851.5 24.1068895276 0 22.6091875768 0
2458852.5 25.0148801093 0 23.500182115 0
2458853.5 24.5324926874 0 23.0268912261 0
2458854.5 24.9952818851 0 23.481094392 0
2458855.5 24.9399532654 0 23.4266151689 0
2458856.5 21.224683502 0 19.7783320039 0
2458857.5 21.4522383608 0 20.0016911562 0
2458858.5 21.4125974275 0 19.9629586307 0
2458859.5 20.7837315211 0 19.3458735348 0
2458860.5 21.5936533928 0 20.1408601585 0
2458861.5 21.6553514337 0 20.1991711255 0
2458862.5 21.7370747777 0 20.2793479018 0
2458863.5 21.1187580604 0 19.6724659231 0
2458864.5 21.1008174394 0 19.6550450213 0
2458865.5 21.9660721399 0 20.5040923852 0
2458866.5 24.6775615983 0 23.1661877265 0
2458867.5 23.8995860446 0 22.4027773025 0
2458868.5 23.2927385933 0 21.8072399026 0
2458869.5 22.8392986915 0 21.3620340733 0
2458870.5 22.8736588669 0 21.395636906 0
2458871.5 25.9543273506 0 24.4194842566 0
2458872.5 26.1073504885 0 24.5698141631 0
2458873.5 25.7872212256 0 24.2555325409 0
2458874.5 26.5537318037 0 25.0079645701 0
2458875.5 27.3414048188 0 25.7812415837 0
2458876.5 21.5176630424 0 20.0681541535 0
2458877.5 21.2216190113 0 19.777491359 0
2458878.5 21.1712586402 0 19.7281207759 0
2458879.5 22.0669046313 0 20.6070497034 0
2458880.5 21.3607398375 0 19.9138179084 0
2458881.5 21.6333138298 0 20.1811935098 0
2458882.5 21.3830433256 0 19.9334023312 0
2458883.5 20.6925222961 0 19.2558799014 0
2458884.5 21.1043202572 0 19.6601784867 0
2458885.5 21.1155405434 0 19.6712460623 0
2458886.5 20.9203119728 0 19.479486668 0
2458887.5 20.8447893811 0 19.4054767239 0
2458888.5 23.867159184 0 22.3748369167 0
2458889.5 24.7801056864 0 23.2709022924 0
2458890.5 24.3308840605 0 22.8298377634 0
2458891.5 23.8446030736 0 22.3526288552 0
2458892.5 18.7985318895 0 17.4018881722 0
2458893.5 17.9332380361 0 16.5525511535 0
2458894.5 17.6114179448 0 16.2367342595 0
2458895.5 18.252676836 0 16.8661528287 0
2458896.5 17.8256304686 0 16.4470435287 0
2458897.5 26.331202455 0 24.7944291833 0
2458898.5 26.2445431839 0 24.7093376141 0
2458899.5 26.6903847769 0 25.1467758569 0
2458900.5 26.4969989775 0 24.9569344414 0
2458901.5 25.6767736939 0 24.1520379502 0
2458902.5 25.9143495764 0 24.3852921485 0
2458903.5 16.9062053735 0 15.541548651 0
2458904.5 17.3007682789 0 15.9286001067 0
2458905.5 17.0686561284 0 15.7008791116 0
2458906.5 16.6624375117 0 15.3023060552 0
2458907.5 17.4634151807 0 16.0883718201 0
2458908.5 18.1498332108 0 16.7621553226 0
2458909.5 21.6765729397 0 20.2210595132 0
2458910.5 22.3422307314 0 20.8744911199 0
2458911.5 21.4219316448 0 19.9711574124 0
2458912.5 21.0184609845 0 19.5752183191 0
2458913.5 25.9425700569 0 24.4073401507 0
2458914.5 25.2876017207 0 23.7645494862 0
2458915.5 24.8538144136 0 23.3388165119 0
2458916.5 25.3289477833 0 23.8052533264 0
2458917.5 25.9050148032 0 24.3708126062 0
2458918.5 25.056661154 0 23.5382316577 0
2458919.5 26.6411781946 0 25.0938987189 0
2458920.5 26.4417681439 0 24.898289481 0
2458921.5 26.1220876771 0 24.584663593 0
2458922.5 26.8200244584 0 25.2698620492 0
2458923.5 24.0606928579 0 22.5613692378 0
2458924.5 23.5163162944 0 22.0272129727 0
2458925.5 23.0029069135 0 21.5231650533 0
2458926.5 23.169574094 0 21.6869160808 0
2458927.5 24.048266945 0 22.5492628376 0
2458928.5 24.1828776835 0 22.6786624262 0
2458929.5 23.2892580916 0 21.8014891841 0
2458930.5 24.03518349 0 22.533550621 0
2458931.5 23.2573291814 0 21.7701772011 0
2458932.5 21.1415165714 0 19.6960462272 0
2458933.5 21.1782467538 0 19.7321481289 0
2458934.5 22.0420781654 0 20.5800825525 0
2458935.5 21.5918723852 0 20.1383702117 0
2458936.5 17.4570158385 0 16.0794299608 0
2458937.5 17.3205765736 0 15.9455979123 0
2458938.5 17.7411366922 0 16.3582576433 0
2458939.5 17.0012545037 0 15.632298597 0
2458940.5 23.1167152581 0 21.6340481181 0
2458941.5 22.5827900004 0 21.1099361256 0
2458942.5 22.8121660453 0 21.3348824447 0
2458943.5 23.1327533389 0 21.6494307327 0
2458944.5 23.8561149768 0 22.361243596 0
2458945.5 23.6242107687 0 22.1335993656 0
2458946.5 24.3579982468 0 22.8538543212 0
2458947.5 24.6300189375 0 23.1207880126 0
2458948.5 24.2756548092 0 22.773041793 0
2458949.5 23.8751972311 0 22.3798583191 0
2458950.5 24.2542485453 0 22.7547152803 0
2458951.5 24.987538054 0 23.4744649073 0
2458952.5 25.5023852811 0 23.9798399838 0
2458953.5 25.9534396932 0 24.4226598007 0
2458954.5 26.3458035747 0 24.8056484482 0
2458955.5 25.9851296385 0 24.4515102767 0
2458956.5 26.6108593433 0 25.0656722406 0
2458957.5 26.8028394558 0 25.2541341881 0
2458958.5 26.5259663923 0 24.9822774724 0
2458959.5 17.0153332029 0 15.648752606 0
2458960.5 17.5609543441 0 16.1840816883 0
2458961.5 18.0183781056 0 16.6331105461 0
2458962.5 18.3686060333 0 16.9767789368 0
2458963.5 17.4859892483 0 16.1133637812 0
2458964.5 17.9062122957 0 16.525888037 0
2458965.5 18.5226291646 0 17.1308779677 0
2458966.5 18.6332294833 0 17.2392645938 0
2458967.5 18.2072904766 0 16.8212312186 0
2458968.5 25.8834305597 0 24.354910747 0
2458969.5 26.5380093364 0 24.9972370626 0
2458970.5 26.5256769042 0 24.9850743035 0
2458971.5 26.3051091913 0 24.7684755583 0
2458972.5 24.5100365091 0 23.0078954138 0
2458973.5 24.8393755563 0 23.3310664553 0
2458974.5 24.7661253671 0 23.2593181126 0
2458975.5 24.1463231731 0 22.6509470623 0
2458976.5 23.8564981785 0 22.3665028559 0
2458977.5 23.3503085748 0 21.8709080984 0
2458978.5 23.6157565483 0 22.1313255198 0
2458979.5 24.1050557428 0 22.6115437934 0
2458980.5 24.5303222072 0 23.0287970579 0
2458981.5 24.2463842888 0 22.7500443347 0
2458982.5 25.8244306073 0 24.2981307878 0
2458983.5 25.2931200376 0 23.7764553122 0
2458984.5 24.561413278 0 23.0584411463 0
2458985.5 24.5106492759 0 23.0087948671 0
2458986.5 24.6678705084 0 23.1629462405 0
2458987.5 18.3279937739 0 16.9410849383 0
2458988.5 17.7122844567 0 16.3369649776 0
2458989.5 17.2213135825 0 15.8550571775 0
2458990.5 16.3702953056 0 15.0198938843 0
2458991.5 15.8014052732 0 14.4616517585 0
2458992.5 16.5424405939 0 15.1889422589 0
2458993.5 23.174864747 0 21.6997703999 0
2458994.5 23.5158714811 0 22.0343761551 0
2458995.5 24.0099242359 0 22.5194257838 0
2458996.5 24.419341146 0 22.9211644156 0
2458997.5 21.969998689 0 20.5152027289 0
2458998.5 21.2555359087 0 19.8138283838 0
2458999.5 21.1871510909 0 19.74674267 0
2459000.5 21.8228599731 0 20.3708152241 0
2459001.5 17.6076515322 0 16.2318601442 0
2459002.5 18.2829007585 0 16.8945070361 0
2459003.5 18.2425268878 0 16.8547201669 0
2459004.5 18.6182984391 0 17.2235114162 0
2459005.5 18.5952064395 0 17.2007058522 0
2459006.5 24.1658745836 0 22.6688970216 0
2459007.5 24.0223387663 0 22.5278826267 0
2459008.5 23.4534765338 0 21.9695956022 0
2459009.5 22.7636347216 0 21.2923596991 0
2459010.5 22.8685976792 0 21.3979094463 0
2459011.5 23.6705391286 0 22.1849484327 0
2459012.5 23.8676270355 0 22.3782799619 0
2459013.5 23.1251747949 0 21.6496852193 0
2459014.5 22.2513362201 0 20.7919614817 0
2459015.5 21.5065136504 0 20.0608987614 0
2459016.5 20.9665785118 0 19.5342276764 0
2459017.5 20.3334996131 0 18.912989925 0
2459018.5 19.4869153113 0 18.0821585908 0
2459019.5 19.973208344 0 18.5594481958 0
2459020.5 27.5900086955 0 26.0373743292 0
2459021.5 27.0405588443 0 25.4977557526 0
2459022.5 27.422096117 0 25.8721372802 0
2459023.5 27.4261844521 0 25.8762880225 0
2459024.5 27.2226213209 0 25.6763634981 0
2459025.5 26.4203045531 0 24.8888122956 0
2459026.5 18.5817990117 0 17.1979048833 0
2459027.5 19.4172818068 0 18.0180592749 0
2459028.5 19.7730080146 0 18.3671675441 0
2459029.5 19.8981935868 0 18.489950039 0
2459030.5 23.1722861747 0 21.7033414604 0
2459031.5 23.1996129091 0 21.7301378447 0
2459032.5 23.954761997 0 22.4712483417 0
2459033.5 23.489545067 0 22.0146108549 0
2459034.5 22.7409750991 0 21.2797790047 0
2459035.5 18.6952038546 0 17.3079639554 0
2459036.5 19.2046532411 0 17.8080121269 0
2459037.5 18.2862507002 0 16.9068125361 0
2459038.5 18.7734946614 0 17.3851853067 0
2459039.5 18.4022020604 0 17.02087652 0
2459040.5 18.7676236419 0 17.3794151762 0
2459041.5 24.3930745187 0 22.9021702014 0
2459042.5 23.547733727 0 22.0723924108 0
2459043.5 22.8777535938 0 21.4149049852 0
2459044.5 23.7192961833 0 22.2409575791 0
2459045.5 24.3511962739 0 22.8610896059 0
2459046.5 23.6770695232 0 22.1996135779 0
2459047.5 23.8838392186 0 22.4023653938 0
2459048.5 24.6098073843 0 23.1149743759 0
2459049.5 25.073211371 0 23.5698364111 0
2459050.5 19.3307615425 0 17.9346503071 0
2459051.5 19.6190872407 0 18.2177116721 0
2459052.5 20.0472556687 0 18.637972698 0
2459053.5 20.0057487481 0 18.5970362744 0
2459054.5 19.4853177748 0 18.0862965303 0
2459055.5 18.6726981361 0 17.2889427316 0
2459056.5 26.0249727763 0 24.5045873349 0
2459057.5 26.0402534071 0 24.5196913639 0
2459058.5 25.766762967 0 24.2511511296 0
2459059.5 26.5897134858 0 25.0591123264 0
2459060.5 27.2553918404 0 25.7127282189 0
2459061.5 25.3177687709 0 23.8079640258 0
2459062.5 25.9338798626 0 24.4126848075 0
2459063.5 25.3591583995 0 23.8486280896 0
2459064.5 25.5050018304 0 23.9919425279 0
2459065.5 26.1373358727 0 24.6125706362 0
2459066.5 20.4955594153 0 19.0737094117 0
2459067.5 20.3475595999 0 18.928383168 0
2459068.5 20.1539060958 0 18.7384569155 0
2459069.5 20.343311952 0 18.9244296783 0
2459070.5 21.9176316381 0 20.471421776 0
2459071.5 22.0977052503 0 20.6483262279 0
2459072.5 21.5775827452 0 20.1379666242 0
2459073.5 21.8557327823 0 20.4108482281 0
2459074.5 20.9352613115 0 19.5075440547 0
2459075.5 21.1529001649 0 19.7212808252 0
2459076.5 24.0522136719 0 22.5699293698 0
2459077.5 23.4175958714 0 21.9470827664 0
2459078.5 22.8502468096 0 21.3902684751 0
2459079.5 22.2155292127 0 20.7674088692 0
2459080.5 21.2966819217 0 19.8654520333 0
2459081.5 27.9764197479 0 26.4211997949 0
2459082.5 27.387371595 0 25.8427556812 0
2459083.5 28.1607966002 0 26.6020743599 0
2459084.5 27.3176446064 0 25.7742793824 0
2459085.5 20.9528632092 0 19.5288234576 0
2459086.5 20.3244626787 0 18.9122317826 0
2459087.5 21.005213548 0 19.5802017093 0
