0.0 13.803812 0.0728903510806 12.247962 0.0442514846546
1.0 13.954947 0.0885866015993 12.396011 0.00363776895233
2.0 14.542936 0.174353302174 12.971915 0.0788190466432
3.0 15.378082 0.134645514401 13.792697 0.0966484871532
4.0 14.875372 0.171822570959 13.300524 0.199194322669
5.0 14.584228 0.0600143837855 13.016523 0.0844772814544
6.0 15.122891 0.176670278293 13.543939 0.193445013008
7.0 14.974227 0.190671090897 13.397164 0.168377330595
8.0 15.143111 0.0738087921684 13.56325 0.00863428761994
9.0 15.336844 0.0359283886232 13.753512 0.190910178393
10.0 14.925095 0.155274478534 13.350001 0.15543878448
11.0 14.796291 0.169751620622 13.222531 0.143697539117
12.0 14.399741 0.0965590855745 12.834536 0.0750044388403
13.0 13.918905 0.0125138415741 12.361053 0.197849807586
14.0 14.192534 0.126955848808 12.631554 0.0261162012935
15.0 14.951384 0.157010239996 13.376491 0.12381035628
16.0 14.331094 0.137382513274 12.769532 0.140935324958
17.0 13.906702 0.0461207504875 12.352319 0.100458130627
18.0 13.328707 0.15549202994 11.784839 0.173101953175
19.0 12.50754 0.0055693272559 10.97925 0.00682177278774
20.0 12.490181 0.192401163784 10.962834 0.0539842972965
21.0 12.116204 0.0144154876685 10.595707 0.139038946377
22.0 12.899033 0.0991751162855 11.365627 0.136959309974
23.0 13.086355 0.0097973808383 11.548856 0.181533638176
24.0 12.254685 0.130692211009 10.731645 0.0128433073545
25.0 11.906526 0.160715083929 10.390158 0.198850130214
26.0 11.505243 0.10860381329 9.995706 0.144332991531
27.0 10.50089 0.0616663874088 9.008245 0.017567900202
28.0 11.275724 0.137950800262 9.76733 0.160056976178
29.0 11.643532 0.136986702467 10.127494 0.0984828531712
30.0 4.198733 0.0307734442814 2.830242 0.123342740669
31.0 4.14498 0.102400718908 2.778153 0.183970842281
32.0 3.568575 0.0307176058533 2.21259 0.153853270364
33.0 2.739653 0.0709569574081 1.398385 0.113761403803
34.0 2.793347 0.116249142119 1.452673 0.0435781123887
35.0 1.830426 0.0174140349745 0.506841 0.196346811763
36.0 1.069304 0.0512299975683 -0.239587 0.00791303177893
37.0 0.272865 0.190395515001 -1.023124 0.180995805783
38.0 -0.148446 0.115724042974 -1.435818 0.101440139662
39.0 0.037747 0.117098360656 -1.253654 0.183346568388
40.0 0.112395 0.119631585912 -1.182013 0.0834252426855
41.0 0.711018 0.0870419034461 -0.593561 0.00804950190913
42.0 0.962007 0.103004791181 -0.346441 0.174535998008
43.0 1.45708 0.0710149914559 0.141203 0.0862460251639
44.0 1.925024 0.177860577708 0.601323 0.174367841702
45.0 2.258534 0.105611590743 0.930506 0.0506600222856
46.0 2.546902 0.118751279402 1.214435 0.129666636144
47.0 1.890936 0.163854083134 0.569082 0.0898482301402
48.0 1.122582 0.0996563843009 -0.184132 0.116689634526
49.0 1.297621 0.19145634663 -0.010377 0.127600888437
50.0 0.631245 0.134311764127 -0.66547 0.159230563251
51.0 0.356477 0.0135517333263 -0.933819 0.19678658719
52.0 0.227611 0.113825961541 -1.059533 0.000425009393454
53.0 -0.243494 0.197437152225 -1.52144 0.0751654068396
54.0 0.226702 0.0410764265979 -1.058656 0.121650552939
55.0 0.167267 0.0474646728228 -1.115489 0.12976357313
56.0 0.972261 0.126908849054 -0.32412 0.108327842469
57.0 1.606608 0.0390130447624 0.298802 0.0964551195563
58.0 2.477483 0.0560935604951 1.153159 0.0496477361758
59.0 2.646564 0.178229672699 1.320642 0.103056305718
60.0 2.034676 0.00426538758065 0.718531 0.167439732406
61.0 2.314455 0.167784793906 0.994589 0.0519344844134
62.0 8.3876 0.0180056744245 6.952864 0.120807758773
63.0 7.989573 0.0985165164505 6.561246 0.0644926170963
64.0 7.224632 0.0258394277127 5.809549 0.142084265506
65.0 8.045342 0.0693120871134 6.616896 0.0827895589969
66.0 8.566229 0.0411720635165 7.12642 0.0323861273374
67.0 7.97262 0.188608871519 6.544794 0.176232340243
68.0 8.92033 0.107505346655 7.476313 0.0631764703282
69.0 8.432305 0.0946688087568 6.999221 0.146396911828
70.0 8.531035 0.107481247517 7.098165 0.0462398382824
71.0 7.549748 0.0729778344146 6.133986 0.0261038214451
72.0 8.201135 0.180416636185 6.772853 0.117046734419
73.0 8.46401 0.190394537469 7.029583 0.112043089369
74.0 8.999445 0.195559241103 7.556086 0.018202212343
75.0 8.205518 0.081155268746 6.777538 0.00554291484123
76.0 7.546386 0.193214752327 6.130939 0.111171313913
77.0 7.538952 0.0120994653608 6.123831 0.117807370392
78.0 8.040972 0.188509747227 6.617485 0.0970701289527
79.0 7.259008 0.00166831991462 5.849713 0.155734221107
80.0 8.138862 0.145374598777 6.713271 0.061663195765
81.0 7.483837 0.160693845651 6.068698 0.0593445044948
82.0 7.33765 0.140720242603 5.925868 0.171010625026
83.0 7.168341 0.184818089711 5.761076 0.109356301544
84.0 6.369371 0.060856611712 4.975102 0.180440030688
85.0 7.050117 0.122294915728 5.642324 0.136163267441
86.0 6.52927 0.0325444616912 5.131671 0.12879925456
87.0 7.104502 0.171787145154 5.697971 0.089502665029
88.0 7.064239 0.0464010983759 5.659787 0.0908967492066
89.0 7.296471 0.078177496876 5.886722 0.162847429034
90.0 6.745353 0.0084749038412 5.346309 0.148147278321
91.0 7.259156 0.113684248739 5.850906 0.08365305269
92.0 6.586867 0.0871128337177 5.192369 0.129907509057
93.0 5.493143 0.102355160076 4.111683 0.0183014557245
94.0 5.958781 0.0948439801595 4.568552 0.198605178265
95.0 5.833792 0.14651961599 4.444118 0.127376236122
96.0 4.979418 0.0777735141202 3.606674 0.0782313358683
97.0 5.310213 0.101933610823 3.93041 0.0437373703333
98.0 4.880656 0.10758003772 3.50853 0.110196490756
99.0 4.086225 0.0801506669571 2.728929 0.0407056733138
100.0 4.266175 0.0427130566843 2.906991 0.0144739137714
101.0 4.427502 0.0240462537303 3.064998 0.092410364696
102.0 5.006229 0.166089545778 3.6323 0.193690046641
103.0 5.437926 0.170168133712 4.054775 0.02863412041
104.0 4.650497 0.0894425691181 3.280864 0.107713614167
105.0 4.384699 0.11407880728 3.021858 0.129903704449
106.0 3.555084 0.158991861182 2.207899 0.119979197299
107.0 2.694459 0.119816164056 1.362519 0.105111121682
108.0 1.73331 0.118160887685 0.417522 0.188264964718
109.0 1.567399 0.00756807333241 0.254105 0.0467404583543
110.0 2.050595 0.0372911009176 0.727726 0.0706413844121
111.0 2.890822 0.182803369418 1.552805 0.0356530905911
112.0 3.759259 0.177326342849 2.405026 0.127177064901
113.0 3.138735 0.140628408972 1.797971 0.166242325722
114.0 3.691143 0.154827891618 2.340928 0.045949495389
115.0 4.149828 0.10120984941 2.791697 0.179445547079
116.0 3.585096 0.0953706817691 2.237109 0.152400468703
117.0 2.95983 0.103750728938 1.621972 0.197699083058
118.0 2.733664 0.0529323014289 1.399016 0.13294511423
119.0 1.849992 0.140482098323 0.530291 0.162287301686
120.0 10.783852 0.0463775777002 9.290904 0.016910361751
121.0 11.591277 0.104681710812 10.085453 0.0863928702553
122.0 11.268379 0.0738836110211 9.768119 0.0680925475043
123.0 10.920539 0.124513268222 9.426001 0.0799881010009
124.0 11.811877 0.198702647207 10.301247 0.153385038104
125.0 12.633722 0.109308695328 11.106696 0.178304704132
126.0 12.034234 0.0855881392335 10.51663 0.178398087764
127.0 12.482653 0.0527042974193 10.955472 0.117197666949
128.0 12.187356 0.018041149278 10.666409 0.113399372662
129.0 12.949991 0.0790327163277 11.416118 0.0455757863018
130.0 12.362859 0.126230001322 10.838587 0.0404050411228
131.0 12.880747 0.0314794332926 11.348289 0.181026658216
132.0 13.001425 0.0792802037068 11.467077 0.176696573699
133.0 13.57004 0.0954666834508 12.0256 0.0273503840025
134.0 14.319736 0.176960336772 12.762484 0.14600667019
135.0 14.958332 0.16718916642 13.389899 0.137588111817
136.0 15.889324 0.149160801748 14.303867 0.0999454210006
137.0 16.695449 0.199932802414 15.093252 0.0462953648655
138.0 16.928622 0.0805342802453 15.324079 0.00130759489359
139.0 17.221993 0.104902012421 15.611586 0.105722515335
140.0 16.590061 0.0237888781463 14.992876 0.0259313901215
141.0 17.528818 0.0294017292924 15.914883 0.123110361749
142.0 17.870664 0.0110337112982 16.252027 0.187662048315
143.0 17.636232 0.0949199504935 16.021535 0.079350388806
144.0 17.454333 0.00150652219361 15.84471 0.195284999477
145.0 17.573805 0.150572090527 15.961712 0.0923579422464
146.0 18.329414 0.0648009502559 16.701643 0.14902048214
147.0 18.952023 0.0556940735545 17.312818 0.0448224948608
148.0 19.414932 0.199245060832 17.766367 0.0414567989324
149.0 20.206038 0.160603363976 18.542015 0.0480825831389
150.0 6.151561 0.0800089773041 4.748739 0.0710994470658
151.0 6.486635 0.198384342952 5.077494 0.0448125343521
152.0 5.665817 0.135147815642 4.270446 0.0764976993692
153.0 5.833234 0.0577342984902 4.434934 0.171279964496
154.0 5.377732 0.00615331562863 3.986564 0.12111609883
155.0 5.773788 0.0321739845301 4.374709 0.0243512492998
156.0 5.525447 0.0262865110745 4.131338 0.191240506645
157.0 5.613325 0.0118376311806 4.217914 0.196110243885
158.0 5.62919 0.056053310348 4.232067 0.143749088434
159.0 5.925142 0.0010668286492 4.521015 0.199542078213
160.0 5.298336 0.165237642023 3.90637 0.17339624023
161.0 5.232164 0.0216950049849 3.842837 0.102160228348
162.0 5.687515 0.0341882416251 4.288235 0.117333682141
163.0 5.769843 0.03258167193 4.369787 0.177420512435
164.0 5.456778 0.103970867169 4.062094 0.0845326881123
165.0 5.30137 0.0312159539959 3.909038 0.00467155164606
166.0 5.525435 0.000452012139788 4.127481 0.155690324458
167.0 5.311476 0.13787893676 3.918285 0.139753072772
168.0 4.851132 0.0855851426147 3.465729 0.0247101872359
169.0 4.388553 0.00313751208995 3.011691 0.18497167092
170.0 4.442853 0.128034754526 3.066623 0.0244931750886
171.0 5.093654 0.0399956121925 3.703988 0.0487664535302
172.0 4.932963 0.165892985758 3.547528 0.188589563523
173.0 4.878175 0.166376087562 3.494077 0.0315799769417
174.0 5.444351 0.00596808488518 4.049671 0.0177577186725
175.0 5.361891 0.188654255117 3.96925 0.0168640800525
176.0 6.059358 0.155007728779 4.653836 0.120403650243
177.0 6.121752 0.0828042675527 4.717101 0.192147015962
178.0 6.55675 0.00335738879222 5.143897 0.0731999987395
179.0 4.12704 0.113247567706 2.764379 0.0574090466715
180.0 4.018646 0.0437700488309 2.658608 0.128173389726
181.0 4.470832 0.0544950750369 3.10429 0.123807364385
182.0 5.108537 0.0619932259421 3.731578 0.196167835659
183.0 5.86684 0.0980267771182 4.476342 0.127048708303
184.0 6.190035 0.0606609812194 4.791932 0.186602431317
185.0 5.939041 0.000580430358203 4.545598 0.102709386509
186.0 6.252142 0.117502137654 4.853205 0.0100247086806
187.0 5.575208 0.102140371329 4.187675 0.196857086399
188.0 5.605345 0.164128352725 4.217958 0.110768795913
189.0 5.745321 0.0995214506791 4.35696 0.108860126019
190.0 6.46444 0.110685691605 5.064221 0.0323396129506
191.0 6.966459 0.0109046896267 5.558325 0.121349434987
192.0 6.391306 0.192032627942 4.992623 0.054259633393
193.0 7.062802 0.129563586937 5.650368 0.0716062668195
194.0 6.433815 0.0481335203782 5.033907 0.0321860499978
195.0 6.05205 0.11057961477 4.659981 0.0656936473519
196.0 5.400947 0.0238642814706 4.022153 0.0040091770068
197.0 6.208919 0.129328650909 4.814093 0.13526138457
198.0 6.45608 0.0738997796566 5.057435 0.0510881285769
199.0 5.574094 0.182099490603 4.190104 0.128272273608
200.0 6.10115 0.0853362530014 4.70771 0.0928622243008
201.0 5.63689 0.00231412566027 4.252791 0.0569570407941
202.0 6.509742 0.0135753361229 5.108355 0.0179786594928
203.0 7.202372 0.185657983651 5.786665 0.0934325105533
204.0 7.573377 0.131401414173 6.150532 0.191683812351
205.0 8.122914 0.0571913689186 6.690186 0.0456702838001
206.0 7.761388 0.167584297306 6.337024 0.0312090743235
207.0 7.514568 0.173030729882 6.094964 0.131974128087
208.0 6.963929 0.0419895654199 5.553031 0.185359569457
209.0 6.54061 0.0366641226366 5.139115 0.176943605209
210.0 6.045763 0.118040855075 4.654774 0.0596240781746
211.0 6.597967 0.0799457904249 5.194957 0.104725617424
212.0 6.468678 0.0291974752079 5.067285 0.172736168443
213.0 6.460097 0.109442924501 5.05841 0.0069838705248
214.0 6.02434 0.0778207162452 4.632418 0.124536727589
215.0 13.007933 0.112555673536 11.496063 0.180169185025
216.0 13.183067 0.197679459404 11.6697 0.186414364269
217.0 13.147394 0.113774928947 11.634959 0.056970873079
218.0 12.376242 0.124762650091 10.879417 0.171719592017
219.0 12.614645 0.137141347929 11.11331 0.191163762685
220.0 11.711732 0.0247687697171 10.227477 0.180369958346
221.0 11.435192 0.0512019460333 9.954717 0.148915615923
222.0 11.851821 0.0294475086721 10.364451 0.0648198360462
223.0 11.032461 0.0929805507804 9.560744 0.0607323003624
224.0 10.1487 0.161480626888 8.692189 0.030827579205
225.0 10.7557 0.0304428759491 9.287381 0.150155339714
226.0 11.573037 0.141386039374 10.087721 0.171299962499
227.0 10.87173 0.119815220613 9.399434 0.0980151120489
228.0 11.157337 0.113384439571 9.680975 0.0334283835327
229.0 10.967085 0.060288371817 9.496333 0.126806124252
230.0 10.275033 0.115619318652 8.817034 0.0477678825543
231.0 10.505205 0.150650492435 9.043865 0.145476889475
232.0 11.157405 0.0629239334863 9.684906 0.0925651152818
233.0 10.578302 0.180470220815 9.116445 0.0543392552387
234.0 10.476308 0.0120689736658 9.014477 0.0394549537548
235.0 11.041126 0.0482319074421 9.567596 0.0159646286151
236.0 11.859701 0.00483187157062 10.373059 0.0203812970774
237.0 11.708256 0.0107762866475 10.223829 0.155364255531
238.0 12.389847 0.101329444274 10.893495 0.149253888815
239.0 12.964747 0.199303804 11.456119 0.176915259022
240.0 13.001314 0.166412513914 11.491292 0.0615937198925
241.0 12.820164 0.111367178492 11.312668 0.103755189078
242.0 13.38361 0.0228190427662 11.865859 0.175497205986
243.0 13.975945 0.00706308132111 12.448214 0.127066153896
244.0 14.886948 0.158913920729 13.342305 0.126985001508
245.0 14.862976 0.172699418126 13.316978 0.144623936059
246.0 14.632971 0.169279673513 13.089998 0.0477527693183
247.0 15.661351 0.0722909998976 14.101372 0.187851908477
248.0 15.176586 0.0954685774819 13.626748 0.0426084478303
249.0 15.073078 0.0851901371552 13.52723 0.197145158549
250.0 15.564335 0.020750925334 14.010741 0.0606458772577
251.0 16.366995 0.00498426703205 14.810872 0.198903830593
252.0 16.096009 0.175380152727 14.544569 0.0144888431676
253.0 17.058679 0.0971811272885 15.490822 0.188318175833
254.0 17.364558 0.141612052592 15.78986 0.0286500567561
255.0 18.289928 0.0835287182895 16.698809 0.0537476724571
256.0 17.588322 0.181503154235 16.010457 0.0562745681355
257.0 17.259941 0.0245183470664 15.689895 0.134896601622
258.0 17.475117 0.172468396531 15.902877 0.00508438283906
259.0 17.068396 0.0313677548706 15.505016 0.0864458258811
260.0 17.058162 0.0626599516414 15.496959 0.0254730231064
261.0 17.684948 0.14893484072 16.113519 0.0101987672803
262.0 18.598578 0.0762013453071 17.010067 0.194387661056
263.0 18.284973 0.020056306148 16.704122 0.130748011975
264.0 19.032587 0.0280529070547 17.437922 0.0653444302866
265.0 18.222686 0.0830553842535 16.643645 0.0335247893453
266.0 18.182885 0.172188993547 16.6054 0.0381641127701
267.0 18.02774 0.066744223832 16.452438 0.0523144573855
268.0 18.328726 0.143887292692 16.748786 0.187516189618
269.0 17.957945 0.0917696871063 16.383861 0.0588680374437
270.0 17.572773 0.0846008461378 16.004722 0.129502810083
271.0 18.430711 0.126832284856 16.847842 0.166299849494
272.0 19.278998 0.0531202556011 17.681618 0.139310422151
273.0 18.686218 0.0523038840451 17.100153 0.0538803637381
274.0 19.414358 0.0432059584815 17.814128 0.158025448176
275.0 19.46048 0.0845265059606 17.858865 0.102041890641
276.0 18.905289 0.178953597516 17.316057 0.0391450306489
277.0 15.93411 0.0874301429045 14.398706 0.110487031578
278.0 15.453773 0.189597314299 13.928088 0.0533928769784
279.0 14.990279 0.0202695276575 13.473812 0.132991264053
280.0 14.759529 0.13412046258 13.247905 0.0492078443832
281.0 14.189348 0.0225420993545 12.69024 0.0918197787295
282.0 14.340761 0.171938939178 12.840232 0.0905742439797
283.0 14.368136 0.193770837594 12.866498 0.0887826754991
284.0 13.786931 0.0378816430959 12.298032 0.113157369127
285.0 14.35036 0.162301938041 12.850293 0.102820376112
286.0 14.166894 0.150970103476 12.670612 0.140789035814
287.0 14.180873 0.174670790871 12.685657 0.120355460452
288.0 13.902209 0.177971631896 12.413006 0.00677902995763
289.0 14.075717 0.102460179996 12.584645 0.0595763470577
290.0 13.469055 0.127071000905 11.989557 0.115228374863
291.0 13.181403 0.131499700094 11.706903 0.0265558912029
292.0 13.788572 0.0176790907122 12.301895 0.141434959152
293.0 13.743773 0.0951869165625 12.257284 0.0180377210968
294.0 13.228224 0.0788931413789 11.753305 0.198398365332
295.0 14.258036 0.0119777366174 12.766145 0.0936460262787
296.0 13.907839 0.156612561791 12.422714 0.167746759536
297.0 13.087971 0.0463337645013 11.619757 0.0621098188927
298.0 12.291927 0.0164288867555 10.838876 0.0306502379764
299.0 12.725307 0.148089784933 11.263596 0.0453833030412
300.0 12.938872 0.100836966246 11.47433 0.10168179952
301.0 12.338439 0.127811825931 10.883737 0.179223427385
302.0 11.652921 0.0146653281548 10.210688 0.0686378068432
303.0 8.985749 0.0999659825828 7.597322 0.0269338118845
304.0 8.521628 0.00639922515705 7.143823 0.12164158459
305.0 8.439579 0.0634456543352 7.062255 0.0121988512315
306.0 8.165729 0.197289441329 6.793297 0.0870007510658
307.0 8.194483 0.071593568142 6.821628 0.0894467456967
308.0 7.814428 0.0514826107862 6.449051 0.107024602128
309.0 7.938617 0.0445241463013 6.570563 0.0807971470775
310.0 7.448483 0.179089915903 6.089676 0.188591980297
311.0 7.921541 0.151415480554 6.553609 0.130890564624
312.0 7.408489 0.179977175583 6.048574 0.0578465264355
313.0 7.726208 0.0715261525883 6.358499 0.03151376838
314.0 7.972702 0.0877213199825 6.601409 0.0730001728783
315.0 8.616527 0.184353342786 7.234602 0.125020677831
316.0 9.045506 0.15655877285 7.65732 0.13409056135
317.0 8.321445 0.0878030994754 6.947194 0.0853978682697
318.0 8.05718 0.0038195516211 6.688439 0.0703604597389
319.0 8.72327 0.109944664649 7.341779 0.053042114504
320.0 9.105761 0.054151498931 7.717842 0.153569520313
321.0 8.273825 0.183456621319 6.902371 0.0859733471312
322.0 9.181119 0.0541729594788 7.793206 0.0384738599644
323.0 8.654758 0.0128316374441 7.27614 0.177676344595
324.0 8.311529 0.0119273462956 6.939253 0.055154627463
325.0 7.948223 0.197863433823 6.584424 0.198495945794
326.0 7.727791 0.0583165314364 6.366476 0.147227552388
327.0 8.418877 0.181613935737 7.046852 0.0290265074633
328.0 7.990902 0.170001503628 6.626043 0.166434642409
329.0 8.457577 0.147762452502 7.085692 0.0574655720713
330.0 7.541427 0.153322044418 6.185598 0.109753402075
331.0 9.947344 0.0259418723647 8.556052 0.0942561465155
332.0 9.315062 0.005660480305 7.935455 0.161264415151
333.0 8.774727 0.0231162979658 7.405254 0.0582156712965
334.0 9.085456 0.191992509969 7.709568 0.0259042368465
335.0 9.944454 0.162964815368 8.551268 0.164282054489
336.0 10.22139 0.160956153864 8.821578 0.173128351064
337.0 10.809196 0.127225151114 9.397565 0.0283526642514
338.0 10.397062 0.192316186693 8.993206 0.0947475832182
339.0 9.754305 0.0272444314048 8.362432 0.00480253758241
340.0 9.179149 0.0980671845397 7.796525 0.153514514125
341.0 8.33652 0.116751334802 6.970227 0.148965094819
342.0 8.263128 0.0492627715996 6.898383 0.125661818883
343.0 9.004404 0.0528285695964 7.626312 0.175622154288
344.0 8.190462 0.114729480626 6.828954 0.188532235775
345.0 8.996642 0.0932743597787 7.620509 0.021068185343
346.0 8.263587 0.00422245347965 6.902372 0.0188988653767
347.0 8.906746 0.118253223597 7.533974 0.0912181124407
348.0 9.575565 0.177859576521 8.191721 0.174616214622
349.0 9.44752 0.169186420349 8.066368 0.118679502399
350.0 9.793856 0.139286392629 8.407583 0.111355247699
351.0 9.276727 0.00639999653866 7.899997 0.0283888779192
352.0 9.560264 0.0567986601218 8.179272 0.00390174673239
353.0 9.683183 0.19610278038 8.298834 0.039863623855
354.0 9.53013 0.191701512136 8.149255 0.102696335684
355.0 10.337391 0.169336708552 8.940374 0.166263308066
356.0 10.43887 0.0667975852104 9.041628 0.198871299189
357.0 10.31919 0.19898613298 8.924276 0.155045967453
358.0 9.91074 0.0692522597416 8.524254 0.152993817348
359.0 10.361296 0.136471743626 8.965393 0.0262898090202
360.0 12.757579 0.165529325624 11.328902 0.0680718262542
361.0 12.294046 0.100112198532 10.874006 0.0916847125013
362.0 11.552716 0.0789086732055 10.146877 0.0363730656398
363.0 10.907339 0.15184974184 9.513906 0.0376752594525
364.0 10.363751 0.151809841748 8.980061 0.0102795943985
365.0 10.795877 0.0372196953457 9.404816 0.0283456636218
366.0 10.42189 0.166451629686 9.038434 0.138594501305
367.0 11.013702 0.047298618599 9.619274 0.122969771893
368.0 10.557373 0.162833445684 9.170419 0.14868227713
369.0 9.782136 0.0756729810501 8.407984 0.178233415293
370.0 9.491722 0.0561902135072 8.124566 0.149767347017
371.0 9.745143 0.149164442457 8.371477 0.199529388643
372.0 9.679441 0.0221640278579 8.305473 0.0542547839776
373.0 9.031507 0.0596755646928 7.669501 0.0524082995159
374.0 8.569048 0.0412690603542 7.215058 0.038986200137
375.0 8.47842 0.0696464957268 7.126255 0.166097412527
376.0 8.310204 0.173937616581 6.96211 0.118704859635
377.0 8.098294 0.100918940078 6.754895 0.0192748669657
378.0 7.233632 0.102148240122 5.905134 0.143385727588
379.0 6.494236 0.137713283299 5.178855 0.00941639350824
380.0 5.626739 0.0666884955484 4.327971 0.0253813642448
381.0 6.372506 0.0280287685633 5.060079 0.0748447184757
382.0 5.494317 0.162681285467 4.198898 0.0291544102746
383.0 5.959255 0.162115264975 4.656546 0.100232841164
384.0 5.8022 0.0305763231333 4.503675 0.108161741342
385.0 6.367061 0.0740619047624 5.057001 0.0669414033204
386.0 5.805975 0.0181311140778 4.504618 0.154414291162
387.0 6.398454 0.00911719068453 5.086196 0.0601052879012
388.0 17.774851 0.140784236382 16.261694 0.145695290655
389.0 17.661535 0.0445525593872 16.14898 0.0310077522257
390.0 18.020307 0.143938801921 16.500064 0.00426862389901
391.0 17.215772 0.0579257990351 15.711829 0.0695392372786
392.0 16.586435 0.175579351446 15.096207 0.175721211409
393.0 15.681171 0.0817197095107 14.208186 0.131982528286
394.0 15.297529 0.151392897985 13.831869 0.012423940066
395.0 15.653454 0.124203724845 14.182107 0.116245131944
396.0 14.781032 0.108903860963 13.325768 0.00367524612969
397.0 14.761578 0.0563747499118 13.307383 0.121871748364
398.0 13.997203 0.0879316334578 12.555802 0.189305419239
399.0 13.327373 0.0226313898311 11.898645 0.149888733427
400.0 13.874467 0.0632162365469 12.436602 0.0185239911784
401.0 14.29079 0.188234560789 12.845384 0.139579618845
402.0 14.552413 0.143653196914 13.103068 0.0368121910058
403.0 14.756063 0.162075241532 13.301676 0.183810906715
404.0 15.006931 0.034737368734 13.548061 0.029135387874
405.0 14.405343 0.0994524516857 12.957139 0.152721305135
406.0 14.4751 0.0977972416253 13.024706 0.0999425004279
407.0 14.598561 0.139087788462 13.144641 0.146571349848
408.0 14.082111 0.0796787336662 12.636106 0.157203230397
409.0 14.296432 0.00393558857097 12.845285 0.162161719872
410.0 13.379456 0.122367958927 11.944553 0.157218034411
411.0 13.485397 0.175328237421 12.048612 0.1056230319
412.0 14.368105 0.0096010082658 12.915794 0.0687827735898
413.0 13.425271 0.101853957383 11.989547 0.149338041625
414.0 13.571844 0.0426482265315 12.134439 0.00573779091154
415.0 12.570737 0.155033173887 11.150473 0.183149325711
416.0 13.056414 0.167439858679 11.628363 0.165861174931
417.0 13.511883 0.00245140858415 12.075026 0.0538282736353
418.0 14.172933 0.143009783576 12.723241 0.102441041542
419.0 14.117965 0.00799077772207 12.669534 0.0906999311416
420.0 11.346989 0.0502625852912 9.94402 0.0297574589079
421.0 10.876343 0.169993372088 9.481085 0.0582226297621
422.0 10.143395 0.0558665053174 8.761972 0.0051677716595
423.0 10.326311 0.106227944652 8.94047 0.0600291025945
424.0 10.149051 0.0279082596751 8.767967 0.120412024516
425.0 9.766361 0.109252830869 8.393881 0.152590828852
426.0 9.690951 0.0859231628143 8.318524 0.185295938177
427.0 10.173171 0.0486559341414 8.790315 0.19362612321
428.0 9.36342 0.186707832273 7.995759 0.125321708799
429.0 9.957365 0.0999470252941 8.577609 0.13450707723
430.0 9.704419 0.043310434844 8.331093 0.0727929829806
431.0 8.958365 0.0825384249114 7.599927 0.0981705871279
432.0 9.16689 0.0437857068796 7.805088 0.119120672383
433.0 8.305459 0.173282494048 6.959928 0.0377809382587
434.0 8.216234 0.0885680779911 6.870708 0.115647563968
435.0 7.367675 0.192580088581 6.038722 0.0558818492174
436.0 7.671037 0.0196376080848 6.337564 0.100600761694
437.0 8.532337 0.0388317646301 7.182954 0.139013010563
438.0 8.697677 0.0709818043415 7.344417 0.180045162968
439.0 9.561139 0.0635814412407 8.192669 0.0171822679375
440.0 8.724195 0.199305694831 7.370057 0.00742640436683
441.0 9.14539 0.132444180361 7.783493 0.174060123975
442.0 8.24399 0.121723629491 6.897162 0.149105908431
443.0 8.858107 0.0766079073171 7.501979 0.0112742924757
444.0 9.341726 0.053677759091 7.978279 0.105960501792
445.0 9.639069 0.112197506366 8.268472 0.190769109155
446.0 9.198226 0.073883743209 7.836663 0.0304963211203
447.0 8.7478 0.0791471670299 7.394777 0.156680531775
448.0 8.757086 0.0951341167868 7.403086 0.133481254037
449.0 9.384569 0.0618511183397 8.020933 0.177293701585
450.0 9.882705 0.170180295327 8.511007 0.0499393419621
451.0 9.186389 0.147824614079 7.828516 0.0509982422714
452.0 8.65209 0.0752430466375 7.303861 0.0313321607722
453.0 9.322198 0.112368533445 7.960186 0.00278413471545
454.0 8.619752 0.0722415188218 7.269062 0.0101249612498
455.0 7.866749 0.199375927226 6.530877 0.106866412533
456.0 6.991369 0.0243966693569 5.67074 0.199923498322
457.0 7.037448 0.111338595416 5.715124 0.177440343279
458.0 6.423932 0.113702250004 5.115028 0.0295237496821
459.0 6.516005 0.16145842193 5.207085 0.101929734378
460.0 5.937338 0.164724175969 4.638633 0.149529394856
461.0 6.339395 0.000832354727743 5.032074 0.170804639945
462.0 6.077729 0.160670699172 4.775679 0.159922430519
463.0 5.970608 0.167156056342 4.668738 0.160469281795
464.0 6.653419 0.00422479584539 5.339417 0.195500293918
465.0 6.791311 0.0117278982986 5.476143 0.0117012474486
466.0 5.875522 0.0729667994293 4.576 0.166116506401
467.0 6.486869 0.149392578517 5.175692 0.172314344851
468.0 5.942378 0.152681368654 4.643285 0.0677562473627
469.0 6.69091 0.153421675121 5.377257 0.196544428714
470.0 5.963354 0.144298666207 4.661533 0.170476986538
471.0 5.147374 0.162631269376 3.860244 0.0340204156623
472.0 4.898426 0.160173084539 3.616169 0.0109753912901
473.0 4.940444 0.192011812472 3.658653 0.153898064906
474.0 4.298685 0.134556173038 3.030216 0.141459193154
475.0 4.148125 0.190063003657 2.882703 0.0425883980345
476.0 4.517277 0.0333575120715 3.243445 0.130877384751
477.0 4.640792 0.058702122339 3.365129 0.0814609706209
478.0 4.370616 0.0849708773667 3.100731 0.113409624349
479.0 3.965072 0.0576478788157 2.703692 0.121010420047
480.0 3.654712 0.0859004751399 2.398426 0.136328831761
481.0 4.146358 0.0285367122865 2.880158 0.0415959392951
482.0 11.576171 0.0762808533766 10.173209 0.123415465566
483.0 11.446537 0.018947678482 10.045716 0.0280567000004
484.0 11.291948 0.0241635223907 9.893223 0.102512332635
485.0 11.467688 0.17309590182 10.06576 0.166614168964
486.0 10.866631 0.0838265719143 9.474333 0.128056686227
487.0 10.35122 0.0452437808979 8.968566 0.0183307747808
488.0 9.733067 0.0846636392095 8.361483 0.0897501231685
489.0 10.328174 0.0631172651557 8.9449 0.0477695138003
490.0 10.32167 0.0916726770154 8.940112 0.128070003086
491.0 10.051788 0.0323479195811 8.676622 0.149771980648
492.0 10.935232 0.0843053235457 9.544167 0.177753760786
493.0 10.816474 0.0483863892265 9.426501 0.110663336367
494.0 11.004812 0.147132382756 9.611393 0.194452004543
495.0 11.266398 0.131728344973 9.867812 0.0953568707829
496.0 11.526328 0.110810357935 10.123118 0.0970865808723
497.0 10.977169 0.0615746059279 9.583115 0.0122966897534
498.0 11.046411 0.0113020309554 9.653107 0.0628617238698
499.0 11.9286 0.181562630479 10.51825 0.172875017047
500.0 12.135636 0.0703876552338 10.719672 0.0218723046179
