0.0 52.490993 0.0359657799602 51.054412 0.15915934423
1.0 53.241285 0.0390328233557 51.814831 0.106907730358
2.0 52.642648 0.142616888273 51.202133 0.114866036108
3.0 52.168513 0.0726342427514 50.727985 0.0948824934053
4.0 55.784523 0.170186623965 54.391266 0.172384175061
5.0 56.001524 0.178762071576 54.608267 0.189394466725
6.0 57.554431 0.0762088958663 56.173668 0.0108546799296
7.0 58.466052 0.0879663893133 57.091855 0.0594979793965
8.0 59.35549 0.0380434048671 57.985834 0.102371506625
9.0 60.157786 0.109958213535 58.803021 0.186676984083
10.0 52.088821 0.194430918839 50.618431 0.0653467355021
11.0 50.959218 0.057137921362 49.477981 0.180712552739
12.0 50.740024 0.108496789954 49.24524 0.063709063584
13.0 49.267258 0.183350962014 47.756461 0.152080703876
14.0 48.460351 0.0220699533776 46.947057 0.129917445781
15.0 49.847947 0.03945091753 48.349972 0.114686956216
16.0 49.821108 0.00121108934071 48.325364 0.152103964416
17.0 49.710157 0.0674211643473 48.2144 0.132664516252
18.0 46.355425 0.0207436245689 44.846453 0.0709401267629
19.0 47.606622 0.179781079594 46.114079 0.147690310262
20.0 48.251543 0.143368875263 46.771216 0.172099915246
21.0 50.616053 0.0830454408108 49.17534 0.150395241098
22.0 51.961096 0.0751464777443 50.537033 0.00638714856193
23.0 53.042501 0.0426739194321 51.627064 0.106916673065
24.0 53.353764 0.116400350506 51.948372 0.146952121728
25.0 54.35054 0.106733225627 52.958291 0.0303919385258
26.0 55.058996 0.0940810963283 53.670886 0.0645382686049
27.0 53.915308 0.14472297026 52.512297 0.133806297822
28.0 53.742596 0.00831370929821 52.340307 0.00474035479491
29.0 50.153604 0.124295104259 48.703503 0.0475872943847
30.0 50.089369 0.0375662853467 48.6334 0.19178162962
31.0 51.310612 0.110779930727 49.863575 0.0879934793928
32.0 51.68645 0.144068160628 50.244562 0.0207481823838
33.0 52.889538 0.04908574443 51.457411 0.0221491714494
34.0 52.95265 0.0308324916628 51.513142 0.142657441797
35.0 51.621021 0.0869338052368 50.170683 0.187219151414
36.0 51.354899 0.00427841969119 49.890014 0.167344841767
37.0 51.058149 0.107802590093 49.584738 0.117444997611
38.0 47.61001 0.0943305092043 46.076351 0.107401139581
39.0 46.913874 0.0119372681657 45.375466 0.0884458738039
40.0 47.565257 0.108026666299 46.042379 0.112271801474
41.0 46.883827 0.171506207773 45.357677 0.173727912614
42.0 46.595528 0.0899503617144 45.068855 0.0198653683784
43.0 46.037814 0.0279813193511 44.506147 0.146886247637
44.0 47.277612 0.0331937755998 45.765411 0.117651361755
45.0 46.621833 0.172731938329 45.105939 0.152042182439
46.0 46.082099 0.0670723282434 44.555047 0.0821972103236
47.0 47.090049 0.0761007924214 45.574715 0.0524388570173
48.0 46.769413 0.0174315662772 45.243378 0.0200090011435
49.0 46.73146 0.0848435344355 45.216012 0.178061787358
50.0 47.726991 0.11848615363 46.221157 0.0683835216494
51.0 50.888399 0.020675665771 49.428278 0.183787062814
52.0 51.429822 0.0827631196591 49.983383 0.0374466607777
53.0 51.393434 0.0934861996658 49.951853 0.0965826433783
54.0 49.956787 0.101020048229 48.502993 0.0234859321747
55.0 49.504631 0.159523335163 48.037979 0.161969395419
56.0 49.418567 0.0259049897328 47.959381 0.142001656849
57.0 47.918442 0.0742808467073 46.363444 0.0831471884269
58.0 47.384403 0.130169093756 45.818544 0.149678900658
59.0 46.977957 0.00489405706355 45.40637 0.0782134230272
60.0 47.235631 0.194532247528 45.658317 0.109721919195
61.0 47.217796 0.0893951232964 45.648869 0.109788969943
62.0 46.376834 0.149497257723 44.793882 0.178346206914
63.0 46.830657 0.0125474451388 45.245168 0.0448523083442
64.0 47.540905 0.0145894281454 45.965065 0.161814862827
65.0 47.453779 0.130169295182 45.88131 0.126413472512
66.0 55.479294 0.141371134087 54.058466 0.191254526418
67.0 56.16876 0.124095328041 54.757629 0.0408965017466
68.0 57.454571 0.0885587688167 56.032292 0.116436895037
69.0 56.347199 0.0873303781758 54.914243 0.195933834311
70.0 58.954267 0.017735431923 57.556701 0.160745176154
71.0 59.328113 0.0901605917978 57.935 0.133228929594
72.0 60.005853 0.134309383881 58.62802 0.154332440824
73.0 55.109312 0.102695538504 53.654012 0.020451529639
74.0 55.481924 0.0474279367565 54.027687 0.103641688608
75.0 56.038542 0.130349469172 54.593817 0.106345324618
76.0 57.213693 0.162171960186 55.78148 0.102605613086
77.0 56.261918 0.11116294487 54.81295 0.147877248425
78.0 57.034766 0.00936608303037 55.594093 0.0498419674406
79.0 55.972499 0.0735565900181 54.517643 0.0549565776419
80.0 57.127592 0.12714452592 55.679588 0.139727163134
81.0 57.105626 0.0776691484602 55.660188 0.023518321625
82.0 56.889606 0.166314493746 55.443847 0.0330547140085
83.0 58.429392 0.0938449568324 57.00013 0.0410853242178
84.0 58.079333 0.180288978026 56.637414 0.0296806545008
85.0 59.078863 0.184133158205 57.645089 0.135970526765
86.0 58.423949 0.180764463753 56.981104 0.0123008738452
87.0 57.915661 0.114479087163 56.47613 0.182065385119
88.0 59.230282 0.0604758721187 57.77622 0.0725818187377
89.0 58.880922 0.0591549374235 57.418347 0.0794703245716
90.0 57.490364 0.123225269763 56.018282 0.0594911407081
91.0 57.693634 0.0998108165703 56.22078 0.0279715410835
92.0 57.699563 0.0997389934336 56.227321 0.000992991846552
93.0 54.187712 0.122111607163 52.629993 0.16787346165
94.0 53.183494 0.140931205616 51.609758 0.154044642601
95.0 52.586662 0.0769443893838 51.014656 0.0706483452138
96.0 52.479882 0.18956227637 50.893673 0.191918593867
97.0 60.109411 0.18288462619 58.67969 0.0756106155048
98.0 61.288544 0.17779039079 59.874501 0.0888961389636
99.0 60.962009 0.145968299034 59.534652 0.106370556169
100.0 61.678253 0.0974973095399 60.254676 0.0294371562025
101.0 61.915259 0.117059229026 60.4911 0.0957288610271
102.0 61.543458 0.145990655102 60.122333 0.170969120212
103.0 62.73317 0.0166377292842 61.323727 0.0457282559025
104.0 63.663123 0.0998570074305 62.267619 0.114335870824
105.0 62.997582 0.0766589174991 61.593754 0.176823961339
106.0 65.169962 0.165158307974 63.804453 0.191116902224
107.0 64.988751 0.134653962532 63.624742 0.00722987199504
108.0 61.851369 0.164554128608 60.476893 0.193964046013
109.0 63.070667 0.0932274266047 61.703523 0.188283804719
110.0 62.944092 0.119723847984 61.583796 0.0393251566945
111.0 61.303206 0.0716779209196 59.929038 0.0593778642395
112.0 56.169164 0.0311206611109 54.71678 0.0747140576712
113.0 57.982437 0.0415251742387 56.546907 0.161307277081
114.0 57.630438 0.155193809317 56.191884 0.0210453986038
115.0 57.321086 0.0873789220271 55.879185 0.0361081074999
116.0 56.676059 0.0361351342895 55.221541 0.161708190718
117.0 62.019444 0.143790530002 60.632147 0.0628752652014
118.0 61.036048 0.123322593979 59.633488 0.00456537935565
119.0 61.125305 0.0172576883719 59.728687 0.00556255049204
120.0 59.536942 0.17411423043 58.155472 0.192258470396
121.0 59.747948 0.0121933898084 58.367086 0.127355102176
122.0 58.805521 0.0588447452071 57.418654 0.132439454228
123.0 58.10041 0.00361031251335 56.707958 0.0557877075909
124.0 58.03867 0.0855905115493 56.636934 0.0383662233221
125.0 58.577943 0.180937933093 57.178922 0.114166783229
126.0 59.69715 0.0552653874808 58.311021 0.111355090149
127.0 60.393076 0.117767798644 59.015057 0.040946805227
128.0 60.967047 0.15017382987 59.599493 0.109856436461
129.0 61.240656 0.0478786119357 59.868758 0.19997162409
130.0 59.594794 0.0101201687706 58.21037 0.127058345984
131.0 60.471915 0.0681276285106 59.097565 0.0850223104656
132.0 61.015493 0.160275827492 59.655083 0.123394878888
133.0 54.787489 0.0821639371755 53.332687 0.0381125091574
134.0 53.8761 0.137431101533 52.417469 0.024114025713
135.0 55.399526 0.00614804092412 53.945847 0.0820096010422
136.0 54.980839 0.0539308050787 53.526237 0.0646596673578
137.0 54.874925 0.161068482459 53.430201 0.0526482750148
138.0 54.898669 0.0538715081518 53.454381 0.162814036059
139.0 54.993297 0.135922238576 53.542556 0.078966419593
140.0 53.552434 0.0733019748033 52.089253 0.0404132000753
141.0 53.104352 0.0385633818744 51.62815 0.0217688510151
142.0 59.463824 0.188961003855 58.084567 0.0846491751292
143.0 60.500988 0.125238896523 59.134271 0.138132558634
144.0 59.580287 0.0541365950574 58.196565 0.0397897659509
145.0 58.427674 0.0397972195805 57.031965 0.128061539248
146.0 58.56467 0.159523029511 57.178657 0.0562960028033
147.0 57.647545 0.140638009424 56.256082 0.131126302499
148.0 56.832657 0.192543923296 55.438659 0.0216293860297
149.0 57.447196 0.193324276604 56.065366 0.0418023469518
150.0 55.990909 0.173970128891 54.622778 0.13198120788
151.0 55.07993 0.0610555743792 53.703671 0.0890257393006
152.0 54.962351 0.179349397912 53.591485 0.148715958417
153.0 45.381675 0.170936519445 43.872327 0.180330322279
154.0 45.788719 0.175174977077 44.282813 0.0129211806524
155.0 46.779883 0.133799674917 45.286848 0.00241252925595
156.0 47.201955 0.125311818392 45.72499 0.194730067666
157.0 47.083461 0.1491375093 45.605898 0.190176932819
158.0 47.54518 0.0733399158645 46.073912 0.146499567554
159.0 43.761752 0.00427903267382 42.223152 0.111801755975
160.0 43.962157 0.0321497611925 42.438253 0.15401328014
161.0 43.68674 0.0461569504912 42.166876 0.0606189185705
162.0 43.287985 0.0993671135917 41.772089 0.124054498688
163.0 44.28503 0.147598467897 42.785081 0.00121404052676
164.0 52.145736 0.115208003798 50.771352 0.0222608013831
165.0 52.793636 0.161100374904 51.428677 0.0520386537495
166.0 53.792989 0.0534130058762 52.441292 0.168926182257
167.0 54.758203 0.143827656213 53.420769 0.0595109545971
168.0 56.847078 0.108445470678 55.518585 0.0152905840348
169.0 55.986578 0.176973155459 54.650504 0.126696962075
170.0 54.890231 0.109499684263 53.547364 0.0707214200055
171.0 55.679672 0.0361384500175 54.344276 0.117874094858
172.0 57.122143 0.134803297887 55.799277 0.0505100261505
173.0 55.383741 0.0799622651813 54.046431 0.103973651447
174.0 54.627082 0.152024123207 53.283365 0.100937811821
175.0 49.053674 0.00326364273713 47.644373 0.0499480249437
176.0 49.466818 0.0260571227324 48.069075 0.166061967316
177.0 50.571405 0.191107321142 49.186245 0.0795054000362
178.0 51.274056 0.0740407554741 49.902507 0.0871458478323
179.0 50.273104 0.057936779772 48.892874 0.197120292386
180.0 51.209862 0.0189275494946 49.838857 0.0368212286934
181.0 51.818174 0.0752618927673 50.432233 0.171984471958
182.0 52.519051 0.186958515303 51.149493 0.162274570565
183.0 51.506615 0.0491429052142 50.121642 0.068664564203
184.0 52.208037 0.111039639008 50.824551 0.000350463574256
185.0 53.043602 0.183579588969 51.672061 0.0951388204597
186.0 48.655324 0.00871481200748 47.228521 0.0113634110648
187.0 48.725233 0.0371596620506 47.29536 0.176164553848
188.0 47.047516 0.0919816759847 45.601024 0.0373726475591
189.0 46.725595 0.174661565084 45.27694 0.116295740387
190.0 46.292277 0.0117970317584 44.842273 0.174581387745
191.0 47.532588 0.190620739133 46.096501 0.101403146791
192.0 46.495184 0.0866929816161 45.049099 0.0287613396821
193.0 46.690188 0.0782428259133 45.255499 0.0573354861558
194.0 43.067468 0.070457363965 41.571319 0.0795615174063
195.0 42.769353 0.110231727437 41.261994 0.189309188932
196.0 40.325499 0.0408446218222 38.805324 0.0193155061132
197.0 40.003335 0.193619002329 38.483862 0.0724480601688
198.0 39.690583 0.0392685198436 38.17382 0.152394810799
199.0 39.544382 0.0273143904508 38.018754 0.0844979522593
200.0 39.393138 0.135741507394 37.867677 0.136699178044
201.0 40.30399 0.0569333275299 38.79384 0.0422462483765
202.0 40.159751 0.015667653847 38.654701 0.0092189398183
203.0 38.806998 0.0507799889439 37.276553 0.0766328558564
204.0 39.841436 0.118508603348 38.32296 0.132315912749
205.0 40.382489 0.198341505504 38.867365 0.1404404855
206.0 44.512796 0.0707505003528 43.072766 0.0290475070784
207.0 45.911465 0.183587385604 44.457156 0.128611695027
208.0 46.207992 0.147776660688 44.764832 0.0827601406559
209.0 45.849047 0.116504745187 44.400161 0.0164059680365
210.0 46.712876 0.0112932906863 45.280136 0.036912435697
211.0 46.123264 0.0202546761732 44.67457 0.093862356554
212.0 51.308832 0.0629005877733 49.933601 0.0737269945707
213.0 49.670778 0.143080506393 48.27965 0.0922663217466
214.0 50.574178 0.131073167246 49.19881 0.197983347777
215.0 50.316282 0.175915419505 48.943326 0.0207666499298
216.0 38.612694 0.0273429126255 37.053127 0.0613786079111
217.0 39.003824 0.18814642159 37.440861 0.181808537553
218.0 39.258396 0.125812127585 37.684129 0.054032176814
219.0 39.145971 0.0262434267974 37.575557 0.0378601164589
220.0 39.75875 0.105838890895 38.190553 0.0218072014427
221.0 48.498501 0.18031223158 47.091142 0.0767498966745
222.0 49.494124 0.146746992649 48.095353 0.0148534267432
223.0 48.850967 0.0621081157916 47.445177 0.0502694513604
224.0 50.089494 0.130618705514 48.693028 0.0559565978885
225.0 48.096915 0.135374082313 46.667266 0.122631126108
226.0 47.661275 0.0896059971106 46.222522 0.0671606749698
227.0 47.062112 0.125581447551 45.613105 0.130678966014
228.0 43.403282 0.130679048514 41.880299 0.0615608390221
229.0 42.988553 0.107499019486 41.471382 0.0341000566341
230.0 44.258324 0.0612886631841 42.755352 0.0140655157731
231.0 45.15301 0.13674347 43.657201 0.117672917144
232.0 45.718958 0.123885080569 44.22861 0.0387251070366
233.0 45.066041 0.0241662759846 43.57015 0.0894950315281
234.0 47.55249 0.165531269138 46.10189 0.139596929406
235.0 47.710892 0.0289850128575 46.260295 0.000531257764997
236.0 47.173137 0.103870924564 45.713194 0.188605633938
237.0 46.040745 0.158653914238 44.564513 0.0479995810235
238.0 46.644479 0.00236505914755 45.168855 0.0572759447295
239.0 46.372214 0.129468324798 44.899943 0.113928303975
240.0 47.00427 0.011286970477 45.533185 0.07765970878
241.0 49.398532 0.0848705700946 47.997289 0.0973444423367
242.0 49.207245 0.0464567219286 47.80827 0.0493700215348
243.0 48.616979 0.0265996290619 47.217308 0.150157114121
244.0 48.96587 0.0342246926443 47.577228 0.0436302380001
245.0 50.116305 0.0447470923867 48.74225 0.0859465646729
246.0 50.624674 0.196636454048 49.250559 0.124178605686
247.0 48.988344 0.0922586840912 47.598075 0.0888723540298
248.0 39.672606 0.0327609691649 38.136694 0.00203587838758
249.0 39.143204 0.124297434694 37.590962 0.0815964346288
250.0 39.549914 0.0752598408755 38.007405 0.0280945863645
251.0 51.696413 0.155809491658 50.338581 0.0433603152024
252.0 53.164237 0.0840162513517 51.821899 0.162783306651
253.0 51.58542 0.0358635380624 50.227992 0.0436250114452
254.0 51.435798 0.114170525675 50.076482 0.158574926776
255.0 51.840347 0.0714838829913 50.484652 0.060700398922
256.0 51.676401 0.141744575319 50.313535 0.0464611596739
257.0 51.235907 0.0697851579253 49.865615 0.195123906336
258.0 52.375869 0.165769431663 51.015898 0.182516167608
259.0 52.932055 0.148853628251 51.575645 0.0643358215333
260.0 53.708975 0.172117152599 52.368291 0.176215368189
261.0 50.498266 0.103393856438 49.110503 0.151232130541
262.0 51.320313 0.0924396833154 49.929958 0.132061324341
263.0 50.552046 0.015695761959 49.149933 0.100725651911
264.0 47.407516 0.010147584007 45.968377 0.126095654184
265.0 48.870387 0.150338182308 47.445423 0.0579221616146
266.0 48.768141 0.0678831583732 47.337853 0.0178114698861
267.0 48.25175 0.165444255654 46.815051 0.112477062527
268.0 48.414536 0.049993439143 46.986892 0.113219419898
269.0 47.750419 0.150504500768 46.313316 0.00202446658923
270.0 47.481191 0.164937858958 46.035223 0.0160006798272
271.0 46.978974 0.100346334569 45.518982 0.0122214963833
272.0 48.494971 0.176643284146 47.050432 0.186958291225
273.0 48.230252 0.193200350321 46.772994 0.0776702747069
274.0 44.982507 0.0286937243469 43.459514 0.145290715993
275.0 45.759205 0.174158870621 44.24621 0.0732572574255
276.0 45.375555 0.107168003092 43.864406 0.176297397449
277.0 44.686147 0.186428684958 43.162469 0.00422752444599
278.0 44.45493 0.141762822949 42.932719 0.0813254620806
279.0 44.133072 0.178897492781 42.613703 0.188206821998
280.0 44.335308 0.185910324788 42.801618 0.134698130466
281.0 44.484213 0.0291622737444 42.959863 0.00404658836984
282.0 44.801755 0.13689907013 43.277888 0.0437389080653
283.0 45.035129 0.0324693508883 43.525347 0.158230325114
284.0 46.312089 0.114237079608 44.825153 0.0719921891521
285.0 46.643581 0.183990966279 45.172093 0.000650347589604
286.0 46.799171 0.00949086086716 45.326991 0.0101800722492
287.0 45.530841 0.103338405638 44.045775 0.0236510597454
288.0 45.783336 0.144203337662 44.295125 0.132728660959
289.0 44.981292 0.17906495231 43.486669 0.0993989218476
290.0 44.462749 0.0539229892726 42.964587 0.062298763704
291.0 43.582628 0.0590167657198 42.071927 0.072374177626
292.0 43.482699 0.0927258881217 41.968913 0.115920659447
293.0 42.99454 0.168198744035 41.479264 0.193244174014
294.0 42.086612 0.173243292802 40.557904 0.138900246881
295.0 44.68941 0.0338038265073 43.203693 0.112490045837
296.0 45.312885 0.0630159727379 43.827858 0.0851884673663
297.0 45.162427 0.0828339921389 43.683614 0.113482956157
298.0 42.616757 0.160705747854 41.088086 0.151824762874
299.0 42.035983 0.0416582047236 40.501571 0.158874203919
300.0 41.695476 0.00991989128042 40.14901 0.17667725392
301.0 41.954581 0.179687447093 40.42536 0.0851547248857
302.0 41.360634 0.00729260085439 39.819802 0.103116421451
303.0 41.962628 0.0165164913648 40.429777 0.108545671506
304.0 41.240925 0.140899689773 39.699865 0.0115818964482
305.0 40.987259 0.187108181777 39.432987 0.0281538955247
306.0 51.305561 0.183996284936 49.930775 0.166002795271
307.0 52.72214 0.0129726732686 51.357922 0.0656968368064
308.0 53.017208 0.0697977424671 51.658475 0.0300914716076
309.0 52.502928 0.157780562304 51.138968 0.163785856997
310.0 52.333723 0.173962721431 50.970793 0.00815109368077
311.0 52.270179 0.101176936337 50.912648 0.0749207396197
312.0 52.772423 0.074934455146 51.425764 0.104796864065
313.0 52.589141 0.153386915618 51.244367 0.0765381884337
314.0 48.963133 0.159624784974 47.567736 0.130995771228
315.0 51.760217 0.00307025901847 50.372693 0.0457870556056
316.0 51.65377 0.199527990603 50.270479 0.0357147084663
317.0 51.086419 0.0285520442279 49.697333 0.105116174653
318.0 52.03196 0.0542995040782 50.648153 0.0462403322788
319.0 53.200003 0.161222241698 51.82827 0.124498735661
320.0 54.104459 0.185031793722 52.745821 0.126390021122
321.0 54.793272 0.198142902561 53.437073 0.196636599352
322.0 54.585366 0.00465770474137 53.229126 0.0172870298013
323.0 54.950992 0.108984239737 53.598797 0.147557822873
324.0 45.262746 0.0354116963387 43.762219 0.110735268751
325.0 45.145695 0.0259307362798 43.641782 0.135693424671
326.0 45.392513 0.182630549077 43.886991 0.0877845587696
327.0 45.350333 0.152310349321 43.853299 0.128555093453
328.0 44.603711 0.12239435263 43.102783 0.124172550192
329.0 43.713426 0.105758797689 42.200093 0.0647380864298
330.0 44.974496 0.0934859758196 43.475275 0.118929976082
331.0 45.201124 0.0193471713576 43.69958 0.0181553923144
332.0 43.893332 0.166346100739 42.377154 0.020863219909
333.0 43.825432 0.0660704155371 42.300665 0.153826807416
334.0 44.058869 0.0503895023812 42.536369 0.0528192752797
335.0 44.539085 0.184610814 43.025516 0.0264014913225
336.0 44.54876 0.0996503946212 43.03111 0.144680438563
337.0 44.290261 0.0170170916248 42.771055 0.0865944850032
338.0 44.635574 0.0702277238219 43.114529 0.1304925083
339.0 44.871274 0.154684146623 43.348743 0.0346086480595
340.0 44.351403 0.118514389441 42.825311 0.184590517761
341.0 44.069278 0.052713187894 42.549527 0.152308012649
342.0 44.380607 0.144334244298 42.854441 0.0189397926885
343.0 44.10826 0.0355395170533 42.56591 0.155437908957
344.0 45.099617 0.0991012913639 43.571187 0.18738959972
345.0 45.284117 0.137310554002 43.762895 0.110551098406
346.0 45.418874 0.129342545825 43.911137 0.166521428651
347.0 44.32217 0.0483668483468 42.803348 0.0763781963785
348.0 45.04073 0.0764816764505 43.538469 0.146030510398
349.0 44.487061 0.0146568745499 42.97011 0.103745712791
350.0 44.380725 0.141450118582 42.854453 0.149172977017
351.0 44.058319 0.0579250817616 42.527234 0.147535090485
352.0 44.746618 0.116415749381 43.227267 0.054664975509
353.0 46.410364 0.107064399072 44.874685 0.00144857012576
354.0 46.363351 0.0110268007737 44.822295 0.135913044421
355.0 45.37142 0.0368191521847 43.818215 0.0244590897653
356.0 46.361883 0.0694012530769 44.819403 0.0440048800101
357.0 46.19755 0.00525910424645 44.651995 0.0448279007065
358.0 46.939562 0.139067517378 45.410874 0.0932665664766
359.0 56.370771 0.163634039242 54.998103 0.180796702661
360.0 54.909036 0.0573046740539 53.524552 0.0480420498997
361.0 53.597013 0.134610005969 52.197344 0.0940451993269
362.0 54.440037 0.193622192001 53.045326 0.0820209807787
363.0 48.915295 0.0483774571534 47.430543 0.0127971594348
364.0 49.143576 0.0531439158075 47.667614 0.187974095834
365.0 49.912591 0.00132695394437 48.451014 0.121517418464
366.0 51.967303 0.0674675178931 50.520058 0.090002170728
367.0 51.536923 0.0382332175977 50.08333 0.108533524061
368.0 52.770352 0.0832388283187 51.33345 0.0732157108701
369.0 51.30322 0.124707311215 49.853213 0.0813622389675
370.0 52.043843 0.161036313657 50.609759 0.00953231564513
371.0 51.471231 0.00659403158849 50.020988 0.192850506906
372.0 50.990939 0.0774664361926 49.523392 0.0820854227501
373.0 50.617123 0.0507741113809 49.144885 0.0857245416338
374.0 51.620929 0.10405668305 50.159272 0.190299797415
375.0 51.695707 0.177284941356 50.23281 0.105552561507
376.0 51.538087 0.0678623439603 50.064173 0.176115080419
377.0 50.177382 0.156037320417 48.687951 0.133029347886
378.0 51.003996 0.0447453330163 49.524616 0.0944300498645
379.0 50.708796 0.0523868358627 49.230806 0.192661150589
380.0 49.394143 0.186717242049 47.893501 0.0810520217443
381.0 49.796354 0.0996314463825 48.294536 0.181162587258
382.0 53.718311 0.0857311732324 52.23169 0.0290878499154
383.0 53.138588 0.178073408643 51.642907 0.186397101285
384.0 52.699745 0.0546834310272 51.201841 0.0480708616217
385.0 60.488483 0.119558655916 59.10746 0.193200563693
386.0 61.507144 0.127416765972 60.131167 0.0368193315541
387.0 60.312892 0.00567818007068 58.920779 0.0401061086391
388.0 60.553071 0.105502039639 59.155572 0.0756719996544
389.0 60.315641 0.0523551491146 58.922878 0.0239437304298
390.0 61.362468 0.173934084357 59.985 0.177500079623
391.0 61.787849 0.146869341061 60.417941 0.0588488479685
392.0 62.173182 0.151325987564 60.81318 0.140574048621
393.0 61.316142 0.061781713428 59.941708 0.106825807494
394.0 62.728976 0.0797211235895 61.371326 0.178844626501
395.0 61.609765 0.13578088485 60.241736 0.164035274953
396.0 60.647697 0.0451987244307 59.275188 0.111619084626
397.0 60.332607 0.165165780728 58.964096 0.0586538825043
398.0 58.472045 0.0716225138841 57.105133 0.174544016455
399.0 58.129428 0.191118416368 56.758191 0.163061492417
400.0 59.828088 0.0773207480593 58.47222 0.175235943414
401.0 54.967415 0.1378119592 53.540268 0.0382918726993
402.0 55.194014 0.176645131358 53.771308 0.000123353426972
403.0 55.743218 0.0706426166967 54.318807 0.0520141309261
404.0 54.241603 0.0551866319617 52.804368 0.0750907549957
405.0 52.667484 0.111623539406 51.214682 0.143840997116
406.0 51.905317 0.100906074505 50.441349 0.0526325682813
407.0 51.366911 0.165523097783 49.905059 0.182097431266
408.0 49.931112 0.0338006370414 48.456687 0.18739195675
409.0 48.636016 0.141650825849 47.145007 0.124655087694
410.0 49.745559 0.0508858250108 48.268119 0.197441977538
411.0 50.239152 0.188622242805 48.763688 0.176435739235
412.0 51.319813 0.152653003073 49.855459 0.0353627628829
413.0 52.023395 0.0781747246762 50.560386 0.0845117888302
414.0 51.922102 0.167189997676 50.446813 0.0368452155087
415.0 52.304108 0.101557842432 50.836084 0.101638831865
416.0 51.770269 0.0671392562968 50.291997 0.0937126016038
417.0 51.761529 0.106849221879 50.280354 0.0122555994487
418.0 51.750626 0.0371152298319 50.27042 0.0637602290802
419.0 51.045582 0.0819235378789 49.565073 0.116880500109
420.0 50.91919 0.0175045711402 49.431279 0.178139476024
421.0 48.983772 0.102939058829 47.454517 0.130510517073
422.0 49.064675 0.102529619866 47.549724 0.094228278208
423.0 49.96247 0.094504625032 48.452784 0.0285606706713
424.0 49.6227 0.1541628741 48.09592 0.106492798414
425.0 48.743806 0.167043172598 47.200856 0.0431288033592
426.0 51.259133 0.166215601743 49.780055 0.0148604424404
427.0 50.623754 0.1231073341 49.131952 0.191697430121
428.0 50.436581 0.0311874027994 48.945828 0.138171798885
429.0 49.863875 0.0672926676519 48.363833 0.179472670187
430.0 53.792798 0.140727845801 52.309123 0.0903461061287
431.0 54.459902 0.0755245465995 52.986229 0.145377577077
432.0 53.615406 0.114244672938 52.127043 0.0329713710142
433.0 53.43137 0.116473637939 51.938313 0.0825847491146
434.0 53.66888 0.04817404585 52.193147 0.0350290232411
435.0 49.967413 0.116340108636 48.41317 0.174476685693
436.0 49.862824 0.0820387594685 48.299109 0.141275066904
437.0 49.351195 0.0173050204628 47.790115 0.053231526659
438.0 49.054543 0.192986342018 47.501886 0.0979705253236
439.0 49.473746 0.141874020461 47.929141 0.131739325613
440.0 49.243788 0.177829643947 47.692597 0.0584505923936
441.0 48.73119 0.0670712624366 47.170472 0.129278412791
442.0 48.25966 0.169763366157 46.690965 0.0915898572751
443.0 47.247164 0.0969581280395 45.665562 0.151581127571
444.0 48.418022 0.0773727650525 46.851353 0.0836515475759
445.0 49.251288 0.0494028737522 47.689195 0.125930157928
446.0 48.396818 0.146549787585 46.81792 0.00771812838488
447.0 45.430833 0.0564871245356 43.838819 0.122663997459
448.0 44.37692 0.139725496875 42.770463 0.163339730436
449.0 44.446197 0.0329067159531 42.842912 0.189411613459
450.0 46.158143 0.0741901555063 44.61744 0.0302506050063
451.0 46.07566 0.129080577331 44.523091 0.00135512778036
452.0 46.405804 0.110568983649 44.869737 0.0664278220246
453.0 46.269969 0.125263887451 44.735416 0.147459068083
454.0 46.507165 0.0675142910287 44.983671 0.194322003535
455.0 46.187624 0.0208645665832 44.65305 0.031167134565
456.0 54.933911 0.0168562973947 53.543262 0.0132694865928
457.0 56.365756 0.0322084235427 54.985787 0.106331691031
458.0 56.180729 0.116549841398 54.811826 0.177276577512
459.0 53.076721 0.029615989542 51.662737 0.189159475895
460.0 52.485514 0.0258848813445 51.062076 0.136991007137
461.0 50.822018 0.165200147114 49.383009 0.0859899730592
462.0 49.677835 0.119610512668 48.227387 4.44051237258e-06
463.0 48.624194 0.131552416762 47.164402 0.131763734051
464.0 47.570704 0.184096723313 46.094173 0.171694245608
465.0 47.428233 0.0376750899241 45.938772 0.141784992403
466.0 47.622093 0.178564986832 46.14672 0.0448889000049
467.0 47.518015 0.122890115351 46.037768 0.0791941549711
468.0 47.24556 0.104260208385 45.766352 0.16229891354
469.0 47.178694 0.0684869614882 45.696984 0.0299156166847
470.0 43.496439 0.1484429437 41.9402 0.164923833858
471.0 43.075382 0.188140137582 41.508717 0.194964923083
472.0 42.835255 0.0155701193571 41.270116 0.130481675059
473.0 43.059602 0.192331896621 41.490587 0.150287195674
474.0 43.215997 0.120189175437 41.658941 0.0225362398602
475.0 45.32209 0.00952009623214 43.753268 0.0324263567852
476.0 45.883822 0.10050050631 44.330388 0.0280258339185
477.0 46.289438 0.0813326036221 44.750044 0.139591290649
478.0 53.135847 0.146602299482 51.723377 0.0319253862495
479.0 52.604473 0.0959312651031 51.193434 0.182954895767
480.0 51.960229 0.0810085750711 50.53543 0.0292006294875
481.0 52.989262 0.151466636977 51.578802 0.144167277142
482.0 51.60662 0.0332899074572 50.179226 0.0689333256034
483.0 52.254689 0.199728687596 50.837999 0.150010366711
484.0 51.624595 0.0897507964675 50.199665 0.0411704985006
485.0 48.784087 0.0787748762325 47.312446 0.108280983647
486.0 47.665075 0.196549208362 46.178291 0.0139587321459
487.0 46.443663 0.0857681835357 44.942313 0.103236004213
488.0 46.382981 0.110093366272 44.892222 0.147170665117
489.0 45.648488 0.135903572539 44.144482 0.0779177283342
490.0 45.478522 0.078585689179 43.959905 0.0722155688942
491.0 46.187677 0.155471370902 44.681691 0.0205190082263
492.0 46.207691 0.118447251291 44.713759 0.0883556432479
493.0 48.601257 0.0086173712314 47.153904 0.0803546672898
494.0 50.245824 0.11935365733 48.815763 0.117774569122
495.0 52.836272 0.102177503499 51.407504 0.0321890539411
496.0 52.452082 0.182847662266 51.02659 0.112768018049
497.0 52.782609 0.154080295984 51.36348 0.0415597041643
498.0 49.387936 0.177925258501 47.915717 0.123330373572
499.0 48.191629 0.165033257385 46.703316 0.0359312139659
500.0 48.550108 0.133689468177 47.06288 0.128259547502
