2457258.5 18.0375142452 0.0 16.5474944909 0.0 
2457263.5 14.2670152812 0.0 12.8491413558 0.0 
2457268.5 15.4393470503 0.0 14.0018933158 0.0 
2457273.5 21.2877644943 0.0 19.742893087 0.0 
2457278.5 13.5105674403 0.0 12.1093655825 0.0 
2457283.5 19.8645891043 0.0 18.3432550739 0.0 
2457288.5 20.714793682 0.0 19.1769513842 0.0 
2457293.5 20.3006602709 0.0 18.7673145087 0.0 
2457298.5 18.9979364768 0.0 17.4886978864 0.0 
2457303.5 11.6282786312 0.0 10.2510290978 0.0 
2457308.5 12.3173628562 0.0 10.926865 0.0 
2457313.5 21.117767273 0.0 19.5626521466 0.0 
2457318.5 16.4543308988 0.0 14.9883573256 0.0 
2457323.5 19.0869213731 0.0 17.5737940057 0.0 
2457328.5 18.2719336811 0.0 16.7765466443 0.0 
2457333.5 22.1129514095 0.0 20.5478001353 0.0 
2457338.5 13.5821445935 0.0 12.1731470731 0.0 
2457343.5 14.370707392 0.0 12.9465342497 0.0 
2457348.5 20.4694289111 0.0 18.9321415634 0.0 
2457353.5 20.6475914591 0.0 19.1068580489 0.0 
2457358.5 18.3885296149 0.0 16.8913314609 0.0 
2457363.5 18.8731193512 0.0 17.3691050162 0.0 
2457368.5 17.8858093519 0.0 16.3998694084 0.0 
2457373.5 21.9801799602 0.0 20.4162956807 0.0 
2457378.5 15.7663039169 0.0 14.3170985001 0.0 
2457383.5 13.590341014 0.0 12.1826659009 0.0 
2457388.5 16.5319099596 0.0 15.0694610732 0.0 
2457393.5 16.331407086 0.0 14.8705399754 0.0 
2457398.5 21.1438573656 0.0 19.5964100338 0.0 
2457403.5 13.230695257 0.0 11.8322596722 0.0 
2457408.5 20.877754981 0.0 19.3388161114 0.0 
2457413.5 13.136348004 0.0 11.7388248449 0.0 
2457418.5 18.8887368811 0.0 17.3820027303 0.0 
2457423.5 14.4292789153 0.0 13.0045066646 0.0 
2457428.5 18.3450832611 0.0 16.8489038147 0.0 
2457433.5 16.1597249266 0.0 14.7062939396 0.0 
2457438.5 16.4641094712 0.0 15.0049174525 0.0 
2457443.5 12.4129327212 0.0 11.0301400373 0.0 
2457448.5 14.1759673979 0.0 12.7602440482 0.0 
2457453.5 13.0743411276 0.0 11.677166607 0.0 
2457458.5 22.2641087178 0.0 20.6989058525 0.0 
2457463.5 23.337606896 0.0 21.753021178 0.0 
2457468.5 17.54360602 0.0 16.0679917066 0.0 
2457473.5 12.8047143695 0.0 11.4158217833 0.0 
2457478.5 12.3977260999 0.0 11.0164970951 0.0 
2457483.5 15.7457819865 0.0 14.3007203085 0.0 
2457488.5 12.929393324 0.0 11.5335960909 0.0 
2457493.5 14.2648280346 0.0 12.8424561079 0.0 
2457498.5 10.4149890115 0.0 9.06195790482 0.0 
2457503.5 15.5676480122 0.0 14.1150686081 0.0 
2457508.5 13.3263312274 0.0 11.9131950467 0.0 
2457513.5 11.7030798155 0.0 10.3200735878 0.0 
2457518.5 18.966663399 0.0 17.4488626809 0.0 
2457523.5 15.6701755448 0.0 14.2111656662 0.0 
2457528.5 20.8647218791 0.0 19.3112476795 0.0 
2457533.5 11.3467306263 0.0 9.96888348575 0.0 
2457538.5 18.8413904085 0.0 17.3257779692 0.0 
2457543.5 15.6035416913 0.0 14.1486864662 0.0 
2457548.5 21.0842539965 0.0 19.5249794038 0.0 
2457553.5 18.2782053695 0.0 16.7710978359 0.0 
2457558.5 9.92809518427 0.0 8.57490102368 0.0 
2457563.5 12.6230561747 0.0 11.2205886288 0.0 
2457568.5 18.53690952 0.0 17.0259815907 0.0 
2457573.5 20.176563181 0.0 18.6351403446 0.0 
2457578.5 19.416448634 0.0 17.8871609103 0.0 
2457583.5 21.2682823263 0.0 19.7048145909 0.0 
2457588.5 20.0436723665 0.0 18.5010345842 0.0 
2457593.5 20.9496687151 0.0 19.3906071474 0.0 
2457598.5 14.7228677487 0.0 13.2808904833 0.0 
2457603.5 20.7003231167 0.0 19.1510305738 0.0 
2457608.5 10.978359244 0.0 9.60645177284 0.0 
2457613.5 16.7890275139 0.0 15.3070424631 0.0 
2457618.5 17.8018962032 0.0 16.2995146546 0.0 
2457623.5 10.6756184154 0.0 9.30814199961 0.0 
2457628.5 15.4024353583 0.0 13.9488604816 0.0 
2457633.5 14.8795376055 0.0 13.4354483787 0.0 
2457638.5 12.030569499 0.0 10.6374510902 0.0 
2457643.5 16.0940911608 0.0 14.6261239867 0.0 
2457648.5 15.1330398768 0.0 13.6821069913 0.0 
2457653.5 17.8474344448 0.0 16.3450654261 0.0 
2457658.5 17.4080147016 0.0 15.9155186487 0.0 
2457663.5 19.3386932857 0.0 17.8085940815 0.0 
2457668.5 11.7012682739 0.0 10.3128046844 0.0 
2457673.5 10.7389214251 0.0 9.36853362598 0.0 
2457678.5 19.0974118869 0.0 17.5735194371 0.0 
2457683.5 19.8344825233 0.0 18.2996545565 0.0 
2457688.5 14.9244320145 0.0 13.4836513329 0.0 
2457693.5 20.8539127757 0.0 19.3010750188 0.0 
2457698.5 20.113954454 0.0 18.5758698166 0.0 
2457703.5 19.0980579411 0.0 17.5777819635 0.0 
2457708.5 17.3228015069 0.0 15.8324735303 0.0 
2457713.5 16.2626595571 0.0 14.7903927529 0.0 
2457718.5 21.0803293857 0.0 19.5183953161 0.0 
2457723.5 16.9343653044 0.0 15.4493546071 0.0 
2457728.5 15.582423109 0.0 14.120683119 0.0 
2457733.5 15.3691596493 0.0 13.9111507207 0.0 
2457738.5 19.5694401858 0.0 18.03209722 0.0 
2457743.5 13.172372089 0.0 11.7530097189 0.0 
2457748.5 18.1831748479 0.0 16.6691518304 0.0 
2457753.5 20.4934744109 0.0 18.9355585781 0.0 
2457758.5 18.0452241772 0.0 16.5340701045 0.0 
2457763.5 14.7260215757 0.0 13.2739770336 0.0 
2457768.5 13.811281113 0.0 12.3767824025 0.0 
2457773.5 18.9874887647 0.0 17.4552952761 0.0 
2457778.5 13.195802323 0.0 11.7700679968 0.0 
2457783.5 12.7626403998 0.0 11.3445442633 0.0 
2457788.5 9.92376583732 0.0 8.56047479944 0.0 
2457793.5 17.9081121065 0.0 16.3960099648 0.0 
2457798.5 15.7102056773 0.0 14.2367043535 0.0 
2457803.5 16.7268158895 0.0 15.2341302011 0.0 
2457808.5 14.5944204054 0.0 13.1415678254 0.0 
2457813.5 21.6385998408 0.0 20.0571756885 0.0 
2457818.5 17.8412115142 0.0 16.3280501696 0.0 
2457823.5 9.3421767666 0.0 7.98644700946 0.0 
2457828.5 21.4685248489 0.0 19.890549357 0.0 
2457833.5 11.3605098366 0.0 9.97247239916 0.0 
2457838.5 16.9062575284 0.0 15.4178136897 0.0 
2457843.5 18.3987355385 0.0 16.880695148 0.0 
2457848.5 16.7525078207 0.0 15.2654387776 0.0 
2457853.5 10.9621673439 0.0 9.58362501364 0.0 
2457858.5 17.634964223 0.0 16.1325535255 0.0 
2457863.5 11.8730372616 0.0 10.4795382542 0.0 
2457868.5 16.6088372623 0.0 15.1286322573 0.0 
2457873.5 14.1407465674 0.0 12.7086007676 0.0 
2457878.5 20.4260050901 0.0 18.8762669758 0.0 
2457883.5 16.3628371835 0.0 14.887967819 0.0 
2457888.5 8.80220780433 0.0 7.46938475559 0.0 
2457893.5 18.2332539661 0.0 16.7228208359 0.0 
2457898.5 15.7398445253 0.0 14.2770463922 0.0 
2457903.5 16.3318023957 0.0 14.858479092 0.0 
2457908.5 16.8005481276 0.0 15.3187876758 0.0 
2457913.5 16.7445716487 0.0 15.2631844177 0.0 
2457918.5 17.9645527104 0.0 16.4607820614 0.0 
2457923.5 17.6973334235 0.0 16.2005300653 0.0 
2457928.5 18.4042871487 0.0 16.8941303978 0.0 
2457933.5 19.0176503019 0.0 17.4982793865 0.0 
2457938.5 12.8857274135 0.0 11.4784767554 0.0 
2457943.5 11.4358115603 0.0 10.0542060299 0.0 
2457948.5 18.4104244003 0.0 16.8987285938 0.0 
2457953.5 16.1809906517 0.0 14.7107358001 0.0 
2457958.5 13.3422133594 0.0 11.9236599325 0.0 
2457963.5 17.7012538143 0.0 16.2007593946 0.0 
2457968.5 15.1909230683 0.0 13.7400901054 0.0 
2457973.5 20.5016231205 0.0 18.9506408287 0.0 
2457978.5 10.0667767551 0.0 8.7089848554 0.0 
2457983.5 13.8271695211 0.0 12.3992043625 0.0 
2457988.5 19.5460212257 0.0 18.0111954937 0.0 
2457993.5 15.8114611372 0.0 14.3472188851 0.0 
2457998.5 16.1530982963 0.0 14.6821083717 0.0 
2458003.5 15.5056568677 0.0 14.04968273 0.0 
2458008.5 18.2190781246 0.0 16.7155043102 0.0 
2458013.5 18.9928546283 0.0 17.4749437591 0.0 
2458018.5 16.1144369193 0.0 14.6482970983 0.0 
2458023.5 15.8150727768 0.0 14.3547357477 0.0 
2458028.5 20.631116654 0.0 19.083557414 0.0 
2458033.5 17.2898459721 0.0 15.8065977388 0.0 
2458038.5 10.8413920184 0.0 9.48066842196 0.0 
2458043.5 11.5634874412 0.0 10.1892241058 0.0 
2458048.5 20.4634111089 0.0 18.9255979084 0.0 
2458053.5 13.6566128893 0.0 12.2434484381 0.0 
2458058.5 17.9887479241 0.0 16.4949801106 0.0 
2458063.5 10.3729564805 0.0 9.01837322974 0.0 
2458068.5 17.131678126 0.0 15.6525452797 0.0 
2458073.5 17.4676234189 0.0 15.9844694079 0.0 
2458078.5 20.4806759869 0.0 18.9433690755 0.0 
2458083.5 19.9792183103 0.0 18.4539354477 0.0 
2458088.5 14.3815953011 0.0 12.9605801012 0.0 
2458093.5 18.1505594174 0.0 16.6606137907 0.0 
2458098.5 11.2258635035 0.0 9.86350566186 0.0 
2458103.5 13.4975824551 0.0 12.0925739142 0.0 
2458108.5 19.0512739028 0.0 17.5439555433 0.0 
2458113.5 17.0013436673 0.0 15.5292008986 0.0 
2458118.5 13.9880136001 0.0 12.5734032632 0.0 
2458123.5 20.4540703351 0.0 18.9211222156 0.0 
2458128.5 11.9808494643 0.0 10.6076902635 0.0 
2458133.5 11.8475498278 0.0 10.4766396753 0.0 
2458138.5 12.5143905099 0.0 11.132455542 0.0 
2458143.5 17.1270015011 0.0 15.6576861473 0.0 
2458148.5 14.3634340661 0.0 12.9468353725 0.0 
2458153.5 17.2289189621 0.0 15.7569185764 0.0 
2458158.5 21.829740316 0.0 20.2745474985 0.0 
2458163.5 19.588071299 0.0 18.0744246063 0.0 
2458168.5 20.2810883956 0.0 18.7556660173 0.0 
2458173.5 11.3283604843 0.0 9.96942592276 0.0 
2458178.5 15.5833014002 0.0 14.1439625453 0.0 
2458183.5 16.9775537068 0.0 15.5126200027 0.0 
2458188.5 20.1732951069 0.0 18.6498395343 0.0 
2458193.5 16.796437587 0.0 15.3373613823 0.0 
2458198.5 18.6430456339 0.0 17.1517138715 0.0 
2458203.5 15.8595306598 0.0 14.417491946 0.0 
2458208.5 20.2174209246 0.0 18.6965254424 0.0 
2458213.5 19.3066773324 0.0 17.8038351149 0.0 
2458218.5 14.715333728 0.0 13.299123817 0.0 
2458223.5 13.1758666521 0.0 11.7910504709 0.0 
2458228.5 20.6916192518 0.0 19.1681254292 0.0 
2458233.5 13.4144874494 0.0 12.025109797 0.0 
2458238.5 18.509439195 0.0 17.024350091 0.0 
2458243.5 21.4350637834 0.0 19.8974425432 0.0 
2458248.5 16.249233819 0.0 14.807675611 0.0 
2458253.5 16.3873921257 0.0 14.9403437171 0.0 
2458258.5 13.4301011682 0.0 12.0367396999 0.0 
2458263.5 21.1976310494 0.0 19.6614217373 0.0 
2458268.5 14.6969698189 0.0 13.2845159564 0.0 
2458273.5 18.8209867811 0.0 17.3352789292 0.0 
2458278.5 12.9986944487 0.0 11.6193627638 0.0 
2458283.5 11.5178642736 0.0 10.164574544 0.0 
2458288.5 17.6162295686 0.0 16.148504741 0.0 
2458293.5 11.4891059685 0.0 10.1323725695 0.0 
2458298.5 14.506652471 0.0 13.0914914181 0.0 
2458303.5 15.712926884 0.0 14.2745571859 0.0 
2458308.5 17.2968334117 0.0 15.8264911379 0.0 
2458313.5 19.5708878718 0.0 18.0600188886 0.0 
2458318.5 23.0031483223 0.0 21.4289445601 0.0 
2458323.5 12.3312785621 0.0 10.9564367471 0.0 
2458328.5 14.0616325839 0.0 12.6524087045 0.0 
2458333.5 20.4951141024 0.0 18.9666981907 0.0 
2458338.5 17.6231028715 0.0 16.1493750178 0.0 
2458343.5 18.8761798148 0.0 17.3815421615 0.0 
2458348.5 17.8587478219 0.0 16.3824299156 0.0 
2458353.5 16.2551187689 0.0 14.807756558 0.0 
2458358.5 11.9105913554 0.0 10.541264948 0.0 
2458363.5 21.3001386835 0.0 19.7578274658 0.0 
2458368.5 21.6789898249 0.0 20.1274483737 0.0 
2458373.5 20.5966266357 0.0 19.0671974928 0.0 
2458378.5 16.5344961352 0.0 15.0796157652 0.0 
2458383.5 12.1818167554 0.0 10.8089253895 0.0 
2458388.5 20.8008069341 0.0 19.2655669316 0.0 
2458393.5 17.5806047511 0.0 16.1045775838 0.0 
2458398.5 20.3658063256 0.0 18.8403365542 0.0 
2458403.5 21.4964792601 0.0 19.94936308 0.0 
2458408.5 19.1723067742 0.0 17.6667633821 0.0 
2458413.5 13.2267099563 0.0 11.8342819623 0.0 
2458418.5 18.8484209392 0.0 17.356183715 0.0 
2458423.5 22.4336075998 0.0 20.8760308271 0.0 
2458428.5 20.5108843268 0.0 18.9895870617 0.0 
2458433.5 20.8947373386 0.0 19.3695251934 0.0 
2458438.5 21.7990828448 0.0 20.2562052519 0.0 
2458443.5 12.0048577344 0.0 10.6430593647 0.0 
2458448.5 20.4450323405 0.0 18.9266591177 0.0 
2458453.5 18.4608417459 0.0 16.9793965927 0.0 
2458458.5 21.6737098906 0.0 20.1347943266 0.0 
2458463.5 18.2722940584 0.0 16.7946262473 0.0 
2458468.5 17.1718245228 0.0 15.7167847096 0.0 
2458473.5 16.0497478536 0.0 14.6148154001 0.0 
2458478.5 16.1078804974 0.0 14.6723430724 0.0 
2458483.5 21.6287014362 0.0 20.0885995392 0.0 
2458488.5 17.315670224 0.0 15.8530139379 0.0 
2458493.5 16.9000123886 0.0 15.4419076684 0.0 
2458498.5 13.7614336977 0.0 12.3589595357 0.0 
2458503.5 11.6081026323 0.0 10.2466012058 0.0 
2458508.5 21.1086790106 0.0 19.5731571877 0.0 
2458513.5 11.0922365875 0.0 9.74531196714 0.0 
2458518.5 15.9031530505 0.0 14.464404183 0.0 
2458523.5 13.3105633082 0.0 11.9177567412 0.0 
2458528.5 17.635216166 0.0 16.160902784 0.0 
2458533.5 18.2319805694 0.0 16.7461771316 0.0 
2458538.5 11.1660181542 0.0 9.81315083842 0.0 
2458543.5 13.8446255498 0.0 12.4430097304 0.0 
2458548.5 21.0836119673 0.0 19.5508685054 0.0 
2458553.5 17.5460730606 0.0 16.0765842485 0.0 
2458558.5 14.1250568114 0.0 12.7190769402 0.0 
2458563.5 19.4665430018 0.0 17.9591983519 0.0 
2458568.5 15.549573195 0.0 14.1142630003 0.0 
2458573.5 20.0164636568 0.0 18.4985982024 0.0 
2458578.5 12.5822096634 0.0 11.2019402716 0.0 
2458583.5 13.1208395573 0.0 11.7327568994 0.0 
2458588.5 16.1590783756 0.0 14.7164937849 0.0 
2458593.5 17.6660313813 0.0 16.1984244052 0.0 
2458598.5 14.0072657497 0.0 12.6082338768 0.0 
2458603.5 19.362703973 0.0 17.8636983859 0.0 
2458608.5 18.8914200568 0.0 17.400919492 0.0 
2458613.5 19.9857663336 0.0 18.4761913906 0.0 
2458618.5 18.4481263348 0.0 16.9683060639 0.0 
2458623.5 18.0606590348 0.0 16.5877088142 0.0 
2458628.5 14.65616058 0.0 13.2490014215 0.0 
2458633.5 15.6957054676 0.0 14.27240748 0.0 
2458638.5 15.0956718634 0.0 13.6837301962 0.0 
2458643.5 11.9029252827 0.0 10.5494615284 0.0 
2458648.5 19.2127061694 0.0 17.7235426312 0.0 
2458653.5 16.9170501295 0.0 15.4690854986 0.0 
2458658.5 17.9576948877 0.0 16.4899193288 0.0 
2458663.5 14.0208158448 0.0 12.6235925795 0.0 
2458668.5 14.3233849979 0.0 12.9197807542 0.0 
2458673.5 21.0823587624 0.0 19.5517820748 0.0 
2458678.5 19.6594324256 0.0 18.1523080594 0.0 
2458683.5 22.348702059 0.0 20.79013015 0.0 
2458688.5 21.6919357726 0.0 20.1431306042 0.0 
2458693.5 19.0525874482 0.0 17.5542860392 0.0 
2458698.5 20.8144415731 0.0 19.2811988331 0.0 
2458703.5 17.3015168131 0.0 15.8343995335 0.0 
2458708.5 16.3073376561 0.0 14.856494749 0.0 
2458713.5 15.7831602616 0.0 14.3424327018 0.0 
2458718.5 15.301105331 0.0 13.8699478486 0.0 
2458723.5 21.115245123 0.0 19.5755149745 0.0 
2458728.5 22.6455833322 0.0 21.0778202544 0.0 
2458733.5 14.3669264547 0.0 12.9522040457 0.0 
2458738.5 16.8846303693 0.0 15.4228660228 0.0 
2458743.5 13.3953214074 0.0 12.0005798417 0.0 
2458748.5 11.7405588568 0.0 10.3733755302 0.0 
2458753.5 18.9580011172 0.0 17.456859311 0.0 
2458758.5 18.35519178 0.0 16.8651141171 0.0 
2458763.5 19.3588960124 0.0 17.8480274519 0.0 
2458768.5 13.9621833493 0.0 12.5518932169 0.0 
2458773.5 13.5070824459 0.0 12.1046888258 0.0 
2458778.5 16.0714602389 0.0 14.6200639052 0.0 
2458783.5 14.3898523682 0.0 12.9688697713 0.0 
2458788.5 22.2912147845 0.0 20.7239290722 0.0 
2458793.5 20.0804435016 0.0 18.5549293821 0.0 
2458798.5 13.5542539963 0.0 12.1474642001 0.0 
2458803.5 15.1886130778 0.0 13.7520825193 0.0 
2458808.5 15.3937017153 0.0 13.9532584558 0.0 
2458813.5 22.2826961045 0.0 20.7141110453 0.0 
2458818.5 17.1695733909 0.0 15.6954196915 0.0 
2458823.5 20.8433360462 0.0 19.3000288996 0.0 
2458828.5 13.3438045295 0.0 11.9403247278 0.0 
2458833.5 12.796880112 0.0 11.4045570047 0.0 
2458838.5 18.3299617411 0.0 16.8352562614 0.0 
2458843.5 11.9533343837 0.0 10.5750415894 0.0 
2458848.5 14.1912741765 0.0 12.7703592805 0.0 
2458853.5 13.5565095036 0.0 12.1452089291 0.0 
2458858.5 16.619802382 0.0 15.1536681655 0.0 
2458863.5 10.5320181736 0.0 9.17620326993 0.0 
2458868.5 17.9566125501 0.0 16.4614380512 0.0 
2458873.5 20.1723112936 0.0 18.6378748435 0.0 
2458878.5 14.0524586078 0.0 12.6344412191 0.0 
2458883.5 15.2304139237 0.0 13.7931010841 0.0 
2458888.5 11.4780789222 0.0 10.1095418124 0.0 
2458893.5 14.4585745611 0.0 13.0374323098 0.0 
2458898.5 20.4486112048 0.0 18.9166324729 0.0 
2458903.5 11.3297252982 0.0 9.96679015321 0.0 
2458908.5 14.81781259 0.0 13.3891421191 0.0 
2458913.5 12.0858091807 0.0 10.7107103438 0.0 
2458918.5 17.9937395652 0.0 16.5071130258 0.0 
2458923.5 20.0694962608 0.0 18.5471297326 0.0 
2458928.5 18.3589305589 0.0 16.8687406084 0.0 
2458933.5 23.1011433142 0.0 21.5257972935 0.0 
2458938.5 19.4061381414 0.0 17.899460854 0.0 
2458943.5 21.4039696999 0.0 19.8604766163 0.0 
2458948.5 21.0552719675 0.0 19.517725241 0.0 
2458953.5 12.7907838244 0.0 11.4062970375 0.0 
2458958.5 13.5094108594 0.0 12.1144020028 0.0 
2458963.5 19.4054158159 0.0 17.9023405172 0.0 
2458968.5 15.5770991345 0.0 14.1468342145 0.0 
2458973.5 19.1900165542 0.0 17.6948309921 0.0 
2458978.5 13.119440831 0.0 11.7395812817 0.0 
2458983.5 15.0109502891 0.0 13.5950528273 0.0 
2458988.5 17.0553726876 0.0 15.5986929324 0.0 
2458993.5 16.9043633375 0.0 15.4505804932 0.0 
2458998.5 22.0659644224 0.0 20.5189263914 0.0 
2459003.5 11.9996090368 0.0 10.6368594889 0.0 
2459008.5 12.5541941602 0.0 11.1821363417 0.0 
2459013.5 11.7371828643 0.0 10.3802666839 0.0 
2459018.5 17.8197317436 0.0 16.3527828154 0.0 
2459023.5 13.7506603268 0.0 12.3620837883 0.0 
2459028.5 13.428657055 0.0 12.0458832945 0.0 
2459033.5 19.6836601151 0.0 18.184839754 0.0 
2459038.5 18.1876966468 0.0 16.7167548793 0.0 
2459043.5 15.0649291059 0.0 13.6533822117 0.0 
2459048.5 19.9738175965 0.0 18.474251021 0.0 
2459053.5 16.9274242601 0.0 15.4827355187 0.0 
2459058.5 14.9036860392 0.0 13.498381143 0.0 
2459063.5 16.498524228 0.0 15.0643624978 0.0 
2459068.5 18.9503670249 0.0 17.4708497894 0.0 
2459073.5 17.3441778649 0.0 15.8952183864 0.0 
2459078.5 11.5714657958 0.0 10.2291474139 0.0 
2459083.5 22.6247347514 0.0 21.0756156953 0.0 
