2457258.5 16.6370981335 0.0 15.0801147626 0.0 
2457263.5 12.181088057 0.0 10.706007626 0.0 
2457268.5 16.6344849179 0.0 15.0752090818 0.0 
2457273.5 17.8625379183 0.0 16.2802484462 0.0 
2457278.5 7.09321493958 0.0 5.71151629112 0.0 
2457283.5 7.27249985316 0.0 5.88567328561 0.0 
2457288.5 7.17023830381 0.0 5.78381353722 0.0 
2457293.5 10.920950284 0.0 9.46820560149 0.0 
2457298.5 11.7481657355 0.0 10.2808902288 0.0 
2457303.5 6.58067444456 0.0 5.20639811397 0.0 
2457308.5 7.79716901009 0.0 6.3988009735 0.0 
2457313.5 13.9019569122 0.0 12.3900792621 0.0 
2457318.5 5.86736640911 0.0 4.50147536836 0.0 
2457323.5 11.0296783142 0.0 9.56540985526 0.0 
2457328.5 11.5605895606 0.0 10.0877980535 0.0 
2457333.5 16.5712382273 0.0 15.0037747101 0.0 
2457338.5 8.49254880133 0.0 7.07227085802 0.0 
2457343.5 5.11931201504 0.0 3.76344488973 0.0 
2457348.5 11.1286699249 0.0 9.66273803535 0.0 
2457353.5 6.90143407576 0.0 5.51376088749 0.0 
2457358.5 10.0336741432 0.0 8.5869916652 0.0 
2457363.5 5.55958942553 0.0 4.19440006267 0.0 
2457368.5 15.5158375855 0.0 13.9694557214 0.0 
2457373.5 9.72303262584 0.0 8.2868244849 0.0 
2457378.5 11.2756366105 0.0 9.81260618281 0.0 
2457383.5 12.2709214026 0.0 10.7897107735 0.0 
2457388.5 13.858072921 0.0 12.3468891756 0.0 
2457393.5 16.478482688 0.0 14.9186535445 0.0 
2457398.5 8.56612288469 0.0 7.14828845991 0.0 
2457403.5 12.5742660353 0.0 11.0846625706 0.0 
2457408.5 14.2223247407 0.0 12.7022926037 0.0 
2457413.5 12.6430377035 0.0 11.1516023722 0.0 
2457418.5 11.286359077 0.0 9.81771895656 0.0 
2457423.5 14.0837110079 0.0 12.56339947 0.0 
2457428.5 13.0138668503 0.0 11.5114939755 0.0 
2457433.5 6.15972303094 0.0 4.78326508384 0.0 
2457438.5 14.1448290277 0.0 12.6208946331 0.0 
2457443.5 14.2907696401 0.0 12.7618180436 0.0 
2457448.5 8.16556342679 0.0 6.74775675393 0.0 
2457453.5 8.58827389785 0.0 7.16423681876 0.0 
2457458.5 5.04039278934 0.0 3.68098452999 0.0 
2457463.5 9.73552393209 0.0 8.2897038077 0.0 
2457468.5 12.2525725822 0.0 10.7583285399 0.0 
2457473.5 10.8039669826 0.0 9.33408320914 0.0 
2457478.5 9.87831393314 0.0 8.42818521504 0.0 
2457483.5 15.9806000135 0.0 14.418967875 0.0 
2457488.5 13.4000921134 0.0 11.8887480796 0.0 
2457493.5 13.2067534641 0.0 11.6998374247 0.0 
2457498.5 13.410009366 0.0 11.898937669 0.0 
2457503.5 16.4034376798 0.0 14.8392042034 0.0 
2457508.5 15.007263934 0.0 13.4714581214 0.0 
2457513.5 5.07917118458 0.0 3.72932262371 0.0 
2457518.5 10.2427646742 0.0 8.79637551245 0.0 
2457523.5 15.1649734849 0.0 13.6268963869 0.0 
2457528.5 9.12948179527 0.0 7.70392188833 0.0 
2457533.5 7.1735898891 0.0 5.78765758354 0.0 
2457538.5 6.96458319643 0.0 5.58298335777 0.0 
2457543.5 11.3983557088 0.0 9.93250512006 0.0 
2457548.5 13.2456216642 0.0 11.748587914 0.0 
2457553.5 13.304680288 0.0 11.809328721 0.0 
2457558.5 7.49300654424 0.0 6.10695977258 0.0 
2457563.5 14.1293391176 0.0 12.6194262986 0.0 
2457568.5 7.46953570952 0.0 6.08302213025 0.0 
2457573.5 6.49193695032 0.0 5.12600712534 0.0 
2457578.5 8.93549299979 0.0 7.52683287405 0.0 
2457583.5 15.6961638553 0.0 14.1598943742 0.0 
2457588.5 8.68257701597 0.0 7.27906522352 0.0 
2457593.5 10.8139469842 0.0 9.36818045084 0.0 
2457598.5 8.8213713476 0.0 7.41219645055 0.0 
2457603.5 14.7411064076 0.0 13.2235888333 0.0 
2457608.5 16.3338738307 0.0 14.7893334474 0.0 
2457613.5 14.952253951 0.0 13.43323006 0.0 
2457618.5 13.0684790538 0.0 11.5855656525 0.0 
2457623.5 6.80635689514 0.0 5.44040481129 0.0 
2457628.5 10.9653230653 0.0 9.52556769948 0.0 
2457633.5 12.520008895 0.0 11.0530127268 0.0 
2457638.5 10.5868050973 0.0 9.15458117025 0.0 
2457643.5 12.7884789678 0.0 11.3162088568 0.0 
2457648.5 9.57339317587 0.0 8.15999512039 0.0 
2457653.5 10.2665861048 0.0 8.8400787527 0.0 
2457658.5 10.6925999639 0.0 9.25886302094 0.0 
2457663.5 16.4285697268 0.0 14.8881617358 0.0 
2457668.5 16.6887490721 0.0 15.1443303572 0.0 
2457673.5 18.1118692453 0.0 16.5408632023 0.0 
2457678.5 16.6425179714 0.0 15.09980173 0.0 
2457683.5 11.1692347539 0.0 9.7273350005 0.0 
2457688.5 13.4106451637 0.0 11.9259502362 0.0 
2457693.5 13.2901829769 0.0 11.8075577317 0.0 
2457698.5 8.06571540711 0.0 6.68016227316 0.0 
2457703.5 14.7354413874 0.0 13.226186779 0.0 
2457708.5 13.2787502252 0.0 11.7986092728 0.0 
2457713.5 15.677177157 0.0 14.1553963203 0.0 
2457718.5 9.85660605797 0.0 8.44602496231 0.0 
2457723.5 7.95624986195 0.0 6.58096267669 0.0 
2457728.5 14.9604913379 0.0 13.4543563764 0.0 
2457733.5 14.4377322133 0.0 12.9399854584 0.0 
2457738.5 17.8557176485 0.0 16.2967145388 0.0 
2457743.5 8.84437646545 0.0 7.4518571161 0.0 
2457748.5 7.72154886534 0.0 6.34975589123 0.0 
2457753.5 16.8390169143 0.0 15.2944415319 0.0 
2457758.5 14.4664473518 0.0 12.9643933335 0.0 
2457763.5 14.1348142235 0.0 12.6390656515 0.0 
2457768.5 15.0678590477 0.0 13.5527103609 0.0 
2457773.5 8.24648094877 0.0 6.85672713123 0.0 
2457778.5 15.7006774633 0.0 14.1740898753 0.0 
2457783.5 16.0014348534 0.0 14.4696029297 0.0 
2457788.5 7.2510495783 0.0 5.88063157439 0.0 
2457793.5 17.5713906645 0.0 16.0122414611 0.0 
2457798.5 12.8552922548 0.0 11.3818234422 0.0 
2457803.5 17.4427563269 0.0 15.8820307767 0.0 
2457808.5 16.2918200493 0.0 14.7498149483 0.0 
2457813.5 10.719259634 0.0 9.28343673932 0.0 
2457818.5 9.73795628387 0.0 8.32021562005 0.0 
2457823.5 13.1076180581 0.0 11.6275375386 0.0 
2457828.5 16.3156532128 0.0 14.7767203079 0.0 
2457833.5 8.76709440087 0.0 7.36845749813 0.0 
2457838.5 11.9526999918 0.0 10.4971025459 0.0 
2457843.5 9.38270463295 0.0 7.97464764133 0.0 
2457848.5 9.61508270754 0.0 8.20348444373 0.0 
2457853.5 10.9159486675 0.0 9.47857348922 0.0 
2457858.5 9.21940370653 0.0 7.81634201973 0.0 
2457863.5 15.8573579764 0.0 14.3341667046 0.0 
2457868.5 8.98890357924 0.0 7.59225221596 0.0 
2457873.5 13.8541341037 0.0 12.3668850509 0.0 
2457878.5 16.7058715123 0.0 15.1644388592 0.0 
2457883.5 13.9168770791 0.0 12.4245029085 0.0 
2457888.5 11.5019179967 0.0 10.0564466935 0.0 
2457893.5 7.4367373854 0.0 6.06953950078 0.0 
2457898.5 17.045393173 0.0 15.5031048337 0.0 
2457903.5 12.9955916343 0.0 11.5244631341 0.0 
2457908.5 10.6231685474 0.0 9.19410645057 0.0 
2457913.5 8.17648597374 0.0 6.79435072544 0.0 
2457918.5 13.0576527712 0.0 11.5861667902 0.0 
2457923.5 13.8725122896 0.0 12.3859347585 0.0 
2457928.5 16.5078298398 0.0 14.9707462109 0.0 
2457933.5 13.1239837954 0.0 11.650470386 0.0 
2457938.5 15.1534986939 0.0 13.645218876 0.0 
2457943.5 11.2083225116 0.0 9.77356753142 0.0 
2457948.5 10.3314425114 0.0 8.91094642406 0.0 
2457953.5 7.27033512754 0.0 5.90499031528 0.0 
2457958.5 8.63964532966 0.0 7.25178619319 0.0 
2457963.5 11.3691065121 0.0 9.93049699431 0.0 
2457968.5 15.9070342053 0.0 14.3857514409 0.0 
2457973.5 10.3938173389 0.0 8.97380601666 0.0 
2457978.5 10.1783490143 0.0 8.75925099352 0.0 
2457983.5 14.1394163453 0.0 12.6489172391 0.0 
2457988.5 8.32953135861 0.0 6.94542220774 0.0 
2457993.5 7.51470433874 0.0 6.1453972139 0.0 
2457998.5 6.19819884203 0.0 4.85129877777 0.0 
2458003.5 11.0008833612 0.0 9.56218921879 0.0 
2458008.5 10.2389637059 0.0 8.81435222884 0.0 
2458013.5 7.61236360992 0.0 6.23468523042 0.0 
2458018.5 8.22431638492 0.0 6.83485725785 0.0 
2458023.5 9.08828629031 0.0 7.68129871481 0.0 
2458028.5 12.2776435117 0.0 10.8102161084 0.0 
2458033.5 16.1872651553 0.0 14.6450163077 0.0 
2458038.5 13.3385283187 0.0 11.8461499627 0.0 
2458043.5 7.62191600923 0.0 6.23311118733 0.0 
2458048.5 8.4550558449 0.0 7.0524389982 0.0 
2458053.5 10.4099442905 0.0 8.96920654234 0.0 
2458058.5 15.5300836854 0.0 13.9961367963 0.0 
2458063.5 7.49658855326 0.0 6.11207366456 0.0 
2458068.5 16.3176761307 0.0 14.7711218812 0.0 
2458073.5 7.02328221551 0.0 5.64783317194 0.0 
2458078.5 16.2006186417 0.0 14.6548617081 0.0 
2458083.5 15.115320979 0.0 13.593375225 0.0 
2458088.5 12.2743160606 0.0 10.8058797518 0.0 
2458093.5 15.8957655495 0.0 14.3624661496 0.0 
2458098.5 11.3910149485 0.0 9.94180298835 0.0 
2458103.5 17.9581165022 0.0 16.3872390017 0.0 
2458108.5 16.2785706858 0.0 14.7394020877 0.0 
2458113.5 12.1554678658 0.0 10.6907409574 0.0 
2458118.5 6.76234738856 0.0 5.39599401339 0.0 
2458123.5 9.3126856684 0.0 7.9023015136 0.0 
2458128.5 13.4316711453 0.0 11.9443276417 0.0 
2458133.5 6.45104112764 0.0 5.09012241312 0.0 
2458138.5 9.56833726521 0.0 8.14940818543 0.0 
2458143.5 14.5185653386 0.0 13.0053860203 0.0 
2458148.5 8.03786057949 0.0 6.64230014511 0.0 
2458153.5 6.45454145231 0.0 5.09144968395 0.0 
2458158.5 9.0220621537 0.0 7.61093249362 0.0 
2458163.5 17.0893194097 0.0 15.5316132838 0.0 
2458168.5 10.6898375482 0.0 9.2487754204 0.0 
2458173.5 15.0518349074 0.0 13.5278328233 0.0 
2458178.5 12.4477704778 0.0 10.9719884855 0.0 
2458183.5 8.80531076902 0.0 7.39827366284 0.0 
2458188.5 7.50128986047 0.0 6.1184483802 0.0 
2458193.5 17.5805011464 0.0 16.0104220431 0.0 
2458198.5 12.0919094085 0.0 10.6222023421 0.0 
2458203.5 11.6809473326 0.0 10.2187776748 0.0 
2458208.5 9.51755604626 0.0 8.09634735197 0.0 
2458213.5 14.1864653729 0.0 12.6790572312 0.0 
2458218.5 7.56857944116 0.0 6.1836455708 0.0 
2458223.5 7.0727615462 0.0 5.69514531844 0.0 
2458228.5 14.978095156 0.0 13.4541004009 0.0 
2458233.5 9.42055086586 0.0 8.00167223708 0.0 
2458238.5 6.74342601786 0.0 5.37213064384 0.0 
2458243.5 12.2465638365 0.0 10.7721857116 0.0 
2458248.5 15.5689758572 0.0 14.0318320644 0.0 
2458253.5 9.91143165863 0.0 8.480807116 0.0 
2458258.5 12.5353573701 0.0 11.0574487899 0.0 
2458263.5 10.8956800758 0.0 9.44567370358 0.0 
2458268.5 10.6478424393 0.0 9.20255202675 0.0 
2458273.5 9.0255459074 0.0 7.60965447158 0.0 
2458278.5 8.74334715271 0.0 7.33383016697 0.0 
2458283.5 11.9649565675 0.0 10.4943251871 0.0 
2458288.5 11.9156737797 0.0 10.447595268 0.0 
2458293.5 16.9970337965 0.0 15.4333445157 0.0 
2458298.5 15.8653644594 0.0 14.325594979 0.0 
2458303.5 14.2421400446 0.0 12.7283820529 0.0 
2458308.5 11.8086398511 0.0 10.3380390326 0.0 
2458313.5 17.1602158032 0.0 15.591044461 0.0 
2458318.5 9.56484466296 0.0 8.13492838896 0.0 
2458323.5 6.58061438643 0.0 5.2017011106 0.0 
2458328.5 5.76499096595 0.0 4.40250688699 0.0 
2458333.5 8.95702184328 0.0 7.53422036231 0.0 
2458338.5 6.0055040664 0.0 4.63604025949 0.0 
2458343.5 6.24070641942 0.0 4.86686392099 0.0 
2458348.5 9.38918533017 0.0 7.9552653959 0.0 
2458353.5 16.397520002 0.0 14.8367137468 0.0 
2458358.5 7.22462127121 0.0 5.83144980995 0.0 
2458363.5 13.2517353883 0.0 11.7486172607 0.0 
2458368.5 13.4013799036 0.0 11.8949565626 0.0 
2458373.5 12.235593717 0.0 10.7511167394 0.0 
2458378.5 13.5308272384 0.0 12.022768609 0.0 
2458383.5 10.290897081 0.0 8.84287231234 0.0 
2458388.5 9.30039706421 0.0 7.86826261801 0.0 
2458393.5 12.0779272055 0.0 10.5949612126 0.0 
2458398.5 9.51721355985 0.0 8.08220592091 0.0 
2458403.5 10.4725676414 0.0 9.01889913797 0.0 
2458408.5 12.7104310335 0.0 11.2158841148 0.0 
2458413.5 11.6126008322 0.0 10.1395133521 0.0 
2458418.5 10.3420631042 0.0 8.89462597212 0.0 
2458423.5 10.7633771186 0.0 9.30831711164 0.0 
2458428.5 11.1731666634 0.0 9.71106274651 0.0 
2458433.5 6.67299644699 0.0 5.29455118317 0.0 
2458438.5 13.9663616389 0.0 12.4550744074 0.0 
2458443.5 6.36240071135 0.0 4.9949489794 0.0 
2458448.5 3.39045790596 0.0 2.07800228314 0.0 
2458453.5 16.7399516107 0.0 15.1797698821 0.0 
2458458.5 15.402911734 0.0 13.8674682571 0.0 
2458463.5 9.98868069467 0.0 8.55366355729 0.0 
2458468.5 13.9716053199 0.0 12.4614654269 0.0 
2458473.5 12.7656245759 0.0 11.2792741405 0.0 
2458478.5 6.15970123085 0.0 4.79600081841 0.0 
2458483.5 13.5963309117 0.0 12.0953235141 0.0 
2458488.5 9.98560453472 0.0 8.55068987881 0.0 
2458493.5 9.16065538717 0.0 7.74217976335 0.0 
2458498.5 15.5774806923 0.0 14.0370307907 0.0 
2458503.5 14.6988818912 0.0 13.1720046815 0.0 
2458508.5 8.14781246849 0.0 6.74278473275 0.0 
2458513.5 16.1874709553 0.0 14.6337450292 0.0 
2458518.5 11.1615327 0.0 9.70277561805 0.0 
2458523.5 13.296907764 0.0 11.7987498429 0.0 
2458528.5 13.4792372844 0.0 11.9755498306 0.0 
2458533.5 12.9813954992 0.0 11.4852751117 0.0 
2458538.5 15.0569439633 0.0 13.5254227307 0.0 
2458543.5 11.0644607079 0.0 9.6061835599 0.0 
2458548.5 16.2040744897 0.0 14.6474877417 0.0 
2458553.5 15.2939465303 0.0 13.7559866963 0.0 
2458558.5 16.6260034706 0.0 15.0637652117 0.0 
2458563.5 5.8263177476 0.0 4.4664938473 0.0 
2458568.5 10.0438168283 0.0 8.60498036084 0.0 
2458573.5 7.34709946958 0.0 5.96062105788 0.0 
2458578.5 14.4490046718 0.0 12.9284333835 0.0 
2458583.5 9.51135030113 0.0 8.08347457925 0.0 
2458588.5 10.7801730313 0.0 9.33187819796 0.0 
2458593.5 15.6574810234 0.0 14.1183076344 0.0 
2458598.5 9.89281042078 0.0 8.45882985807 0.0 
2458603.5 14.0693392224 0.0 12.5563007703 0.0 
2458608.5 16.042669736 0.0 14.4935360678 0.0 
2458613.5 6.74788002964 0.0 5.36861506003 0.0 
2458618.5 16.5948277339 0.0 15.0307013096 0.0 
2458623.5 10.143940292 0.0 8.70164599915 0.0 
2458628.5 12.9003639514 0.0 11.4068986946 0.0 
2458633.5 12.2070961304 0.0 10.7239106725 0.0 
2458638.5 16.2719148787 0.0 14.7128839664 0.0 
2458643.5 17.0673739479 0.0 15.4936256265 0.0 
2458648.5 13.8851438032 0.0 12.3689260201 0.0 
2458653.5 14.9232396641 0.0 13.3868209606 0.0 
2458658.5 12.1842614644 0.0 10.7023082851 0.0 
2458663.5 9.35328589655 0.0 7.92562628988 0.0 
2458668.5 10.9477200294 0.0 9.48999051665 0.0 
2458673.5 16.2034210543 0.0 14.6472703936 0.0 
2458678.5 12.9765617021 0.0 11.4798599255 0.0 
2458683.5 16.5552056722 0.0 14.9947512299 0.0 
2458688.5 7.70778874365 0.0 6.31266316783 0.0 
2458693.5 9.90909857055 0.0 8.47636563101 0.0 
2458698.5 8.17325320397 0.0 6.775379046 0.0 
2458703.5 15.6141796257 0.0 14.0753288028 0.0 
2458708.5 6.21114457417 0.0 4.84515933271 0.0 
2458713.5 10.0427211847 0.0 8.60520388996 0.0 
2458718.5 14.9829313817 0.0 13.4525305707 0.0 
2458723.5 13.2620950822 0.0 11.7615177314 0.0 
2458728.5 7.00136150086 0.0 5.61528528226 0.0 
2458733.5 15.4740604376 0.0 13.9295973866 0.0 
2458738.5 16.2818336926 0.0 14.7222589297 0.0 
2458743.5 8.97687952631 0.0 7.5548077854 0.0 
2458748.5 16.2383390429 0.0 14.6835124662 0.0 
2458753.5 16.4183647182 0.0 14.8614958722 0.0 
2458758.5 6.95870776969 0.0 5.5776878798 0.0 
2458763.5 5.87240810386 0.0 4.51178858532 0.0 
2458768.5 14.7386072547 0.0 13.2152121559 0.0 
2458773.5 13.2157560984 0.0 11.7228436565 0.0 
2458778.5 12.0052046048 0.0 10.5322033923 0.0 
2458783.5 7.90741346928 0.0 6.50807889869 0.0 
2458788.5 11.8021198632 0.0 10.3296506482 0.0 
2458793.5 16.5917209249 0.0 15.0310604446 0.0 
2458798.5 15.0581544004 0.0 13.5242611016 0.0 
2458803.5 14.6289962493 0.0 13.1018079908 0.0 
2458808.5 16.0184584879 0.0 14.4655636524 0.0 
2458813.5 16.0156246565 0.0 14.4614983525 0.0 
2458818.5 8.55854833847 0.0 7.14057046967 0.0 
2458823.5 9.67243862174 0.0 8.23380723857 0.0 
2458828.5 14.8308176425 0.0 13.2971412247 0.0 
2458833.5 9.26637924983 0.0 7.83571000216 0.0 
2458838.5 6.53637265901 0.0 5.15708010384 0.0 
2458843.5 11.5856128894 0.0 10.1145511696 0.0 
2458848.5 7.458413063 0.0 6.06436491848 0.0 
2458853.5 13.6332775838 0.0 12.1261639983 0.0 
2458858.5 15.3862949133 0.0 13.8446184323 0.0 
2458863.5 6.58289286909 0.0 5.2025928544 0.0 
2458868.5 13.2790961837 0.0 11.7761469001 0.0 
2458873.5 6.2531835305 0.0 4.88215759534 0.0 
2458878.5 5.9829358884 0.0 4.61458622304 0.0 
2458883.5 7.26207400519 0.0 5.86970798215 0.0 
2458888.5 4.61568229432 0.0 3.27321610752 0.0 
2458893.5 6.97638807222 0.0 5.58753043626 0.0 
2458898.5 14.8103035566 0.0 13.2735293134 0.0 
2458903.5 11.4063220172 0.0 9.93077403746 0.0 
2458908.5 6.33878879965 0.0 4.95910816767 0.0 
2458913.5 14.1726315398 0.0 12.6446912861 0.0 
2458918.5 11.3385984191 0.0 9.86230374115 0.0 
2458923.5 5.90346940069 0.0 4.52761484297 0.0 
2458928.5 9.8611012388 0.0 8.41151986814 0.0 
2458933.5 7.02993200927 0.0 5.6316994996 0.0 
2458938.5 6.44711227861 0.0 5.05773248892 0.0 
2458943.5 15.4562693653 0.0 13.9027632395 0.0 
2458948.5 13.5260178388 0.0 12.0080636208 0.0 
2458953.5 6.52002832646 0.0 5.13404056322 0.0 
2458958.5 11.5606686324 0.0 10.0814676495 0.0 
2458963.5 13.9662137233 0.0 12.4459580868 0.0 
2458968.5 8.32542566675 0.0 6.90991965424 0.0 
2458973.5 13.0456318426 0.0 11.5426595078 0.0 
2458978.5 13.2917345349 0.0 11.7841423667 0.0 
2458983.5 10.6372132394 0.0 9.17631715753 0.0 
2458988.5 9.37290562807 0.0 7.93310454666 0.0 
2458993.5 13.3493495668 0.0 11.8363639996 0.0 
2458998.5 13.8384807053 0.0 12.3172729318 0.0 
2459003.5 13.7551767242 0.0 12.2360653084 0.0 
2459008.5 11.3628657545 0.0 9.88984085748 0.0 
2459013.5 6.7500975799 0.0 5.36031783074 0.0 
2459018.5 9.11362307145 0.0 7.68300754268 0.0 
2459023.5 6.40934921863 0.0 5.02949162558 0.0 
2459028.5 14.333156371 0.0 12.8081690148 0.0 
2459033.5 14.9788327937 0.0 13.4402109305 0.0 
2459038.5 16.4223259222 0.0 14.8592942561 0.0 
2459043.5 10.9004068263 0.0 9.44197815198 0.0 
2459048.5 8.86655200455 0.0 7.44839150118 0.0 
2459053.5 6.54025701932 0.0 5.16585124101 0.0 
2459058.5 8.50208663039 0.0 7.0890799348 0.0 
2459063.5 13.8166172886 0.0 12.3065048284 0.0 
2459068.5 12.7647126666 0.0 11.2766097671 0.0 
2459073.5 17.0290436701 0.0 15.464572197 0.0 
2459078.5 6.27405862475 0.0 4.90690899324 0.0 
2459083.5 13.9566949226 0.0 12.4446613918 0.0 
