2457258.5 16.2278952631 0.0 14.8061632851 0.0 
2457263.5 15.6769731788 0.0 14.2655299472 0.0 
2457268.5 14.8259351921 0.0 13.4316414393 0.0 
2457273.5 19.4892970386 0.0 18.0076681974 0.0 
2457278.5 13.2978133832 0.0 11.9315264433 0.0 
2457283.5 17.7128079082 0.0 16.2667596156 0.0 
2457288.5 23.7939291338 0.0 22.2324612213 0.0 
2457293.5 12.4514739237 0.0 11.0975278546 0.0 
2457298.5 14.4666732056 0.0 13.0755471242 0.0 
2457303.5 14.7827343234 0.0 13.3838328598 0.0 
2457308.5 22.5245851342 0.0 20.9843672492 0.0 
2457313.5 16.1103722937 0.0 14.6898559073 0.0 
2457318.5 14.57239534 0.0 13.1810590261 0.0 
2457323.5 13.1332543781 0.0 11.7686869845 0.0 
2457328.5 11.4436091112 0.0 10.1102485875 0.0 
2457333.5 17.5201869644 0.0 16.0726137316 0.0 
2457338.5 22.2623932316 0.0 20.7251638356 0.0 
2457343.5 21.6860599984 0.0 20.1585118361 0.0 
2457348.5 22.5223738472 0.0 20.9775764801 0.0 
2457353.5 14.8084170928 0.0 13.4036767748 0.0 
2457358.5 21.121035918 0.0 19.6014647989 0.0 
2457363.5 14.8954715499 0.0 13.4945080686 0.0 
2457368.5 22.1418663989 0.0 20.6099515803 0.0 
2457373.5 22.7886302255 0.0 21.2443597502 0.0 
2457378.5 21.9117433598 0.0 20.3848517252 0.0 
2457383.5 13.4067868931 0.0 12.0381912376 0.0 
2457388.5 20.2739925881 0.0 18.7797317189 0.0 
2457393.5 19.6174662506 0.0 18.1358045836 0.0 
2457398.5 22.7252796295 0.0 21.1859644949 0.0 
2457403.5 12.9973732227 0.0 11.6365916532 0.0 
2457408.5 13.1552963026 0.0 11.7898395185 0.0 
2457413.5 18.3424447389 0.0 16.8798730137 0.0 
2457418.5 22.9162088603 0.0 21.3696760199 0.0 
2457423.5 13.7810158729 0.0 12.4069588206 0.0 
2457428.5 15.1139425158 0.0 13.7142589998 0.0 
2457433.5 15.9639107722 0.0 14.5479340573 0.0 
2457438.5 15.0248862602 0.0 13.6273743832 0.0 
2457443.5 18.8640103575 0.0 17.3919254804 0.0 
2457448.5 19.8662762912 0.0 18.3729926536 0.0 
2457453.5 15.8338754102 0.0 14.4131393956 0.0 
2457458.5 23.488353451 0.0 21.9291486269 0.0 
2457463.5 24.4304959094 0.0 22.8538237892 0.0 
2457468.5 15.2466678384 0.0 13.8398683783 0.0 
2457473.5 21.4330941716 0.0 19.9097338253 0.0 
2457478.5 16.9129345229 0.0 15.4726151254 0.0 
2457483.5 16.8300027082 0.0 15.3909881781 0.0 
2457488.5 19.6288689631 0.0 18.1361312664 0.0 
2457493.5 18.2975732141 0.0 16.8296852686 0.0 
2457498.5 20.3434649375 0.0 18.8335893765 0.0 
2457503.5 21.6297063193 0.0 20.0980735267 0.0 
2457508.5 12.9217579536 0.0 11.5535596875 0.0 
2457513.5 18.2706222986 0.0 16.8049856442 0.0 
2457518.5 17.8595142481 0.0 16.4015312739 0.0 
2457523.5 16.5471594799 0.0 15.1106998282 0.0 
2457528.5 12.7175048925 0.0 11.350423795 0.0 
2457533.5 16.6787436645 0.0 15.2389808896 0.0 
2457538.5 17.4999457145 0.0 16.042771857 0.0 
2457543.5 17.5547180318 0.0 16.0950611622 0.0 
2457548.5 23.5449251578 0.0 21.9770968275 0.0 
2457553.5 13.2060785668 0.0 11.8323054581 0.0 
2457558.5 17.9312891031 0.0 16.4715198437 0.0 
2457563.5 23.6642622312 0.0 22.0987491395 0.0 
2457568.5 12.2468716548 0.0 10.8951619272 0.0 
2457573.5 19.6877487075 0.0 18.1955608188 0.0 
2457578.5 17.2752495794 0.0 15.8266624637 0.0 
2457583.5 16.1285867207 0.0 14.7017134318 0.0 
2457588.5 18.5903439779 0.0 17.114944857 0.0 
2457593.5 15.2877647441 0.0 13.875527872 0.0 
2457598.5 18.5133298283 0.0 17.0424820147 0.0 
2457603.5 20.2253690177 0.0 18.7245989777 0.0 
2457608.5 22.1965518476 0.0 20.6580781991 0.0 
2457613.5 22.6198121398 0.0 21.0733718338 0.0 
2457618.5 16.2377186391 0.0 14.8083333664 0.0 
2457623.5 14.4907706998 0.0 13.0965201797 0.0 
2457628.5 23.6983052339 0.0 22.1365155804 0.0 
2457633.5 17.3383010684 0.0 15.8932729779 0.0 
2457638.5 13.7453250889 0.0 12.3640889196 0.0 
2457643.5 18.2692313495 0.0 16.8043819037 0.0 
2457648.5 16.0293462305 0.0 14.6052645832 0.0 
2457653.5 17.5743881153 0.0 16.1202109028 0.0 
2457658.5 18.3210504634 0.0 16.852843721 0.0 
2457663.5 19.2528623986 0.0 17.7664227611 0.0 
2457668.5 19.9198761632 0.0 18.4204549138 0.0 
2457673.5 15.892163902 0.0 14.468574231 0.0 
2457678.5 13.5236262608 0.0 12.1462767964 0.0 
2457683.5 16.3606649393 0.0 14.9324969577 0.0 
2457688.5 21.8308875779 0.0 20.301721296 0.0 
2457693.5 13.6808347199 0.0 12.3000238727 0.0 
2457698.5 16.8984103776 0.0 15.4574799223 0.0 
2457703.5 20.016204531 0.0 18.5156061193 0.0 
2457708.5 16.9797710592 0.0 15.5353144678 0.0 
2457713.5 18.175665752 0.0 16.7083084978 0.0 
2457718.5 22.0265978091 0.0 20.4866514701 0.0 
2457723.5 19.7782266664 0.0 18.2776032329 0.0 
2457728.5 16.5977003409 0.0 15.1541146716 0.0 
2457733.5 19.8307906996 0.0 18.3248390121 0.0 
2457738.5 10.4178216663 0.0 9.0857466605 0.0 
2457743.5 22.5896114853 0.0 21.0323437043 0.0 
2457748.5 21.8788413188 0.0 20.3345503868 0.0 
2457753.5 17.9086219843 0.0 16.4389271326 0.0 
2457758.5 15.9730920266 0.0 14.5416153834 0.0 
2457763.5 14.0814722758 0.0 12.6852780666 0.0 
2457768.5 12.2550209457 0.0 10.8940274212 0.0 
2457773.5 12.7804033335 0.0 11.4100333339 0.0 
2457778.5 13.118886798 0.0 11.7419299146 0.0 
2457783.5 14.7414760013 0.0 13.3333915408 0.0 
2457788.5 14.0863708316 0.0 12.6920578798 0.0 
2457793.5 20.0320340015 0.0 18.5273905397 0.0 
2457798.5 16.0861439825 0.0 14.6530570944 0.0 
2457803.5 16.5689531873 0.0 15.126000297 0.0 
2457808.5 15.5926772697 0.0 14.1678358093 0.0 
2457813.5 17.6982137665 0.0 16.236036132 0.0 
2457818.5 22.2806245177 0.0 20.7322467229 0.0 
2457823.5 23.1944014406 0.0 21.6343239712 0.0 
2457828.5 21.4655828987 0.0 19.9403056933 0.0 
2457833.5 15.2146919913 0.0 13.8053660469 0.0 
2457838.5 13.3609828144 0.0 11.9860594374 0.0 
2457843.5 15.0681425928 0.0 13.6596023461 0.0 
2457848.5 20.1249396246 0.0 18.6256360255 0.0 
2457853.5 20.9479279722 0.0 19.4331620039 0.0 
2457858.5 17.6085720822 0.0 16.1582539263 0.0 
2457863.5 19.6601411714 0.0 18.170240358 0.0 
2457868.5 19.3453702005 0.0 17.8636023158 0.0 
2457873.5 11.9102046823 0.0 10.5662616112 0.0 
2457878.5 13.0412765664 0.0 11.6758591376 0.0 
2457883.5 17.3118855738 0.0 15.8702857553 0.0 
2457888.5 17.5603943973 0.0 16.1126767788 0.0 
2457893.5 20.5056750304 0.0 19.001239692 0.0 
2457898.5 23.2235228702 0.0 21.667192766 0.0 
2457903.5 18.7389047443 0.0 17.2672384887 0.0 
2457908.5 12.85251683 0.0 11.4915727553 0.0 
2457913.5 15.0469780924 0.0 13.6464756595 0.0 
2457918.5 14.0335992116 0.0 12.6518727362 0.0 
2457923.5 20.8226641701 0.0 19.3184486314 0.0 
2457928.5 16.799889873 0.0 15.3696430086 0.0 
2457933.5 19.8956835782 0.0 18.4105552455 0.0 
2457938.5 13.1640062475 0.0 11.8041399295 0.0 
2457943.5 12.4822229977 0.0 11.135288614 0.0 
2457948.5 17.2525561573 0.0 15.8181581882 0.0 
2457953.5 21.9363113226 0.0 20.4148803392 0.0 
2457958.5 23.1553814786 0.0 21.6115627889 0.0 
2457963.5 22.7635325773 0.0 21.228907351 0.0 
2457968.5 17.9512314655 0.0 16.5034324 0.0 
2457973.5 22.532082199 0.0 21.0026472093 0.0 
2457978.5 23.2685455776 0.0 21.7253919562 0.0 
2457983.5 20.6180423696 0.0 19.1271846762 0.0 
2457988.5 18.7792762569 0.0 17.3222188063 0.0 
2457993.5 23.5014834636 0.0 21.955588257 0.0 
2457998.5 22.0270085817 0.0 20.507643936 0.0 
2458003.5 17.6250423194 0.0 16.189269069 0.0 
2458008.5 22.710633093 0.0 21.180583794 0.0 
2458013.5 23.6396053201 0.0 22.0911789962 0.0 
2458018.5 13.5120086965 0.0 12.1534231426 0.0 
2458023.5 17.2886424141 0.0 15.8586898931 0.0 
2458028.5 26.1846175451 0.0 24.5923456542 0.0 
2458033.5 18.360641182 0.0 16.9103775012 0.0 
2458038.5 13.5397254098 0.0 12.1820200685 0.0 
2458043.5 17.5625442513 0.0 16.1317545088 0.0 
2458048.5 17.4598591716 0.0 16.0318296487 0.0 
2458053.5 23.7101184534 0.0 22.1691354118 0.0 
2458058.5 20.9107501614 0.0 19.4246188047 0.0 
2458063.5 21.4247010506 0.0 19.9294475199 0.0 
2458068.5 13.5110268913 0.0 12.1615433583 0.0 
2458073.5 15.36158832 0.0 13.9768854502 0.0 
2458078.5 22.787925952 0.0 21.2659436603 0.0 
2458083.5 18.4263493404 0.0 16.987795569 0.0 
2458088.5 15.7143326036 0.0 14.3250770483 0.0 
2458093.5 17.5261670056 0.0 16.1015125477 0.0 
2458098.5 23.4483996301 0.0 21.9166516332 0.0 
2458103.5 23.3814887783 0.0 21.8497988611 0.0 
2458108.5 20.496083093 0.0 19.0179890732 0.0 
2458113.5 22.2724954507 0.0 20.7631023473 0.0 
2458118.5 20.3387899355 0.0 18.8639771801 0.0 
2458123.5 21.6313436797 0.0 20.1318897974 0.0 
2458128.5 19.2865540529 0.0 17.8315208956 0.0 
2458133.5 19.3923670333 0.0 17.9390475088 0.0 
2458138.5 18.6828616459 0.0 17.2428476773 0.0 
2458143.5 17.759742738 0.0 16.336960142 0.0 
2458148.5 21.9958593551 0.0 20.4949166057 0.0 
2458153.5 23.7308790354 0.0 22.1950594682 0.0 
2458158.5 23.0596446898 0.0 21.5363766817 0.0 
2458163.5 18.6358958028 0.0 17.1971735253 0.0 
2458168.5 18.6795121333 0.0 17.2429719158 0.0 
2458173.5 15.5601987609 0.0 14.1845327371 0.0 
2458178.5 20.9836722878 0.0 19.5106956278 0.0 
2458183.5 20.023512046 0.0 18.5659559439 0.0 
2458188.5 16.2794476942 0.0 14.8923186982 0.0 
2458193.5 19.9218738162 0.0 18.4654033704 0.0 
2458198.5 24.5324630415 0.0 22.9890659272 0.0 
2458203.5 17.3273002888 0.0 15.9157376745 0.0 
2458208.5 25.0578749401 0.0 23.5019475554 0.0 
2458213.5 16.6304776525 0.0 15.2327293885 0.0 
2458218.5 15.2247190167 0.0 13.8544901448 0.0 
2458223.5 14.6656283493 0.0 13.3073445199 0.0 
2458228.5 18.9692460374 0.0 17.5322067845 0.0 
2458233.5 24.9829634462 0.0 23.4361967128 0.0 
2458238.5 24.9666195759 0.0 23.420099877 0.0 
2458243.5 23.1268238142 0.0 21.6137929783 0.0 
2458248.5 21.4529214908 0.0 19.9714809862 0.0 
2458253.5 19.8691993378 0.0 18.4165745682 0.0 
2458258.5 25.0469666416 0.0 23.4999890108 0.0 
2458263.5 17.3781693202 0.0 15.9755704363 0.0 
2458268.5 17.4494480568 0.0 16.0455424314 0.0 
2458273.5 15.8262854433 0.0 14.4546962648 0.0 
2458278.5 19.2780499289 0.0 17.8421993969 0.0 
2458283.5 19.3401113517 0.0 17.9014593468 0.0 
2458288.5 21.0648714537 0.0 19.5919921699 0.0 
2458293.5 18.8681651418 0.0 17.4362315083 0.0 
2458298.5 21.2640919997 0.0 19.7883430731 0.0 
2458303.5 23.1902873134 0.0 21.6781766378 0.0 
2458308.5 17.6026996131 0.0 16.1954046349 0.0 
2458313.5 19.7867815837 0.0 18.3365581496 0.0 
2458318.5 24.3478957589 0.0 22.8127629754 0.0 
2458323.5 24.4995309717 0.0 22.9592238748 0.0 
2458328.5 18.2356838063 0.0 16.811821264 0.0 
2458333.5 16.008253036 0.0 14.627992251 0.0 
2458338.5 19.4976590901 0.0 18.0521387417 0.0 
2458343.5 14.3076856928 0.0 12.9568374314 0.0 
2458348.5 25.1157795273 0.0 23.569686928 0.0 
2458353.5 20.1231460435 0.0 18.6681376142 0.0 
2458358.5 25.144752321 0.0 23.5981904081 0.0 
2458363.5 18.062056151 0.0 16.6461194173 0.0 
2458368.5 16.7079535157 0.0 15.3170181588 0.0 
2458373.5 24.5619788623 0.0 23.0268792315 0.0 
2458378.5 17.8308452386 0.0 16.4209903836 0.0 
2458383.5 18.8649011847 0.0 17.4386760312 0.0 
2458388.5 24.0912798348 0.0 22.5693725306 0.0 
2458393.5 24.0172211677 0.0 22.4967011214 0.0 
2458398.5 23.5498529269 0.0 22.0360482961 0.0 
2458403.5 17.0482147558 0.0 15.6576682397 0.0 
2458408.5 22.3784284725 0.0 20.8864632412 0.0 
2458413.5 23.7482996228 0.0 22.2329051357 0.0 
2458418.5 23.8487081783 0.0 22.3285067036 0.0 
2458423.5 25.0155899747 0.0 23.474498206 0.0 
2458428.5 15.9251935014 0.0 14.5520256795 0.0 
2458433.5 23.5637420595 0.0 22.0505720479 0.0 
2458438.5 23.0585335815 0.0 21.5550787945 0.0 
2458443.5 21.3933436452 0.0 19.920088977 0.0 
2458448.5 22.9741244532 0.0 21.469021691 0.0 
2458453.5 16.7305541387 0.0 15.3419809798 0.0 
2458458.5 17.0368020612 0.0 15.6421078622 0.0 
2458463.5 21.3569618365 0.0 19.8847595125 0.0 
2458468.5 17.9959658221 0.0 16.5869808445 0.0 
2458473.5 18.540811677 0.0 17.1209939678 0.0 
2458478.5 21.5880054823 0.0 20.1146557824 0.0 
2458483.5 24.4278998066 0.0 22.9039835566 0.0 
2458488.5 26.3824706437 0.0 24.8230736024 0.0 
2458493.5 20.7971491433 0.0 19.3417438285 0.0 
2458498.5 20.7546870619 0.0 19.298625776 0.0 
2458503.5 21.5491340129 0.0 20.0798342674 0.0 
2458508.5 20.4523868412 0.0 19.0012063721 0.0 
2458513.5 23.9267661846 0.0 22.4138941304 0.0 
2458518.5 21.3130065915 0.0 19.8494125606 0.0 
2458523.5 22.568923447 0.0 21.0846089107 0.0 
2458528.5 24.0623918178 0.0 22.5486388251 0.0 
2458533.5 19.0821247626 0.0 17.6636128616 0.0 
2458538.5 22.0856238485 0.0 20.6113230653 0.0 
2458543.5 21.8761963746 0.0 20.4034662481 0.0 
2458548.5 27.0225601569 0.0 25.4535838415 0.0 
2458553.5 20.0179637448 0.0 18.5792022873 0.0 
2458558.5 18.0206730523 0.0 16.6184426029 0.0 
2458563.5 23.3499242049 0.0 21.8496747866 0.0 
2458568.5 17.8835132381 0.0 16.4829153286 0.0 
2458573.5 24.697401919 0.0 23.1721210205 0.0 
2458578.5 22.6420718828 0.0 21.1538239355 0.0 
2458583.5 15.8404481494 0.0 14.4778355785 0.0 
2458588.5 16.5519175546 0.0 15.176131483 0.0 
2458593.5 21.395624342 0.0 19.9287670743 0.0 
2458598.5 24.2207292232 0.0 22.6999409624 0.0 
2458603.5 16.5307808033 0.0 15.1517317621 0.0 
2458608.5 16.6939235001 0.0 15.3125616938 0.0 
2458613.5 15.7699347652 0.0 14.4030794032 0.0 
2458618.5 17.3203336273 0.0 15.9248397112 0.0 
2458623.5 19.2473050436 0.0 17.8165797541 0.0 
2458628.5 19.4142770157 0.0 17.9809141933 0.0 
2458633.5 17.8393439554 0.0 16.4371401749 0.0 
2458638.5 20.8043324589 0.0 19.3466477105 0.0 
2458643.5 20.1107112499 0.0 18.667637834 0.0 
2458648.5 24.6984154823 0.0 23.1702586755 0.0 
2458653.5 22.6427542195 0.0 21.1554305478 0.0 
2458658.5 16.7135082852 0.0 15.3357406207 0.0 
2458663.5 17.3905719345 0.0 16.0001772051 0.0 
2458668.5 22.2680019562 0.0 20.7867099726 0.0 
2458673.5 18.4559977262 0.0 17.0442737255 0.0 
2458678.5 24.4182585687 0.0 22.8961564822 0.0 
2458683.5 23.691573694 0.0 22.1817195673 0.0 
2458688.5 26.5514053218 0.0 24.9886549076 0.0 
2458693.5 20.2724545795 0.0 18.8255009045 0.0 
2458698.5 16.4098443636 0.0 15.0315737166 0.0 
2458703.5 15.6624996632 0.0 14.2978219612 0.0 
2458708.5 20.4200003718 0.0 18.9659669627 0.0 
2458713.5 16.0953023093 0.0 14.7239516857 0.0 
2458718.5 23.5094793612 0.0 21.9987793683 0.0 
2458723.5 24.478022191 0.0 22.9473406536 0.0 
2458728.5 20.9339355488 0.0 19.470973378 0.0 
2458733.5 25.231789303 0.0 23.6869544227 0.0 
2458738.5 26.2598328962 0.0 24.6977815862 0.0 
2458743.5 22.2830223421 0.0 20.7925141874 0.0 
2458748.5 18.9922656457 0.0 17.5650335407 0.0 
2458753.5 25.076402439 0.0 23.5375343915 0.0 
2458758.5 24.8621985407 0.0 23.3245545048 0.0 
2458763.5 19.3132323271 0.0 17.8773290089 0.0 
2458768.5 24.8118737047 0.0 23.2768488663 0.0 
2458773.5 18.9071728625 0.0 17.4796998659 0.0 
2458778.5 21.240053022 0.0 19.7688229978 0.0 
2458783.5 22.9789880626 0.0 21.4714659508 0.0 
2458788.5 21.217167839 0.0 19.7397881886 0.0 
2458793.5 15.8970177052 0.0 14.5195776626 0.0 
2458798.5 19.8883694023 0.0 18.4396726417 0.0 
2458803.5 14.9545151439 0.0 13.5999816237 0.0 
2458808.5 15.1000555249 0.0 13.7441722494 0.0 
2458813.5 20.9259424405 0.0 19.4648053467 0.0 
2458818.5 23.5917948813 0.0 22.0809860326 0.0 
2458823.5 22.7940542811 0.0 21.2978650069 0.0 
2458828.5 24.6970166351 0.0 23.1670855108 0.0 
2458833.5 24.5545987199 0.0 23.0289043217 0.0 
2458838.5 18.1352337585 0.0 16.7281398257 0.0 
2458843.5 22.8934954647 0.0 21.4001043529 0.0 
2458848.5 21.4798514396 0.0 20.0123697426 0.0 
2458853.5 22.6112183736 0.0 21.1207795384 0.0 
2458858.5 22.3925369955 0.0 20.9088497184 0.0 
2458863.5 22.7408384686 0.0 21.2507403766 0.0 
2458868.5 19.7298701109 0.0 18.2979911108 0.0 
2458873.5 17.1494198919 0.0 15.7675880734 0.0 
2458878.5 16.6663248834 0.0 15.2934840494 0.0 
2458883.5 21.9203261289 0.0 20.4485107663 0.0 
2458888.5 23.9254776388 0.0 22.4160526305 0.0 
2458893.5 24.1874733075 0.0 22.6746000852 0.0 
2458898.5 19.0276020773 0.0 17.6101709556 0.0 
2458903.5 19.868225717 0.0 18.4372219783 0.0 
2458908.5 19.1059193517 0.0 17.6916987356 0.0 
2458913.5 26.8735151769 0.0 25.3156774825 0.0 
2458918.5 26.6577114904 0.0 25.1070227685 0.0 
2458923.5 20.097460498 0.0 18.6683162539 0.0 
2458928.5 24.8798272155 0.0 23.3606934755 0.0 
2458933.5 17.6656028381 0.0 16.2782686398 0.0 
2458938.5 16.2819192565 0.0 14.9207286781 0.0 
2458943.5 19.2782710772 0.0 17.8603779002 0.0 
2458948.5 22.5614280617 0.0 21.081791072 0.0 
2458953.5 20.8297099257 0.0 19.3815609022 0.0 
2458958.5 21.031074176 0.0 19.5791872829 0.0 
2458963.5 17.5429711295 0.0 16.154454473 0.0 
2458968.5 17.9183153765 0.0 16.5238395259 0.0 
2458973.5 21.0884792193 0.0 19.6371527746 0.0 
2458978.5 17.330176769 0.0 15.9516482931 0.0 
2458983.5 23.4406335426 0.0 21.9510930381 0.0 
2458988.5 22.8320740188 0.0 21.3518000529 0.0 
2458993.5 28.5028607482 0.0 26.9179676076 0.0 
2458998.5 18.538447791 0.0 17.135467355 0.0 
2459003.5 21.0039118291 0.0 19.5555882573 0.0 
2459008.5 17.4930345925 0.0 16.1079094144 0.0 
2459013.5 22.7362497956 0.0 21.2567226486 0.0 
2459018.5 24.1577344821 0.0 22.6520146028 0.0 
2459023.5 19.913046963 0.0 18.4890044393 0.0 
2459028.5 18.4383891545 0.0 17.0418481737 0.0 
2459033.5 19.6790107145 0.0 18.2577338326 0.0 
2459038.5 21.2905668982 0.0 19.839857924 0.0 
2459043.5 17.4963115121 0.0 16.1180226381 0.0 
2459048.5 27.3878140814 0.0 25.8288697975 0.0 
2459053.5 19.5341357711 0.0 18.1203342165 0.0 
2459058.5 26.1317338789 0.0 24.5987949076 0.0 
2459063.5 20.056018357 0.0 18.6327131529 0.0 
2459068.5 22.9067130706 0.0 21.4336083992 0.0 
2459073.5 18.4457359198 0.0 17.0564985919 0.0 
2459078.5 17.3412406497 0.0 15.9722149524 0.0 
2459083.5 22.6413029112 0.0 21.1773183537 0.0 
