2457258.5 15.1361992906 0.0 13.6070380249 0.0 
2457263.5 15.5485961422 0.0 14.0113354143 0.0 
2457268.5 15.6252205618 0.0 14.0857817431 0.0 
2457273.5 5.57217311513 0.0 4.22077742545 0.0 
2457278.5 12.8902107263 0.0 11.4013611442 0.0 
2457283.5 5.51122052995 0.0 4.15876260924 0.0 
2457288.5 14.1256545032 0.0 12.6153596167 0.0 
2457293.5 16.7100248335 0.0 15.1513018357 0.0 
2457298.5 7.34080079882 0.0 5.95783016362 0.0 
2457303.5 9.07286456554 0.0 7.66051739917 0.0 
2457308.5 15.9616543909 0.0 14.4204209839 0.0 
2457313.5 6.63702604491 0.0 5.26828539308 0.0 
2457318.5 9.30059373577 0.0 7.87955446677 0.0 
2457323.5 7.39020093726 0.0 6.00255699421 0.0 
2457328.5 7.47508699909 0.0 6.08873222645 0.0 
2457333.5 7.02023771512 0.0 5.64157723551 0.0 
2457338.5 10.2205001435 0.0 8.7839833163 0.0 
2457343.5 13.6289432232 0.0 12.127616954 0.0 
2457348.5 11.2212845814 0.0 9.76389380616 0.0 
2457353.5 7.74023955772 0.0 6.3461718995 0.0 
2457358.5 13.0011692849 0.0 11.5077236152 0.0 
2457363.5 14.2197561022 0.0 12.7056449432 0.0 
2457368.5 8.20226785784 0.0 6.80113547934 0.0 
2457373.5 8.39705218406 0.0 6.99472231377 0.0 
2457378.5 12.1373113542 0.0 10.6667863007 0.0 
2457383.5 9.06646889663 0.0 7.6560792767 0.0 
2457388.5 15.7893560256 0.0 14.2541026955 0.0 
2457393.5 10.6467992706 0.0 9.20580724868 0.0 
2457398.5 13.2549190163 0.0 11.7631815358 0.0 
2457403.5 9.92666638671 0.0 8.49914362953 0.0 
2457408.5 8.86675423253 0.0 7.45820931967 0.0 
2457413.5 8.85884577785 0.0 7.45040813488 0.0 
2457418.5 10.5060741671 0.0 9.07098901845 0.0 
2457423.5 13.9758623698 0.0 12.4794729116 0.0 
2457428.5 11.4442741025 0.0 9.99784044834 0.0 
2457433.5 17.1098445251 0.0 15.5589179345 0.0 
2457438.5 11.0764437825 0.0 9.63656762979 0.0 
2457443.5 15.8766494642 0.0 14.349470214 0.0 
2457448.5 9.58668808608 0.0 8.17340702345 0.0 
2457453.5 14.5179606257 0.0 13.0150882603 0.0 
2457458.5 14.666253324 0.0 13.1624163251 0.0 
2457463.5 14.8249025614 0.0 13.3174048568 0.0 
2457468.5 6.80086001172 0.0 5.44405815218 0.0 
2457473.5 9.98609214747 0.0 8.56822139726 0.0 
2457478.5 15.3356021784 0.0 13.8201935162 0.0 
2457483.5 12.0814053577 0.0 10.6253389468 0.0 
2457488.5 7.3599048383 0.0 5.99077909507 0.0 
2457493.5 16.2289379943 0.0 14.6941678095 0.0 
2457498.5 14.5631726318 0.0 13.0610759968 0.0 
2457503.5 17.1256362723 0.0 15.5788483802 0.0 
2457508.5 12.6957626169 0.0 11.2324522083 0.0 
2457513.5 15.9867104436 0.0 14.4632618446 0.0 
2457518.5 15.3649251268 0.0 13.8527273345 0.0 
2457523.5 17.8360890231 0.0 16.2786743242 0.0 
2457528.5 8.47152852052 0.0 7.08655527753 0.0 
2457533.5 6.98150321789 0.0 5.62672093091 0.0 
2457538.5 12.4864984801 0.0 11.0281638846 0.0 
2457543.5 9.51925615438 0.0 8.1133180289 0.0 
2457548.5 7.83412257035 0.0 6.45905952622 0.0 
2457553.5 7.42270970117 0.0 6.05443491834 0.0 
2457558.5 5.87159825857 0.0 4.53216733261 0.0 
2457563.5 17.2851198919 0.0 15.7375347111 0.0 
2457568.5 13.189037697 0.0 11.7200911428 0.0 
2457573.5 13.8990817692 0.0 12.4144729904 0.0 
2457578.5 10.9619371697 0.0 9.5331521652 0.0 
2457583.5 12.3710778513 0.0 10.9165624457 0.0 
2457588.5 17.0678857633 0.0 15.5256074931 0.0 
2457593.5 7.90913004436 0.0 6.53445330154 0.0 
2457598.5 15.9309356476 0.0 14.4067729282 0.0 
2457603.5 17.5393503534 0.0 15.98320869 0.0 
2457608.5 13.6874382191 0.0 12.2008113487 0.0 
2457613.5 15.356227316 0.0 13.8369772527 0.0 
2457618.5 11.4210257516 0.0 9.97561662056 0.0 
2457623.5 16.4628013415 0.0 14.9219728355 0.0 
2457628.5 15.1981879635 0.0 13.6820041098 0.0 
2457633.5 14.2558054967 0.0 12.7563277442 0.0 
2457638.5 13.413002519 0.0 11.9296082361 0.0 
2457643.5 6.34080306559 0.0 4.98713776993 0.0 
2457648.5 7.07440220061 0.0 5.70863281577 0.0 
2457653.5 15.7026591324 0.0 14.1771772929 0.0 
2457658.5 13.8669469385 0.0 12.3724816317 0.0 
2457663.5 12.5249502504 0.0 11.0549377015 0.0 
2457668.5 8.19197590255 0.0 6.80046204739 0.0 
2457673.5 14.7227491536 0.0 13.2121734471 0.0 
2457678.5 11.5068837626 0.0 10.0583431913 0.0 
2457683.5 13.4539979231 0.0 11.9718768465 0.0 
2457688.5 14.8135823704 0.0 13.307568129 0.0 
2457693.5 12.9961377894 0.0 11.5209453907 0.0 
2457698.5 13.5640943808 0.0 12.0812591662 0.0 
2457703.5 17.0990132706 0.0 15.5482326949 0.0 
2457708.5 13.2004605365 0.0 11.7243019802 0.0 
2457713.5 15.2020578249 0.0 13.6880752927 0.0 
2457718.5 13.5857499025 0.0 12.099729449 0.0 
2457723.5 11.5383066095 0.0 10.0886049582 0.0 
2457728.5 17.7667568302 0.0 16.2003732701 0.0 
2457733.5 11.3862276794 0.0 9.94109418955 0.0 
2457738.5 6.89877664634 0.0 5.53451889839 0.0 
2457743.5 15.0039141773 0.0 13.4890462865 0.0 
2457748.5 11.019576156 0.0 9.58058457715 0.0 
2457753.5 10.2354467753 0.0 8.81334975992 0.0 
2457758.5 17.4738854301 0.0 15.9185903034 0.0 
2457763.5 7.40808752443 0.0 6.0388199801 0.0 
2457768.5 8.80684767421 0.0 7.41187905657 0.0 
2457773.5 5.73972778049 0.0 4.4038584849 0.0 
2457778.5 8.20930116525 0.0 6.82630111593 0.0 
2457783.5 10.8978524511 0.0 9.46490085212 0.0 
2457788.5 9.53091904449 0.0 8.12317240239 0.0 
2457793.5 12.2370900657 0.0 10.7766479236 0.0 
2457798.5 17.6677847553 0.0 16.1050037932 0.0 
2457803.5 11.9064812573 0.0 10.4477333389 0.0 
2457808.5 17.9243869927 0.0 16.3562107646 0.0 
2457813.5 6.35548631915 0.0 4.99938347691 0.0 
2457818.5 15.0228923426 0.0 13.5082942576 0.0 
2457823.5 10.1392731236 0.0 8.71394509575 0.0 
2457828.5 11.514309997 0.0 10.0658568059 0.0 
2457833.5 10.6219604919 0.0 9.19263286988 0.0 
2457838.5 13.0827671718 0.0 11.6066696723 0.0 
2457843.5 13.7577191027 0.0 12.2700908664 0.0 
2457848.5 12.3260286118 0.0 10.8636011642 0.0 
2457853.5 9.44557010109 0.0 8.03409567343 0.0 
2457858.5 16.9458698586 0.0 15.3985525515 0.0 
2457863.5 9.92976296809 0.0 8.51266050783 0.0 
2457868.5 8.3364396777 0.0 6.94923542465 0.0 
2457873.5 7.49794881162 0.0 6.12389249872 0.0 
2457878.5 11.4725236664 0.0 10.022996027 0.0 
2457883.5 9.29332861764 0.0 7.88274173647 0.0 
2457888.5 10.3087294108 0.0 8.876512684 0.0 
2457893.5 12.9582443266 0.0 11.479002763 0.0 
2457898.5 11.8595097824 0.0 10.4006558336 0.0 
2457903.5 10.7997804213 0.0 9.35952904353 0.0 
2457908.5 9.98368514799 0.0 8.5591417286 0.0 
2457913.5 10.2510025559 0.0 8.82060088516 0.0 
2457918.5 8.65109478507 0.0 7.24995895924 0.0 
2457923.5 5.82175032131 0.0 4.47069928332 0.0 
2457928.5 14.7257980466 0.0 13.2105294223 0.0 
2457933.5 15.0575747151 0.0 13.5364872158 0.0 
2457938.5 10.3898089163 0.0 8.95525631253 0.0 
2457943.5 12.4628106867 0.0 10.9904608595 0.0 
2457948.5 12.4385652168 0.0 10.9671318977 0.0 
2457953.5 12.764291969 0.0 11.2850544071 0.0 
2457958.5 13.280791527 0.0 11.7924149746 0.0 
2457963.5 15.124994199 0.0 13.6024850091 0.0 
2457968.5 8.16235017882 0.0 6.77000314468 0.0 
2457973.5 12.1920628616 0.0 10.7261941967 0.0 
2457978.5 15.6066815335 0.0 14.0758672829 0.0 
2457983.5 12.6015995712 0.0 11.128309215 0.0 
2457988.5 14.6121489774 0.0 13.1014722008 0.0 
2457993.5 9.44166518392 0.0 8.02664306984 0.0 
2457998.5 8.78592779832 0.0 7.38301218545 0.0 
2458003.5 12.9178888322 0.0 11.4393648282 0.0 
2458008.5 13.6537023336 0.0 12.1625072696 0.0 
2458013.5 17.1220635674 0.0 15.5692204927 0.0 
2458018.5 7.09007238929 0.0 5.72156166481 0.0 
2458023.5 14.1680734534 0.0 12.6674624326 0.0 
2458028.5 11.6666967481 0.0 10.2131672339 0.0 
2458033.5 11.4554230704 0.0 10.0059059355 0.0 
2458038.5 7.49577494594 0.0 6.11763292643 0.0 
2458043.5 8.91846134701 0.0 7.51443341945 0.0 
2458048.5 16.2520563756 0.0 14.7124889845 0.0 
2458053.5 15.7826308249 0.0 14.2511396902 0.0 
2458058.5 17.5264558878 0.0 15.9621486437 0.0 
2458063.5 10.5666236434 0.0 9.13399970431 0.0 
2458068.5 7.31737570315 0.0 5.9453792634 0.0 
2458073.5 14.9088329924 0.0 13.3981642807 0.0 
2458078.5 9.75447176894 0.0 8.33632074963 0.0 
2458083.5 6.21278261443 0.0 4.85818368646 0.0 
2458088.5 12.2309644545 0.0 10.7661150302 0.0 
2458093.5 15.4157753402 0.0 13.8921943277 0.0 
2458098.5 12.7715684284 0.0 11.2968184899 0.0 
2458103.5 6.72693254851 0.0 5.36188677961 0.0 
2458108.5 16.1862212001 0.0 14.6470601489 0.0 
2458113.5 11.8676921419 0.0 10.4062446528 0.0 
2458118.5 15.4090444281 0.0 13.8826987491 0.0 
2458123.5 11.1097128271 0.0 9.66241577261 0.0 
2458128.5 13.7407377379 0.0 12.24336186 0.0 
2458133.5 14.7436070395 0.0 13.2289711219 0.0 
2458138.5 9.55261012227 0.0 8.13325379446 0.0 
2458143.5 8.31925210602 0.0 6.92141140794 0.0 
2458148.5 16.1734021227 0.0 14.630235176 0.0 
2458153.5 9.07855393849 0.0 7.67045926153 0.0 
2458158.5 12.6907325383 0.0 11.2136820841 0.0 
2458163.5 16.3936951445 0.0 14.8474447041 0.0 
2458168.5 16.6919089503 0.0 15.1380904096 0.0 
2458173.5 16.2174173692 0.0 14.6739018171 0.0 
2458178.5 11.5963868403 0.0 10.1405425164 0.0 
2458183.5 13.7034411188 0.0 12.2065209459 0.0 
2458188.5 8.90399185662 0.0 7.49375762457 0.0 
2458193.5 15.7208899457 0.0 14.1852081789 0.0 
2458198.5 12.3479599303 0.0 10.8733695034 0.0 
2458203.5 13.2412664286 0.0 11.7511652928 0.0 
2458208.5 9.81254405826 0.0 8.38411813726 0.0 
2458213.5 7.56585634445 0.0 6.17705732397 0.0 
2458218.5 13.5949355488 0.0 12.0945638956 0.0 
2458223.5 9.33439135087 0.0 7.91303012488 0.0 
2458228.5 11.0409691316 0.0 9.5857780427 0.0 
2458233.5 12.6106115848 0.0 11.124543508 0.0 
2458238.5 11.6406958858 0.0 10.1724598014 0.0 
2458243.5 13.999813043 0.0 12.4855220373 0.0 
2458248.5 11.0316954164 0.0 9.57485275132 0.0 
2458253.5 14.8163511775 0.0 13.2872396092 0.0 
2458258.5 10.3559284488 0.0 8.91245346756 0.0 
2458263.5 8.62936712521 0.0 7.21911432111 0.0 
2458268.5 11.040917305 0.0 9.58724249605 0.0 
2458273.5 14.0619551591 0.0 12.5542192692 0.0 
2458278.5 9.49123540942 0.0 8.06968956201 0.0 
2458283.5 13.044415938 0.0 11.5560255051 0.0 
2458288.5 16.7331570539 0.0 15.1786640901 0.0 
2458293.5 18.610546508 0.0 17.0212404229 0.0 
2458298.5 16.4655435367 0.0 14.9142943837 0.0 
2458303.5 9.13484652337 0.0 7.72187912961 0.0 
2458308.5 7.58840800496 0.0 6.2062567715 0.0 
2458313.5 7.89540735788 0.0 6.50915416507 0.0 
2458318.5 7.47823668395 0.0 6.10221379471 0.0 
2458323.5 12.9719973245 0.0 11.4924021307 0.0 
2458328.5 12.8667157878 0.0 11.3863051406 0.0 
2458333.5 11.490875592 0.0 10.0376265339 0.0 
2458338.5 11.6419518125 0.0 10.1867121634 0.0 
2458343.5 5.47271966464 0.0 4.13106370573 0.0 
2458348.5 14.0824735378 0.0 12.5827071598 0.0 
2458353.5 14.5511506818 0.0 13.0418485236 0.0 
2458358.5 15.9776243009 0.0 14.4427141772 0.0 
2458363.5 7.76954817694 0.0 6.38732588622 0.0 
2458368.5 11.8327052865 0.0 10.3784877086 0.0 
2458373.5 16.6400642869 0.0 15.0980223089 0.0 
2458378.5 12.5904718979 0.0 11.1241184272 0.0 
2458383.5 7.16606890709 0.0 5.79783511646 0.0 
2458388.5 14.5508670696 0.0 13.0452787151 0.0 
2458393.5 17.120123589 0.0 15.5688931631 0.0 
2458398.5 14.6731751958 0.0 13.167462099 0.0 
2458403.5 9.04649924211 0.0 7.64739599027 0.0 
2458408.5 11.4869996311 0.0 10.0441381495 0.0 
2458413.5 9.7215496321 0.0 8.30858694414 0.0 
2458418.5 9.16493076909 0.0 7.76362157244 0.0 
2458423.5 13.3546317619 0.0 11.8760985827 0.0 
2458428.5 13.827913305 0.0 12.3408383058 0.0 
2458433.5 13.8421477394 0.0 12.354918621 0.0 
2458438.5 16.6311968551 0.0 15.0939763799 0.0 
2458443.5 15.3628587811 0.0 13.8488894336 0.0 
2458448.5 17.6527382109 0.0 16.0945094049 0.0 
2458453.5 11.8568472108 0.0 10.408222001 0.0 
2458458.5 8.48352131473 0.0 7.09727433877 0.0 
2458463.5 12.9261571616 0.0 11.4574569209 0.0 
2458468.5 11.7526490925 0.0 10.3056812361 0.0 
2458473.5 16.6588586708 0.0 15.1195859279 0.0 
2458478.5 7.63963015243 0.0 6.26465631886 0.0 
2458483.5 10.6570134219 0.0 9.22871648757 0.0 
2458488.5 17.7122622776 0.0 16.153707675 0.0 
2458493.5 16.9041670129 0.0 15.3611132264 0.0 
2458498.5 9.84290130883 0.0 8.42806447943 0.0 
2458503.5 9.86268446057 0.0 8.44774472051 0.0 
2458508.5 15.7738771552 0.0 14.2522727721 0.0 
2458513.5 11.6160133284 0.0 10.1740689839 0.0 
2458518.5 12.8347828315 0.0 11.3676488454 0.0 
2458523.5 9.69242185445 0.0 8.28615909305 0.0 
2458528.5 16.6831779961 0.0 15.1504266551 0.0 
2458533.5 14.5667254117 0.0 13.0715776101 0.0 
2458538.5 12.4461709092 0.0 10.9878384968 0.0 
2458543.5 9.29207722324 0.0 7.88993734252 0.0 
2458548.5 8.3462325917 0.0 6.96300425575 0.0 
2458553.5 12.1254963064 0.0 10.6735447124 0.0 
2458558.5 15.2221956384 0.0 13.7133285136 0.0 
2458563.5 7.47816644971 0.0 6.11149566691 0.0 
2458568.5 15.0014204202 0.0 13.4944562423 0.0 
2458573.5 8.9566147652 0.0 7.56349190113 0.0 
2458578.5 15.3751697636 0.0 13.8643212056 0.0 
2458583.5 16.3116985975 0.0 14.7848829693 0.0 
2458588.5 17.8696053147 0.0 16.3141336678 0.0 
2458593.5 7.22483107539 0.0 5.86964968962 0.0 
2458598.5 13.827072944 0.0 12.3526553975 0.0 
2458603.5 8.52203257064 0.0 7.14289191082 0.0 
2458608.5 17.2985095344 0.0 15.7604046013 0.0 
2458613.5 6.88521387236 0.0 5.54268778454 0.0 
2458618.5 16.9483074818 0.0 15.4212077835 0.0 
2458623.5 11.7980568434 0.0 10.3664237579 0.0 
2458628.5 12.8339372257 0.0 11.3829451412 0.0 
2458633.5 14.4125318457 0.0 12.9314697031 0.0 
2458638.5 12.1479633913 0.0 10.7088280214 0.0 
2458643.5 8.96539950058 0.0 7.58341285462 0.0 
2458648.5 11.5188226104 0.0 10.090473904 0.0 
2458653.5 7.93258369046 0.0 6.57299215204 0.0 
2458658.5 10.5384387621 0.0 9.13040064075 0.0 
2458663.5 9.4809867805 0.0 8.09575629739 0.0 
2458668.5 15.2324588843 0.0 13.7393568378 0.0 
2458673.5 16.539723356 0.0 15.0211820362 0.0 
2458678.5 15.5076259137 0.0 14.0093799843 0.0 
2458683.5 16.4931286227 0.0 14.9777696052 0.0 
2458688.5 10.0970011909 0.0 8.69968829456 0.0 
2458693.5 12.0025199395 0.0 10.569441152 0.0 
2458698.5 9.90570984037 0.0 8.51150169635 0.0 
2458703.5 11.8987697816 0.0 10.4673870957 0.0 
2458708.5 14.0451128317 0.0 12.5745003247 0.0 
2458713.5 10.0927822453 0.0 8.69836154399 0.0 
2458718.5 10.6280969313 0.0 9.2214784534 0.0 
2458723.5 7.5033811388 0.0 6.15260068143 0.0 
2458728.5 12.4016759206 0.0 10.9632008321 0.0 
2458733.5 9.29878683808 0.0 7.91773137389 0.0 
2458738.5 15.8685601229 0.0 14.3664920173 0.0 
2458743.5 13.3449007293 0.0 11.8930577571 0.0 
2458748.5 18.4593081156 0.0 16.9146423446 0.0 
2458753.5 9.09674211802 0.0 7.72844422676 0.0 
2458758.5 15.8284477649 0.0 14.3330265475 0.0 
2458763.5 9.16959136411 0.0 7.79724781382 0.0 
2458768.5 14.7637365807 0.0 13.2861857457 0.0 
2458773.5 11.8921207628 0.0 10.4702575294 0.0 
2458778.5 9.64420235088 0.0 8.26209135815 0.0 
2458783.5 8.30761564333 0.0 6.94994760305 0.0 
2458788.5 8.73572061314 0.0 7.37069032247 0.0 
2458793.5 18.5676346355 0.0 17.021172662 0.0 
2458798.5 12.8395585769 0.0 11.4008327675 0.0 
2458803.5 11.4165175951 0.0 10.004797486 0.0 
2458808.5 13.52240864 0.0 12.0715586562 0.0 
2458813.5 13.7843932683 0.0 12.3286800853 0.0 
2458818.5 12.0917416683 0.0 10.6717057253 0.0 
2458823.5 15.3014008016 0.0 13.8197573758 0.0 
2458828.5 11.2468440305 0.0 9.83862480039 0.0 
2458833.5 9.28129404071 0.0 7.90968489402 0.0 
2458838.5 16.4951909514 0.0 14.9923185101 0.0 
2458843.5 16.6596089441 0.0 15.1529238131 0.0 
2458848.5 10.3159149262 0.0 8.92722770322 0.0 
2458853.5 12.8388446721 0.0 11.4014278508 0.0 
2458858.5 18.1567986831 0.0 16.6210024661 0.0 
2458863.5 13.3669040559 0.0 11.9206234537 0.0 
2458868.5 11.2235701207 0.0 9.81436816233 0.0 
2458873.5 15.7068742115 0.0 14.2141709377 0.0 
2458878.5 16.1222958314 0.0 14.6173166487 0.0 
2458883.5 17.0584379404 0.0 15.5354374892 0.0 
2458888.5 17.6739658788 0.0 16.1419659259 0.0 
2458893.5 10.4731855991 0.0 9.07762638612 0.0 
2458898.5 15.38509024 0.0 13.8987005663 0.0 
2458903.5 18.6584476724 0.0 17.1114890872 0.0 
2458908.5 12.8520255679 0.0 11.4154622486 0.0 
2458913.5 12.4206368366 0.0 10.9923435094 0.0 
2458918.5 19.8805078114 0.0 18.3141804609 0.0 
2458923.5 8.42832868581 0.0 7.07399510468 0.0 
2458928.5 16.8876486192 0.0 15.3773723514 0.0 
2458933.5 11.3833158047 0.0 9.97612419574 0.0 
2458938.5 15.2238896485 0.0 13.7471330068 0.0 
2458943.5 17.5663013911 0.0 16.0483072627 0.0 
2458948.5 10.3685920381 0.0 8.98357333717 0.0 
2458953.5 12.6323260856 0.0 11.207579013 0.0 
2458958.5 18.1143488151 0.0 16.5881114214 0.0 
2458963.5 12.5724825595 0.0 11.1490399006 0.0 
2458968.5 10.9397714542 0.0 9.54781879137 0.0 
2458973.5 14.3036452801 0.0 12.8475612448 0.0 
2458978.5 9.70376032669 0.0 8.33185782741 0.0 
2458983.5 9.94650262337 0.0 8.57037023951 0.0 
2458988.5 14.8074055282 0.0 13.3393385574 0.0 
2458993.5 12.9480935209 0.0 11.5162642427 0.0 
2458998.5 16.7454616047 0.0 15.2404189253 0.0 
2459003.5 16.5259243365 0.0 15.0225882217 0.0 
2459008.5 14.9847595008 0.0 13.5100401927 0.0 
2459013.5 18.4739306698 0.0 16.9306180052 0.0 
2459018.5 19.2744848296 0.0 17.7165550945 0.0 
2459023.5 15.3872733576 0.0 13.9005708448 0.0 
2459028.5 17.223758888 0.0 15.7049837659 0.0 
2459033.5 14.2601019569 0.0 12.7947864723 0.0 
2459038.5 16.7882521904 0.0 15.2778296392 0.0 
2459043.5 13.9130621377 0.0 12.453924949 0.0 
2459048.5 15.3003830421 0.0 13.8135601543 0.0 
2459053.5 8.62355323576 0.0 7.26048363335 0.0 
2459058.5 8.62570675574 0.0 7.26268201179 0.0 
2459063.5 13.3636023669 0.0 11.9142713183 0.0 
2459068.5 13.8177766265 0.0 12.3615293223 0.0 
2459073.5 12.2092794646 0.0 10.7834285396 0.0 
2459078.5 13.7017198882 0.0 12.2493011486 0.0 
2459083.5 9.28973734973 0.0 7.92014840707 0.0 
