0.0 41.031 0.0573201452498 39.589816 0.110927924334
1.0 41.779802 0.135325885007 40.342676 0.0613924448922
2.0 41.76037 0.11888874794 40.320987 0.147569812132
3.0 42.388371 0.0118464447114 40.965289 0.11174795488
4.0 42.454448 0.0859633016902 41.031983 0.092786463328
5.0 42.871466 0.162416865963 41.461125 0.0485695141148
6.0 43.211192 0.056814444931 41.800306 0.156984711371
7.0 44.646139 0.0538214056676 43.251807 0.0467172569193
8.0 44.375486 0.080892498792 42.971882 0.0336576245302
9.0 45.11635 0.0339026597067 43.719944 0.129954390086
10.0 46.175889 0.0501181449999 44.79455 0.0605558916413
11.0 47.429803 0.0437837506049 46.062687 0.0789951472183
12.0 47.104103 0.0837050593345 45.730194 0.104070760806
13.0 46.922481 0.194728290472 45.543176 0.0959252336538
14.0 47.292008 0.156926323424 45.912516 0.00969148708755
15.0 46.421123 0.126061057427 45.029754 0.167626268471
16.0 46.647038 0.063701774748 45.258883 0.133691233422
17.0 45.090756 0.0895691622385 43.686333 0.0675185551348
18.0 45.258449 0.189833347297 43.850679 0.189560167065
19.0 46.353373 0.147733178344 44.957971 0.123166943681
20.0 44.906805 0.197661276997 43.502446 0.140195146295
21.0 45.748322 0.0263795413764 44.350814 0.164747356448
22.0 44.672109 0.0397916576925 43.263286 0.161263743981
23.0 44.921074 0.0271964708072 43.519756 0.161686830623
24.0 44.402862 0.039405266639 43.000558 0.156293969834
25.0 45.069116 0.106855141152 43.66943 0.0681841245525
26.0 45.160614 0.0764788016313 43.766327 0.174674107405
27.0 46.218206 0.0166241168313 44.834978 0.181875691782
28.0 45.230616 0.107832405277 43.83308 0.198711040695
29.0 45.248431 0.0857015964918 43.845334 0.144566945525
30.0 46.272499 0.146321700161 44.881549 0.105144688074
31.0 45.724942 0.0177936210091 44.332087 0.10532225174
32.0 45.810661 0.198233420149 44.423928 0.175382103693
33.0 38.617 0.0128680348227 37.121012 0.0269124159067
34.0 38.02541 0.164354575389 36.521673 0.028572356519
35.0 37.760876 0.107442453616 36.248275 0.143888389344
36.0 38.215624 0.10880762535 36.719548 0.0993337597868
37.0 38.254256 0.0029162380115 36.755637 0.016828754782
38.0 38.482418 0.0395485517798 36.982745 0.0969364471922
39.0 38.683949 0.0619270106481 37.180946 0.12021258717
40.0 38.885069 0.0947001716118 37.386391 0.159291176496
41.0 39.665241 0.0221633441229 38.180974 0.108530706104
42.0 40.238316 0.037512143642 38.769653 0.151659763655
43.0 39.741102 0.00428807981604 38.268566 0.124424260869
44.0 38.959817 0.179428750504 37.471003 0.165221889973
45.0 39.698818 0.0291839642946 38.221573 0.172336366375
46.0 39.487344 0.0646468732665 38.006906 0.0702300604017
47.0 39.67229 0.155930706368 38.197925 0.186890454104
48.0 39.493203 0.152309857461 38.009219 0.168602389182
49.0 40.774437 0.000932596653188 39.295851 0.160487050689
50.0 41.267005 0.0740595900363 39.795326 0.143100243205
51.0 41.917874 0.0103459940274 40.453117 0.0194906852671
52.0 41.992267 0.133125517348 40.523443 0.160013717608
53.0 41.073152 0.0199001634517 39.592926 0.0441755304446
54.0 40.872331 0.117828736447 39.395282 0.192104135808
55.0 40.001788 0.0644028898121 38.508597 0.0530000959453
56.0 40.187874 0.124790145826 38.692879 0.0917823374831
57.0 40.126422 0.182337155952 38.634721 0.141563649613
58.0 40.477251 0.118396885912 38.986771 0.106205892944
59.0 39.592891 0.10786485685 38.088426 0.0874878744011
60.0 40.157627 0.021125191457 38.661024 0.0319642756117
61.0 39.630259 0.11798960418 38.121406 0.0640153265326
62.0 38.908892 0.197694484355 37.389706 0.000717685410406
63.0 38.24346 0.0905004220032 36.711796 0.00208586277775
64.0 36.641138 0.0983272101823 35.121667 0.0907670004434
65.0 36.760245 0.0601619758049 35.246393 0.0578590586035
66.0 42.747313 0.068869045927 41.330824 0.14593039185
67.0 42.590543 0.137785463158 41.165745 0.178409181772
68.0 42.787595 0.131646862421 41.362568 0.14068048076
69.0 43.984676 0.104817601513 42.571297 0.0654867735745
70.0 43.967585 0.0657095149503 42.55072 0.141440832983
71.0 45.722161 0.016854068506 44.322512 0.0790467419836
72.0 45.503476 0.188140988002 44.097203 0.13788961069
73.0 44.934941 0.103672397172 43.516925 0.0327026176386
74.0 45.338845 0.0887339506944 43.93141 0.163477036899
75.0 44.647447 0.176396795514 43.231712 0.158114718144
76.0 44.036745 0.099185746352 42.611178 0.19584343479
77.0 44.120653 0.197594470398 42.691538 0.12509942979
78.0 43.601177 0.14467522395 42.188601 0.0213431554037
79.0 43.706885 0.0778670462192 42.290605 0.0298889939179
80.0 43.308927 0.0431580150511 41.884477 0.0603358482748
81.0 43.838749 0.184362351556 42.418261 0.172843066325
82.0 43.991201 0.117179362056 42.56928 0.155807412173
83.0 44.589794 0.071688415141 43.175948 0.119861260556
84.0 43.514022 0.169811270442 42.091335 0.0571413100829
85.0 44.907531 0.153110913901 43.500397 0.0377998264371
86.0 45.970399 0.132245756241 44.578048 0.0743402650709
87.0 44.768026 0.0401639660527 43.363202 0.103692022735
88.0 45.267806 0.103735568272 43.866986 0.0940369158798
89.0 45.162292 0.082843792022 43.755097 0.102883519205
90.0 45.812197 0.0856328444953 44.411263 0.108858169537
91.0 44.371622 0.130327750795 42.957935 0.101648724249
92.0 44.455212 0.17799167716 43.048712 0.128909970738
93.0 43.033091 0.139611538471 41.635975 0.0769723397332
94.0 44.4461 0.0454285318749 43.065099 0.0867028519308
95.0 44.917314 0.0623433132471 43.538067 0.0965792309907
96.0 45.374751 0.0792511589022 44.000287 0.0313052748425
97.0 45.840549 0.120100637793 44.467489 0.190611866197
98.0 46.612382 0.0361720348069 45.243359 0.129391063528
99.0 46.792532 0.141021984966 45.425689 0.10119416782
100.0 45.723983 0.18425244951 44.343924 0.0155134549033
101.0 44.570047 0.019695706549 43.174805 0.0638772852487
102.0 45.612139 0.157890949573 44.225941 0.0656154064718
103.0 38.031206 0.0871065925234 36.529279 0.166920668983
104.0 38.978624 0.10549522976 37.473945 0.00897255549049
105.0 38.218799 0.127961862898 36.708563 0.034814095723
106.0 39.002621 0.106390990312 37.505997 0.158356852471
107.0 38.753862 0.0922650447345 37.252135 0.105465096697
108.0 39.371552 0.040912250397 37.887143 0.068438051519
109.0 38.325136 0.0276376791905 36.824144 0.0688564810838
110.0 37.427924 0.0227642731741 35.912016 0.000384008485538
111.0 37.881311 0.127589042129 36.368496 0.0479013020186
112.0 38.412864 0.137703552969 36.904431 0.151188846683
113.0 37.659898 0.0282389240066 36.139449 0.0416033867889
114.0 38.114504 0.129100521842 36.598603 0.0200744674676
115.0 38.519058 0.131477734835 37.011268 0.0224518987438
116.0 38.421178 0.0910756328289 36.918584 0.154317314078
117.0 39.031119 0.0997448567634 37.534045 0.0748415336354
118.0 39.282274 0.169107874043 37.783144 0.0491728538262
119.0 38.486532 0.0287192291265 36.976048 0.178917964056
120.0 38.947955 0.00712066320851 37.437049 0.0838660695659
121.0 38.754367 0.132181285641 37.24497 0.130490814386
122.0 36.834399 0.115865260915 35.327255 0.00628392999006
123.0 36.669667 0.0445423042367 35.150286 0.180279182808
124.0 37.749204 0.0505407744572 36.243034 0.0738982377816
125.0 37.597281 0.0278368681175 36.090743 0.0255648793082
126.0 37.739035 0.148637398491 36.226711 0.0906362407985
127.0 37.416681 0.0442477419065 35.89104 0.180772476318
128.0 36.962054 0.196437359163 35.428304 0.0529025096786
129.0 36.082939 0.0686617889392 34.536784 0.0323880774215
130.0 35.492174 0.0652327335039 33.933631 0.140726871599
131.0 45.854882 0.000379560281902 44.474257 0.125877837132
132.0 46.24073 0.110103906784 44.868703 0.149408697148
133.0 47.160677 0.108367334568 45.802287 0.0597266449469
134.0 48.049849 0.0336362675666 46.702973 0.108285233626
135.0 47.486202 0.0903273532955 46.138121 0.0797657245499
136.0 48.912459 0.0716214074661 47.576059 0.124476308914
137.0 49.186982 0.163571894386 47.854814 0.179505601801
138.0 50.213074 0.0491789183986 48.895991 0.162604762743
139.0 49.656962 0.00315016896705 48.335109 0.141773209968
140.0 50.193446 0.0247683954175 48.881416 0.0947509995178
141.0 48.753797 0.0220400195669 47.428144 0.177835986624
142.0 46.975908 0.136550321324 45.636594 0.0871940884876
143.0 47.835605 0.0671430679027 46.505229 0.095122115439
144.0 47.167603 0.0949141440789 45.831551 0.14647650765
145.0 46.88282 0.027609665598 45.543869 0.19304563081
146.0 45.085923 0.106960374482 43.730401 0.104830951772
147.0 45.707035 0.105910933471 44.358888 0.0759494927311
148.0 46.074352 0.0304312473848 44.725807 0.0268649464971
149.0 46.857269 0.023596123631 45.515001 0.0152359229439
150.0 47.186485 0.182208207886 45.852545 0.111447311764
151.0 47.539824 0.0193229701472 46.214102 0.0744314458364
152.0 48.652729 0.0952991446195 47.342406 0.0219544514808
153.0 50.457936 0.173637187734 49.16387 0.050815345811
154.0 49.649775 0.00721527371919 48.350448 0.130971833278
155.0 49.423463 0.118494461175 48.117943 0.00222982698784
156.0 49.533164 0.115723469933 48.228627 0.197985330064
157.0 48.787395 0.172164845774 47.473737 0.0871314877888
158.0 47.506313 0.121884440082 46.195673 0.132237217761
159.0 48.421488 0.142461938947 47.120007 0.133728882655
160.0 47.774284 0.182647656207 46.463096 0.168967327986
161.0 47.114401 0.163439836672 45.796733 0.136209544126
162.0 48.820885 0.190806623915 47.519293 0.197648574002
163.0 42.457865 0.173191249758 41.084957 0.0686024438761
164.0 43.463788 0.00535233516352 42.107359 0.0493851605577
165.0 43.380138 0.145189751694 42.021988 0.00728521883689
166.0 42.203129 0.0225148997768 40.831673 0.161619630231
167.0 43.24121 0.0709544212333 41.880497 0.0397747811118
168.0 42.383911 0.0145727764926 41.016338 0.0935270499709
169.0 40.114359 0.124560529848 38.737769 0.0759642912185
170.0 40.198311 0.0877216386444 38.823744 0.156068832688
171.0 39.268515 0.167399023933 37.880875 0.194223262931
172.0 39.505587 0.00773527542834 38.121667 0.0819753309703
173.0 39.988161 0.088616008765 38.610719 0.00367428045344
174.0 39.845655 0.0423429744938 38.468565 0.135112512187
175.0 39.012598 0.0150623239686 37.629908 0.141843013483
176.0 38.746205 0.0238951990154 37.363869 0.116406346429
177.0 39.472036 0.0921565440876 38.096508 0.159444899366
178.0 40.080104 0.11633871772 38.715452 0.117976699189
179.0 41.162126 0.0287319619861 39.813269 0.146171716809
180.0 40.864072 0.0047637990198 39.513344 0.135852556055
181.0 39.523791 0.0503850106179 38.157196 0.0326893168084
182.0 40.625636 0.1362308503 39.276295 0.0772887148939
183.0 40.591586 0.111993919319 39.237812 0.135140648288
184.0 39.348713 0.183322537603 37.983042 0.105792148842
185.0 39.499176 0.143840522158 38.138546 0.187353754801
186.0 38.492152 0.152864598019 37.116252 0.0885133137669
187.0 39.64794 0.0653324408325 38.287712 0.0544898014071
188.0 38.383222 0.0422985861436 37.008994 0.0589038665587
189.0 37.775577 0.0586873098748 36.394113 0.0995083886884
190.0 37.175244 0.0331942575003 35.789782 0.00993766685557
191.0 37.396052 0.0951313870927 36.011821 0.170162411538
192.0 38.125117 0.0100988888932 36.749316 0.0515260185847
193.0 39.019382 0.135358691347 37.655036 0.112487324057
194.0 37.475059 0.163465819678 36.09418 0.102111703498
195.0 36.210102 0.175931803822 34.815316 0.171616372316
196.0 37.134043 0.132099032239 35.748982 0.0803433280105
197.0 36.237144 0.0907677888017 34.837888 0.138317553236
198.0 37.084118 0.0498514277388 35.701055 0.189243798946
199.0 34.942854 0.0921452181381 33.533557 0.0135237818166
200.0 36.427892 0.00183574949653 35.035387 0.0234905598414
201.0 34.993492 0.0782710663154 33.586035 0.152650755854
202.0 35.506753 0.089941213915 34.101962 0.0618361327864
203.0 35.8171 0.155023389085 34.421076 0.190718176848
204.0 35.141566 0.104327295822 33.735877 0.191850158436
205.0 36.000309 0.0603711555042 34.601694 0.18776053912
206.0 35.072269 0.0288007386807 33.663103 0.082192796213
207.0 35.588222 0.132473011355 34.181937 0.0527787831083
208.0 34.589677 0.138008868484 33.17089 0.173531937761
209.0 33.7082 0.1451198241 32.297267 0.0941815444974
210.0 33.211046 0.0426677143137 31.794504 0.0031297756354
211.0 33.47338 0.0139160368996 32.06306 0.0668078260761
212.0 33.487938 0.0925327791095 32.08132 0.138657272101
213.0 33.904615 0.128771264054 32.503139 0.0592308552884
214.0 33.376463 0.0338140089717 31.969101 0.0769053741692
215.0 33.543454 0.092715457716 32.136294 0.161077105585
216.0 33.961999 0.182980518679 32.562794 0.111076701924
217.0 34.405415 0.00457863836176 33.00765 0.142007450901
218.0 33.340023 0.0933791301332 31.928614 0.149476947302
219.0 32.160232 0.173874804635 30.734254 0.098418736773
220.0 31.46132 0.157334555735 30.023843 0.0856096492638
221.0 31.082172 0.0298577775258 29.643182 0.124279786114
222.0 32.13854 0.0267487433852 30.714246 0.0171891613516
223.0 32.472573 0.124767847894 31.048472 0.0195844875888
224.0 32.015022 0.0964864448186 30.587904 0.144352226804
225.0 32.651601 0.112557798929 31.234923 0.148552020752
226.0 31.610518 0.195263046531 30.180241 0.0094622531022
227.0 30.98244 0.074597043479 29.538779 0.127308861985
228.0 31.636401 0.122182009983 30.2002 0.148624445002
229.0 31.760924 0.133423774631 30.328964 0.162629760826
230.0 31.24674 0.132921645707 29.826508 0.110861919576
231.0 32.287006 0.129444057828 30.883447 0.111589815351
232.0 31.792314 0.190123506698 30.384374 0.0349983084609
233.0 32.625679 0.0516384715828 31.228025 0.0923003525292
234.0 32.616627 0.121945417245 31.220366 0.118811412441
235.0 26.302345 0.134708445957 24.814751 0.191285397375
236.0 26.852836 0.111754544628 25.378123 0.0243797085731
237.0 26.462421 0.173783397334 24.978763 0.12498683107
238.0 26.815146 0.0586414275108 25.339985 0.0297009033752
239.0 26.071541 0.13820465671 24.587681 0.182009108574
240.0 25.948802 0.138033179454 24.459974 0.0943621927505
241.0 26.344542 0.110025416414 24.856738 0.00146301550977
242.0 26.11817 0.110246492962 24.621857 0.110676653271
243.0 26.429813 0.0141300601912 24.933696 0.0139583205127
244.0 25.425405 0.125963596393 23.914321 0.192438176454
245.0 25.96266 0.173530855149 24.462723 0.117333251137
246.0 25.840421 0.0436196257602 24.333435 0.101129911114
247.0 26.711133 0.111573584524 25.21984 0.197441547206
248.0 26.417946 0.199646481671 24.925677 0.0874087717575
249.0 26.476 0.0944716524824 24.981805 0.188706163599
250.0 27.023738 0.0306836214326 25.536521 0.0884257449543
251.0 26.138437 0.141413985609 24.639457 0.0497389174081
252.0 27.311737 0.0193121356382 25.828025 0.0966020761728
253.0 27.637614 0.17946409229 26.156865 0.13897081678
254.0 28.508628 0.106548592381 27.037801 0.0109862420677
255.0 28.550992 0.0444221338081 27.086791 0.159029193766
256.0 29.250634 0.162443088871 27.79563 0.168618520817
257.0 29.057089 0.0840813642523 27.604644 0.171403943434
258.0 28.182652 0.173837982617 26.71599 0.0815044295095
259.0 28.585819 0.0713921407729 27.127778 0.0407127941868
260.0 29.275557 0.0501509202977 27.832412 0.0523478682209
261.0 29.002167 0.0417011646714 27.558473 0.19007723008
262.0 29.560385 0.0386261095643 28.121968 0.0948383075552
263.0 29.191179 0.0648334676355 27.742331 0.137965724948
264.0 29.209071 0.173780666661 27.760698 0.0291979576068
265.0 30.10782 0.044543585763 28.65418 0.145169920775
266.0 30.716923 0.0393381306683 29.273515 0.0782999782367
267.0 30.986938 0.0237265464118 29.542518 0.00308017400596
268.0 31.51801 0.132362289324 30.081391 0.11216125559
269.0 27.459832 0.0210741110986 25.955109 0.0783290468785
270.0 28.479774 0.117065451657 26.990141 0.0445431681157
271.0 29.56573 0.1965445709 28.090455 0.19928205445
272.0 29.933196 0.0494522747942 28.466433 0.164380052565
273.0 29.270568 0.193765152894 27.790003 0.186567061322
274.0 29.202435 0.175138484444 27.715625 0.133535960581
275.0 28.571359 0.043133544045 27.078455 0.118970479711
276.0 30.277214 0.0674597603023 28.782958 0.0628974172103
277.0 29.698725 0.192990664954 28.189889 0.122320309224
278.0 28.895748 0.0847657619859 27.373204 0.0594537599294
279.0 28.443863 0.171710698812 26.911218 0.14766594786
280.0 28.376942 0.172991805475 26.83608 0.0351162105735
281.0 27.971869 0.121949219866 26.424384 0.174165813935
282.0 28.149175 0.0690702427711 26.600436 0.18222668259
283.0 28.136354 0.103230838716 26.577772 0.185651494373
284.0 28.168495 0.0731457641719 26.616639 0.0857311309458
285.0 28.728955 0.0917087047568 27.184549 0.00500814594488
286.0 28.834986 0.157223557593 27.3006 0.192521148062
287.0 28.749449 0.119946076919 27.208403 0.166158712524
288.0 29.098398 0.126433870453 27.560444 0.107073299064
289.0 31.337164 0.146411066819 29.812476 0.0226567406114
290.0 31.189789 0.0600212134935 29.662086 0.0291670889715
291.0 31.374955 0.130606758491 29.859613 0.0230192729804
292.0 32.127421 0.0327004921504 30.619141 0.18552646281
293.0 31.810644 0.130745606385 30.28912 0.00791311686738
294.0 39.89034 0.101412046597 38.499061 0.056204752204
295.0 40.157137 0.108747760006 38.773998 0.119150427077
296.0 39.841758 0.147791422956 38.458762 0.196860305922
297.0 39.418859 0.00557580993191 38.032114 0.0502638433416
298.0 38.885741 0.182088107382 37.49189 0.0266478815686
299.0 38.10215 0.0566401511063 36.700805 0.0367520880303
300.0 38.051431 0.0528487310994 36.646606 0.159754424691
301.0 38.785159 0.0132942018327 37.386941 0.0347524523422
302.0 38.516819 0.0759627996448 37.113201 0.0303939245599
303.0 39.023202 0.117225014526 37.621285 0.18715328319
304.0 37.920666 0.00214400397214 36.505531 0.086642625655
305.0 38.074257 0.0669771094242 36.655699 0.0575018229417
306.0 39.048708 0.0701856880619 37.643199 0.182332457628
307.0 39.481972 0.122016718952 38.081444 2.36762711701e-05
308.0 40.273663 0.0326871079048 38.88138 0.0979674836833
309.0 41.568328 0.0311920488077 40.190281 0.0109013186732
310.0 43.287163 0.166908706643 41.925709 0.023450333073
311.0 43.442024 0.191147853322 42.086183 0.131664434403
312.0 42.302042 0.143956120756 40.933582 0.0556923918803
313.0 43.01943 0.159045718685 41.657357 0.190674210273
314.0 42.596957 0.198151807498 41.221916 0.167790308927
315.0 42.43871 0.0618141330257 41.058611 0.188202915508
316.0 41.259674 0.103536604584 39.862893 0.0294344541929
317.0 42.651645 0.179920540601 41.270216 0.0502151054791
318.0 43.591389 0.0143203555269 42.217323 0.19525247248
319.0 42.299374 0.0599454562198 40.914505 0.165359265612
320.0 41.235897 0.0521111817986 39.835284 0.0602652779281
321.0 41.303561 0.0310456987687 39.898945 0.105198081808
322.0 42.420599 0.102461446207 41.03079 0.0555831201404
323.0 43.060874 0.0275586201415 41.683728 0.182905497874
324.0 44.364075 0.155502535658 42.998085 0.0487202004422
325.0 44.567956 0.0154951151276 43.204499 0.088167597781
326.0 45.02557 0.0141507625397 43.666861 0.161679532397
327.0 42.80366 0.0388143696509 41.410956 0.0995539457988
328.0 42.072991 0.187484143589 40.673467 0.186556922438
329.0 41.383445 0.119156345784 39.970319 0.0035736895243
330.0 41.70124 0.0966573746354 40.289658 0.181624326392
331.0 40.704478 0.156834656951 39.284874 0.0362323369808
332.0 39.401289 0.196702910659 37.987808 0.138119088254
333.0 39.167013 0.153150856409 37.75199 0.179310807166
334.0 39.35142 0.0136998720722 37.943093 0.0793959850428
335.0 39.280681 0.0718524624294 37.867705 0.072239961623
336.0 39.81191 0.121850395409 38.406467 0.0402627103181
337.0 40.351864 0.151502658785 38.95033 0.147929216278
338.0 40.114065 0.099052156696 38.71205 0.0407199370327
339.0 39.217024 0.088965526954 37.805153 0.0484621242141
340.0 39.447548 0.0588102888136 38.032823 0.120514576564
341.0 39.483556 0.103045482156 38.073167 0.171048623238
342.0 39.478764 0.119334244729 38.0669 0.112683720884
343.0 40.167675 0.118015175638 38.767916 0.171839911449
344.0 41.229589 0.132973318994 39.845842 0.165132438546
345.0 41.668841 0.0762635390248 40.292 0.0987461810272
346.0 42.817508 0.198622792704 41.439792 0.12109673063
347.0 41.827012 0.166981761908 40.440215 0.0913236690528
348.0 40.494907 0.00733188029789 39.095404 0.100244818852
349.0 40.508669 0.0618342586586 39.10778 0.161405738878
350.0 41.355475 0.0741431472811 39.960173 0.122748726546
351.0 40.000415 0.138113238655 38.591549 0.16866960851
352.0 39.260456 0.0625291771654 37.83947 0.142587088352
353.0 38.784146 0.0161493337325 37.362578 0.0782826203756
354.0 37.979153 0.173362044323 36.543269 0.184736461192
355.0 39.044272 0.163153103437 37.62518 0.0977605790713
356.0 39.41032 0.0774935239174 37.990947 0.0485023053414
357.0 39.561564 0.179483481329 38.140312 0.0693837595594
358.0 39.350369 0.0399257671785 37.926102 0.0189251878776
359.0 38.526706 0.113566029164 37.09178 0.0902243519849
360.0 39.163618 0.129879074702 37.743325 0.196657868522
361.0 40.150873 0.162367699196 38.740994 0.0382649625846
362.0 40.253106 0.000811027327744 38.839627 0.103392210711
363.0 34.333808 0.106599665353 32.855962 0.00145289991767
364.0 34.239835 0.0842752359058 32.766185 0.0786411223006
365.0 33.654317 0.125609034233 32.173823 0.182285457016
366.0 34.691572 0.0324103168836 33.22726 0.0202425300754
367.0 34.397143 0.0677171633405 32.93413 0.103984296492
368.0 34.821689 0.0259075482198 33.367183 0.0203130623818
369.0 34.206928 0.0772742987388 32.737398 0.0635602258911
370.0 33.384548 0.150181628158 31.906386 0.145183404547
371.0 33.92231 0.137807227899 32.450021 0.184807542458
372.0 33.589562 0.0479851270728 32.112066 0.144756469241
373.0 34.38947 0.127296537862 32.928942 0.191016310992
374.0 35.188665 0.0525529196906 33.734422 0.152535367111
375.0 33.850333 0.168819469346 32.378861 0.0386167023653
376.0 34.27034 0.180282784179 32.808497 0.0255386733354
377.0 34.734473 0.157716748555 33.282125 0.139950981698
378.0 34.119733 0.0422920736147 32.657991 0.0129170363192
379.0 35.230311 0.165522276429 33.783341 0.0479372982019
380.0 36.393417 0.149283983255 34.960583 0.0166290450104
381.0 35.634889 0.194453472338 34.187859 0.177929222068
382.0 36.737637 0.176847428786 35.301827 0.0421094503517
383.0 35.948237 0.153017092105 34.518232 0.141618558794
384.0 36.194225 0.102656280325 34.766283 0.184569490416
385.0 35.432918 0.153963014226 33.989146 0.0782244991293
386.0 34.876831 0.1326167434 33.422296 0.0132856880449
387.0 34.78212 0.0490406909439 33.322177 0.184710463932
388.0 35.187908 0.195310861076 33.736699 0.160142512527
389.0 31.821313 0.131831418731 30.312968 0.134461314575
390.0 32.096764 0.155865914514 30.591372 0.052619215879
391.0 32.30315 0.181676283131 30.80212 0.139489416358
392.0 32.118677 0.196538600523 30.618452 0.0166449394735
393.0 32.821049 0.16006299109 31.337053 0.155914166094
394.0 33.796418 0.0357347778144 32.32403 0.1114796177
395.0 33.470038 0.100651378221 31.992113 0.0422668942936
396.0 34.793633 0.135689821309 33.332146 0.0552125269291
397.0 34.948147 0.123040009573 33.488725 0.0250379411928
398.0 35.099743 0.118839170542 33.641494 0.187758655244
399.0 35.761762 0.0460867281423 34.320103 0.0250096859088
400.0 34.981333 0.0801358942828 33.525444 0.122527868072
401.0 35.067055 0.186807368329 33.611437 0.0464413182258
402.0 32.864887 0.106591486023 31.406466 0.146150449815
403.0 32.25517 0.0772024783037 30.791595 0.127986088744
404.0 33.300071 0.147431209593 31.84878 0.156957436249
405.0 33.142505 0.196780558306 31.691068 0.0250519167242
406.0 32.750733 0.0501794998176 31.293411 0.171797252799
407.0 33.84746 0.149086279039 32.401308 0.131675575513
408.0 34.551614 0.177092773262 33.112056 0.156317964885
409.0 33.459911 0.00197661366862 32.008506 0.0858978861368
410.0 34.324401 0.136142950773 32.886004 0.0434244849543
411.0 34.567426 0.0860799009406 33.136305 0.00765069912123
412.0 35.803731 0.177400219082 34.388988 0.175795947936
413.0 36.965594 0.0151242807163 35.561728 0.122722561501
414.0 37.645763 0.138208541696 36.247895 0.137250865791
415.0 36.484478 0.103930523054 35.071548 0.0772058864231
416.0 35.159211 0.13746284017 33.732994 0.0625588278165
417.0 35.106199 0.0828672975997 33.682101 0.183525845515
418.0 35.619969 0.0988335800451 34.19814 0.0713616621399
419.0 37.955528 0.076790936542 36.546071 0.108204894934
420.0 37.868055 0.128901678453 36.456988 0.197823302964
421.0 36.32151 0.0310614167986 34.893662 0.0278768697418
422.0 37.61511 0.138278829539 36.200058 0.0501649291642
423.0 36.708308 0.0483791812338 35.277329 0.0114478539585
424.0 36.099666 0.0674631201342 34.656635 0.0494521747948
425.0 36.427163 0.119334408492 34.983767 0.0215683346481
426.0 40.796643 0.110616967311 39.415037 0.149159235401
427.0 41.917824 0.0106606134072 40.545694 0.190654773377
428.0 40.698432 0.12119052382 39.312292 0.056276022924
429.0 39.047561 0.138680379236 37.644991 0.0841649869693
430.0 38.33927 0.0290655317008 36.927062 0.0134501799484
431.0 40.107613 0.137982852389 38.703369 0.0453193433346
432.0 40.709545 0.0977367880514 39.311458 0.0477758751448
433.0 41.872257 0.0889283940129 40.485108 0.0192488196707
434.0 42.50247 0.137411865242 41.123246 0.0571126326827
435.0 42.032349 0.185395620505 40.645583 0.0873587576717
436.0 41.42954 0.198499857824 40.03521 0.170946243824
437.0 40.321436 0.0394473935937 38.917583 0.149030158106
438.0 40.525749 0.186842012024 39.122339 0.18608433708
439.0 39.870809 0.114169630691 38.458655 0.128234520846
440.0 39.939751 0.198878914643 38.528833 0.0258162050749
441.0 40.071541 0.102649889903 38.657041 0.0482921714308
442.0 39.595046 0.0366142281603 38.175873 0.0918877348061
443.0 38.659202 0.0988949085565 37.225384 0.0420116336225
444.0 38.565008 0.1250942769 37.125703 0.114551311052
445.0 39.616644 0.169640343263 38.186578 0.0461436355136
446.0 41.185936 0.14930029025 39.771746 0.174461076127
447.0 42.020584 0.187039926316 40.620082 0.150535322069
448.0 41.454301 0.16836027267 40.040753 0.191551847085
449.0 40.94344 0.0525927028188 39.525748 0.0334411117655
450.0 40.041327 0.0517724943132 38.615807 0.199477131715
451.0 39.969066 0.127112389663 38.539618 0.0385717437318
452.0 38.060411 0.146381046519 36.629414 0.0891851483974
453.0 37.618593 0.0726280395809 36.178201 0.150137882436
454.0 37.827072 0.00341856287897 36.386251 0.0112201544955
455.0 37.612195 0.0719861981891 36.172002 0.0779144380163
456.0 38.415526 0.0727075992588 36.987558 0.158606427367
457.0 37.798968 0.0930457929643 36.356972 0.00699838568175
458.0 38.63972 0.0426427883047 37.208192 0.0410124950687
459.0 37.789629 0.136895113138 36.349617 0.12141892245
460.0 35.225313 0.0944909286503 33.736021 0.197771099054
461.0 35.360932 0.129043289238 33.878726 0.0718503369485
462.0 35.476339 0.136173663556 33.998008 0.0670803337866
463.0 34.766116 0.194194904648 33.275578 0.0179749593305
464.0 34.999207 0.0208701395348 33.519798 0.118932251554
465.0 34.06741 0.194608992535 32.572638 0.0503047035699
466.0 34.493992 0.195843553102 33.008359 0.145873794603
467.0 34.948576 0.0344949201748 33.469926 0.10733663961
468.0 34.028371 0.0886516788687 32.536021 0.065387791896
469.0 34.998464 0.0442295518215 33.522509 0.189147757206
470.0 35.027322 0.148760273244 33.555146 0.135350897047
471.0 35.671092 0.00277401171858 34.203852 0.152461913189
472.0 36.056745 0.162630753951 34.591485 0.0721039395347
473.0 37.018838 0.173234665825 35.56667 0.00353549001767
474.0 36.883884 0.0383428182813 35.424364 0.0325831621361
475.0 37.497416 0.186752783379 36.051473 0.0149900523697
476.0 38.098228 0.155985833248 36.663167 0.029933376307
477.0 37.224696 0.00684739495865 35.779849 0.07349759181
478.0 36.610614 0.0587606119347 35.154508 0.0532363387282
479.0 36.314238 0.115879186873 34.850869 0.0206931167286
480.0 35.632874 0.118840378263 34.161414 0.153058733806
481.0 34.79022 0.0449129201581 33.309132 0.124451252274
482.0 34.937655 0.10648412762 33.465145 0.0462819948877
483.0 33.845317 0.144619304605 32.357874 0.0185283426746
484.0 34.61992 0.0536764898632 33.144177 0.134589691521
485.0 34.386271 0.143441154359 32.912289 0.0790394221607
486.0 34.439508 0.0520778487194 32.968643 0.0949320917944
487.0 34.09809 0.10221528231 32.618384 0.0934032902873
488.0 33.340809 0.0681198089785 31.850376 0.0638568497697
489.0 33.170939 0.172237080338 31.67227 0.0927988174221
490.0 33.876511 0.126522306167 32.390406 0.0954826967856
491.0 33.959286 0.0699680968646 32.47816 0.0682046980015
492.0 33.133893 0.110262442185 31.640573 0.0804653613779
493.0 34.379214 0.186763988185 32.902291 0.0795732450875
494.0 35.385319 0.051636909661 33.9253 0.199807230477
495.0 36.097696 0.119429402341 34.645373 0.0889747325851
496.0 37.397185 0.102192636547 35.958946 0.0470305052938
497.0 39.674028 0.193414651186 38.236118 0.102866533212
498.0 40.251958 0.137586789968 38.828207 0.0315488388163
499.0 41.612687 0.133296137611 40.205925 0.191484325055
500.0 42.423403 0.131514639025 41.022538 0.165098387823
