0.0 52.490993 0.143901430812 51.054412 0.141785345584
1.0 53.241285 0.108080080928 51.814831 0.134322076808
2.0 52.642648 0.037487928368 51.202133 0.114761834752
3.0 52.168513 0.0666771006518 50.727985 0.150429415441
4.0 53.173281 0.186490804889 51.743867 0.148900037228
5.0 53.791665 0.132084576797 52.36777 0.0440165782252
6.0 54.271718 0.10103063626 52.862808 0.195122152598
7.0 55.850644 0.0436247964298 54.457212 0.0718650796027
8.0 56.493151 0.19550052446 55.099608 0.0861837399702
9.0 57.362857 0.108930630047 55.97489 0.0796752780551
10.0 56.613703 0.122725257015 55.213491 0.0655546584029
11.0 57.502633 0.0540022433318 56.117805 0.111746860981
12.0 57.428767 0.15296537472 56.048625 0.172917916386
13.0 57.229708 0.149475562353 55.85346 0.0633113941219
14.0 55.479244 0.0755585590889 54.088409 0.00338564754151
15.0 54.155364 0.170144245161 52.748052 0.0409801981522
16.0 53.669208 0.0404711234793 52.246776 0.0914570569904
17.0 53.68383 0.136284547009 52.263631 0.1660551433
18.0 52.173764 0.0649305329317 50.739465 0.101301952512
19.0 51.468929 0.00272095997701 50.032043 0.0404872704192
20.0 52.007135 0.00878634994365 50.58073 0.138054663375
21.0 52.205211 0.170400856286 50.77776 0.120762651134
22.0 52.348714 0.12389388903 50.918771 0.0495718591051
23.0 51.664635 0.0246888798056 50.217604 0.159149835205
24.0 51.805564 0.119183159576 50.351062 0.174102979396
25.0 51.705424 0.021330258416 50.248989 0.077572407631
26.0 52.570027 0.062104698958 51.126727 0.0511574554406
27.0 52.845533 0.160939772026 51.412659 0.142130708345
28.0 53.237248 0.0803100903397 51.803729 0.133051427799
29.0 53.230507 0.0577826066282 51.791013 0.0564109042943
30.0 52.30039 0.00916041328045 50.853575 0.086532755617
31.0 52.751014 0.062052723198 51.317231 0.170219479176
32.0 53.06625 0.040492763725 51.644626 0.0148687999754
33.0 51.133829 0.02176409859 49.713192 0.00277191152316
34.0 50.415959 0.195499729935 48.988054 0.128753872796
35.0 50.415731 0.160806950598 48.981494 0.172504056313
36.0 50.062109 0.15422862819 48.61723 0.0977149585253
37.0 50.002279 0.162154093328 48.549394 0.0085836062555
38.0 51.013786 0.176246867583 49.570833 0.173819213327
39.0 52.103044 0.186480569266 50.670903 0.0476136193271
40.0 50.907609 0.199689122156 49.464871 0.086955735312
41.0 50.12988 0.145822603689 48.682388 0.168229950407
42.0 50.666662 0.124108629969 49.218456 0.156831280746
43.0 49.942101 0.154526282138 48.490622 0.189603588609
44.0 49.779546 0.0550812150223 48.321165 0.0701873180483
45.0 49.273473 0.150076315991 47.806346 0.160515358361
46.0 49.708368 0.00808635626599 48.249776 0.0177727196812
47.0 50.62323 0.14628810286 49.170051 0.14107885722
48.0 51.576184 0.0866853373717 50.137676 0.17920858393
49.0 46.141178 0.0879358916255 44.617399 0.170685749208
50.0 46.0838 0.0772465455285 44.569731 0.119897715575
51.0 44.244673 0.147398194931 42.726991 0.0101179490701
52.0 44.045219 0.117224689002 42.513515 0.0295079511023
53.0 44.480306 0.129247140544 42.957516 0.119873134818
54.0 44.875795 0.0543961214236 43.359689 0.0120358123753
55.0 46.236217 0.175492710201 44.737206 0.160642857959
56.0 46.160905 0.194501650922 44.666749 0.179408776053
57.0 44.912137 0.0716410451389 43.405775 0.111826883483
58.0 45.798255 0.0811360613016 44.301103 0.0501902911284
59.0 44.514776 0.161812370243 43.0031 0.0031452091351
60.0 45.528455 0.117642808405 44.033954 0.14836081216
61.0 45.621076 0.169826315212 44.13642 0.195098912973
62.0 46.617154 0.175602211404 45.14867 0.00286036083199
63.0 47.153633 0.0193678219909 45.692657 0.193994440733
64.0 46.707585 0.0508240220073 45.243644 0.0476108846831
65.0 47.312128 0.13367906007 45.857995 0.020520131012
66.0 48.721418 0.053062200189 47.28409 0.18716516959
67.0 49.763307 0.00342237067913 48.342088 0.132397904679
68.0 50.103604 0.115187332787 48.687326 0.016504160187
69.0 50.745919 0.0920014963207 49.332558 0.123374751581
70.0 51.396175 0.183912389216 49.984235 0.0988768437804
71.0 49.910071 0.119437410525 48.485066 0.19933004265
72.0 49.258481 0.0878107841836 47.822329 0.0320687492901
73.0 48.250972 0.0978353425841 46.804145 0.0272923605603
74.0 48.657243 0.0354754735107 47.212205 0.0558541407235
75.0 49.20392 0.0105220478338 47.773109 0.171226054018
76.0 49.709552 0.0536011798125 48.277574 0.165301613709
77.0 48.677509 0.1100699648 47.230814 0.13860403172
78.0 48.422923 0.0662379598802 46.971498 0.0457930005082
79.0 49.240158 0.0926828126582 47.801003 0.0237624141645
80.0 50.371384 0.0132053158871 48.944549 0.0444525485996
81.0 50.465209 0.036681257582 49.047341 0.0137354243198
82.0 49.361436 0.19423373442 47.931304 0.0760010922027
83.0 48.641652 0.144901306966 47.196412 0.156210086988
84.0 48.148935 0.0320705116551 46.703803 0.0505430547938
85.0 45.508126 0.194027591727 44.015006 0.126931616267
86.0 44.946284 0.125424583538 43.451316 0.0263631813137
87.0 44.274686 0.0417307487698 42.766526 0.140966706886
88.0 45.448617 0.109535026976 43.951901 0.143626383079
89.0 43.468066 0.145457007639 41.97484 0.178790003814
90.0 44.517065 0.0200382313184 43.038317 0.0611848980589
91.0 43.589468 0.0740488130738 42.100324 0.176545090539
92.0 44.015161 0.16505807991 42.537615 0.158469192477
93.0 43.871384 0.0910955801288 42.385697 0.0939048130198
94.0 43.847486 0.154330906991 42.36054 0.0592997305337
95.0 43.860767 0.0918904899093 42.371645 0.0263473281509
96.0 43.973834 0.0493630858308 42.487208 0.143243508221
97.0 44.425368 0.0487904781945 42.946322 0.108017423619
98.0 43.597253 0.0418442006281 42.113488 0.127231772905
99.0 43.32005 0.125358875636 41.82303 0.0304701388693
100.0 42.295521 0.191730715632 40.787539 0.0263201760348
101.0 42.732379 0.161608108424 41.2239 0.100832156613
102.0 42.407672 0.182669159378 40.883962 0.141235679258
103.0 41.637654 0.0448578520969 40.100396 0.160719149395
104.0 41.716115 0.014195081246 40.167688 0.186864903302
105.0 41.165274 0.0418906358565 39.602556 0.0679280743712
106.0 40.706393 0.0819519920426 39.126574 0.057279899397
107.0 40.4717 0.0972622825844 38.895379 0.192285740773
108.0 40.001497 0.13088008039 38.420682 0.18155005774
109.0 40.359704 0.0668526174737 38.779842 0.129264636018
110.0 40.141984 0.0436052047807 38.558633 0.0661637626434
111.0 40.803487 0.124826969391 39.223601 0.111010704998
112.0 40.691459 0.0979350571121 39.123794 0.13054407921
113.0 40.880926 0.0663162265319 39.307001 0.19269210267
114.0 40.387867 0.157115634639 38.803995 0.0715445341013
115.0 41.359575 0.109363311638 39.792537 0.0602479884881
116.0 41.171106 0.178757973242 39.613108 0.0693420411214
117.0 51.032276 0.167376936656 49.637385 0.0527485408882
118.0 52.579019 0.161979368433 51.201151 0.0722709643902
119.0 53.396658 0.0380430031366 52.028668 0.0506319455219
120.0 53.227292 0.14494318319 51.860843 0.172700226506
121.0 52.949029 0.109727849112 51.574859 0.0970846299344
122.0 52.181938 0.113056081478 50.801425 0.0360121454908
123.0 51.902684 0.0259360767891 50.525334 0.132383770681
124.0 51.832557 0.152522641519 50.456555 0.174791330527
125.0 52.783879 0.124652439643 51.423441 0.150800825038
126.0 52.957473 0.0671837692638 51.593063 0.056336701777
127.0 54.719715 0.03755233701 53.370459 0.0785373236127
128.0 55.920326 0.17751853455 54.585234 0.145737749696
129.0 55.030166 0.123510983111 53.689065 0.0302946193676
130.0 54.339903 0.10135325191 52.993214 0.152276632043
131.0 55.235444 0.0753246761668 53.903764 0.0651813556466
132.0 55.629598 0.149396568036 54.305813 0.140812178533
133.0 56.396044 0.101464835117 55.075608 0.0362710717684
134.0 56.196659 0.138005167639 54.878875 0.114367529787
135.0 54.891621 0.0240602725496 53.563909 0.107104760162
136.0 55.893356 0.0674508982253 54.578465 0.0942914538242
137.0 55.650258 0.0708780070257 54.327941 0.121872140921
138.0 56.018797 0.176225053212 54.697209 0.0832856155619
139.0 55.551524 0.125175354505 54.227423 0.0907348092218
140.0 56.016773 0.191870854423 54.707434 0.00400677530407
141.0 55.09189 0.155954244737 53.776894 0.046150962979
142.0 53.370013 0.0902597982622 52.038723 0.0173684248967
143.0 52.569141 0.078405935154 51.22433 0.197358188976
144.0 52.720453 0.115730570778 51.377819 0.06026288657
145.0 53.000327 0.0981436712071 51.667582 0.164904615683
146.0 53.033627 0.07496573043 51.701319 0.179225724434
147.0 52.870382 0.0710001143778 51.531613 0.114556290319
148.0 51.349669 0.183887024012 49.998444 0.169922534757
149.0 50.047645 0.149574249354 48.685398 0.184182517025
150.0 50.923692 0.0857556475092 49.57495 0.153662188159
151.0 51.074507 0.131168517127 49.726915 0.127926295836
152.0 51.730908 0.153537362589 50.393044 0.0214755121233
153.0 51.288477 0.181059157668 49.94498 0.180867391629
154.0 46.27367 0.16551662121 44.872041 0.058879555041
155.0 46.965043 0.143880427981 45.578784 0.0712190849119
156.0 47.916765 0.130949258947 46.54753 0.0543851521058
157.0 47.101824 0.0891116064687 45.7159 0.0612914843592
158.0 47.856375 0.1918522924 46.474868 0.0354609154278
159.0 46.939297 0.108187030893 45.549049 0.156512883769
160.0 47.679487 0.0770066583842 46.296767 0.0087711301253
161.0 46.642508 0.158496700297 45.251159 0.0631794142483
162.0 46.927203 0.0988162582324 45.545241 0.135535794321
163.0 46.797105 0.0825565280322 45.414006 0.189068502997
164.0 46.679822 0.144159678645 45.29912 0.172297321583
165.0 46.887038 0.0918820143727 45.514346 0.0939120474257
166.0 47.424634 0.167574338938 46.054109 0.136046418613
167.0 48.826995 0.0185157579478 47.443997 0.197952975721
168.0 50.592746 0.118634715459 49.225894 0.0651016182164
169.0 50.723218 0.116713393944 49.363783 0.11980674944
170.0 51.365815 0.121685394199 50.017047 0.019548025143
171.0 51.545403 0.143933268377 50.203653 0.179352969862
172.0 52.350176 0.0707563142264 51.013215 0.180006559343
173.0 51.876591 0.0503385966556 50.533888 0.132941536267
174.0 51.600762 0.0978843473773 50.251158 0.150118710348
175.0 52.633787 0.0338179671373 51.297447 0.114054550422
176.0 53.642326 0.159375588854 52.320252 0.129833585652
177.0 55.019623 0.0278539678404 53.710625 0.0980961857831
178.0 55.277732 0.158471506303 53.969913 0.0660999252827
179.0 54.078143 0.00399358509926 52.761569 0.0659054778969
180.0 53.816791 0.0169003652316 52.496773 0.0268952859946
181.0 55.061959 0.149233367855 53.752937 0.0529383793414
182.0 38.651957 0.0986509116567 37.105508 0.143421324983
183.0 38.570252 0.0474180117706 37.01729 0.0733137949381
184.0 38.491374 0.0748577866757 36.946789 0.00581387413887
185.0 38.361077 0.0171522607751 36.828033 0.0314152351498
186.0 39.074787 0.0507924351593 37.554308 0.0513670196385
187.0 39.413191 0.193761893173 37.906302 0.158908947702
188.0 38.824517 0.160813572772 37.307823 0.0729545830586
189.0 39.56366 0.0778267426373 38.053501 0.0156777593443
190.0 39.10077 0.0198933656597 37.57567 0.152272592898
191.0 39.3181 0.123140120377 37.795801 0.176234609488
192.0 40.64702 0.0495445932493 39.141454 0.113136934006
193.0 40.088604 0.181795564792 38.581452 0.155905316467
194.0 40.471416 0.0211899356042 38.970788 0.122430767795
195.0 41.028356 0.0307089067778 39.539658 0.192918979999
196.0 41.084091 0.0138418944184 39.600803 0.156236127276
197.0 41.842556 0.16983638903 40.367454 0.0978490359231
198.0 40.439977 0.024770552879 38.948379 0.0609622691998
199.0 40.160002 0.0269157728279 38.666242 0.146683529894
200.0 39.777347 0.0658574496201 38.282238 0.1966642898
201.0 41.865497 0.103629842303 40.38158 0.102730719207
202.0 40.965611 0.0147621143462 39.471701 0.169989633247
203.0 41.077085 0.163644886999 39.594565 0.137416149415
204.0 40.827871 0.0251296108646 39.338975 0.00285684518203
205.0 41.364568 0.155240428621 39.884333 0.16308657041
206.0 41.264648 0.172864353872 39.787303 0.121166789696
207.0 41.597421 0.000720601463747 40.132257 0.0894718962428
208.0 41.705793 0.141822796742 40.249207 0.0912664507732
209.0 40.905756 0.0967761022279 39.435009 0.174864257898
210.0 39.773898 0.0434688612047 38.289146 0.17338768018
211.0 39.636803 0.173849052371 38.153744 0.192960845808
212.0 40.122608 0.0250331057598 38.652456 0.152927240645
213.0 40.054728 0.167730684282 38.589677 0.0255531737213
214.0 39.204355 0.0863238984603 37.727094 0.105228948999
215.0 39.974585 0.120511081668 38.512852 0.0745236265654
216.0 40.804795 0.0657788893798 39.355193 0.0279798823026
217.0 38.375952 0.0485953384281 36.880659 0.0676309182257
218.0 38.993723 0.107585754519 37.500702 0.0173968451778
219.0 40.014901 0.182361117103 38.53451 0.123575618136
220.0 38.353441 0.015790303626 36.873499 0.0275335204863
221.0 37.731866 0.042449494076 36.245601 0.0292583350089
222.0 38.093927 0.0108703954163 36.621891 0.00420441115299
223.0 37.976 0.146184917493 36.501825 0.18999427388
224.0 37.625435 0.0969039588395 36.14208 0.0695928592847
225.0 38.005853 0.176727071395 36.530166 0.180968492244
226.0 36.968368 0.0682828578018 35.478678 0.0496473496428
227.0 37.649656 0.142989474859 36.168417 0.0706411189746
228.0 37.606283 0.00269114434449 36.126717 0.0159919014764
229.0 37.860379 0.00749722028791 36.377414 0.0265264817987
230.0 38.943729 0.0825362039136 37.477289 0.0644892569518
231.0 38.909859 0.0659669598801 37.438387 0.0447723846022
232.0 37.726601 0.142810801607 36.23977 0.158256712518
233.0 38.313591 0.0695305803748 36.823157 0.167793303669
234.0 38.501423 0.141177186776 37.015618 0.168940994631
235.0 39.446801 0.167195941728 37.972266 0.0528160518016
236.0 39.608529 0.0426775316425 38.130141 0.0315661113082
237.0 39.105017 0.00377932241792 37.625761 0.0328612418473
238.0 39.328644 0.000562607648944 37.853912 0.198752545133
239.0 38.956454 0.00893826868767 37.472622 0.156509447062
240.0 38.768944 0.151246696042 37.286976 0.0152431668775
241.0 38.560399 0.0919230646541 37.067493 0.00917270544306
242.0 39.526142 0.178028253478 38.048487 0.142866064723
243.0 39.877445 0.00930396886487 38.406289 0.179814641863
244.0 40.964729 0.0611005229449 39.510539 0.197691687711
245.0 41.887183 0.121652191736 40.445017 0.103403548109
246.0 41.673578 0.145660142633 40.229987 0.165070916807
247.0 41.039425 0.121992546683 39.590385 0.0139639316729
248.0 40.329741 0.199248442169 38.885245 0.121827436681
249.0 40.376221 0.086652130564 38.938018 0.0900109592641
250.0 39.971594 0.0501931451607 38.533999 0.142463781544
251.0 39.092563 0.184672122968 37.647866 0.0345057546002
252.0 39.932478 0.181026918397 38.499602 0.054726144862
253.0 39.442847 0.179782700943 37.998784 0.0133925630519
254.0 39.865665 0.0081525123146 38.433776 0.166922667283
255.0 39.709963 0.12280351791 38.278668 0.0500388294247
256.0 40.630879 0.0958855596837 39.211944 0.0486264526888
257.0 40.936473 0.0226522404806 39.522088 0.0241606501115
258.0 41.579102 0.0142468270381 40.16952 0.136098585652
259.0 41.740597 0.157607294515 40.327777 0.0536190083102
260.0 42.174388 0.00627135143132 40.761509 0.0024953268294
261.0 40.707298 0.105037566242 39.27827 0.155601027543
262.0 39.43743 0.0203783325005 37.995258 0.00667988767919
263.0 38.226219 0.029522713342 36.771865 0.0312304551471
264.0 37.511309 0.116292825182 36.041085 0.0297931907471
265.0 37.324217 0.0341117497971 35.851227 4.548092265e-05
266.0 36.9921 0.11708570493 35.514082 0.155308719446
267.0 37.096923 0.168678241044 35.62676 0.0310051888806
268.0 37.872424 0.021971738734 36.415117 0.0789461187483
269.0 38.023749 0.181317447582 36.572764 0.0697188900213
270.0 37.894959 0.169930034566 36.4455 0.0488179256241
271.0 37.975639 0.134279502226 36.520572 0.0485996891004
272.0 37.206381 0.042353464844 35.741287 0.0201556036585
273.0 36.676757 0.180022549055 35.2095 0.0617110782374
274.0 35.898487 0.153144768389 34.41641 0.172699909329
275.0 35.430331 0.128968446262 33.932227 0.121327779112
276.0 34.80737 0.0245904621763 33.299807 0.0426120511674
277.0 34.670851 0.124163889493 33.1607 0.0756022437186
278.0 33.917649 0.18608059537 32.389912 0.0741726910737
279.0 34.090704 0.161304870528 32.564824 0.114369985621
280.0 35.157384 0.161780772906 33.645665 0.0223613562797
281.0 35.442319 0.158754255405 33.939029 0.065120493249
282.0 34.665549 0.170451035682 33.150218 0.108788466153
283.0 35.213225 0.0454672274631 33.704061 0.158050971148
284.0 34.538054 0.0594973014536 33.020312 0.121414368175
285.0 36.613947 0.0415305332815 35.112445 0.187125619422
286.0 36.179752 0.0650768272729 34.677312 0.194990702226
287.0 35.91272 0.0767702431135 34.396522 0.0443643717098
288.0 36.453689 0.187517848142 34.952998 0.0891543847894
289.0 36.175657 0.16775887062 34.664027 0.12114104572
290.0 36.114962 0.167789327427 34.611466 0.180506791375
291.0 35.413551 0.00973874974149 33.896974 0.0277880600003
292.0 35.565445 0.124037696154 34.046497 0.173663478562
293.0 35.425931 0.184249041807 33.898619 0.0531840655147
294.0 34.891755 0.0859064203634 33.351571 0.173061279567
295.0 35.270681 0.192468995732 33.746304 0.0186943286875
296.0 35.33361 0.053758470476 33.813279 0.135741830803
297.0 35.842822 0.155455825175 34.331659 0.0150536661337
298.0 35.838548 0.00927669477992 34.328483 0.102315763438
299.0 35.843007 0.135506153239 34.332053 0.171474933151
300.0 37.933811 0.190084362177 36.431808 0.149390524357
301.0 37.562913 0.0239061473196 36.04458 0.124867697642
302.0 38.268684 0.186526321015 36.764916 0.0792617445109
303.0 37.193259 0.151899741465 35.676608 0.172506609025
304.0 37.395428 0.00181784904623 35.875634 0.0510824537871
305.0 36.72408 0.120371857059 35.197876 0.0394523205558
306.0 36.291466 0.0569155012537 34.761723 0.101383435786
307.0 35.727295 0.129942936424 34.190741 0.0744447075572
308.0 35.894227 0.151217019893 34.359216 0.19029396185
309.0 35.836919 0.0535931330471 34.289733 0.00128095784828
310.0 35.999091 0.0818937986048 34.461418 0.0880941730595
311.0 36.07638 0.194111858451 34.54349 0.163473555305
312.0 36.594749 0.0383843352053 35.062549 0.0854690194002
313.0 35.529803 0.133657590789 33.982902 0.0826591232984
314.0 35.5149 0.162170059261 33.966451 0.0818151095367
315.0 35.15345 0.133153966331 33.60491 0.063668821415
316.0 35.559022 0.0173545324498 34.025534 0.0146919575265
317.0 34.642274 0.0132238800064 33.098092 0.15335678897
318.0 34.235986 0.126636897785 32.675948 0.0429946190337
319.0 34.828885 0.0198087602469 33.28199 0.112811396581
320.0 34.374026 0.127713880905 32.828923 0.000915526749948
321.0 34.650656 0.172879557432 33.107351 0.122645125818
322.0 34.829309 0.0119209479477 33.29858 0.0581903269963
323.0 34.574107 0.129602864211 33.028252 0.19560529315
324.0 34.66034 0.0286680323352 33.109326 0.18641146527
325.0 34.758294 0.104169062918 33.212753 0.125971709796
326.0 34.200981 0.0379548779207 32.652663 0.0136587813916
327.0 33.639621 0.039971994944 32.083747 0.0282993882424
328.0 34.254285 0.154008720764 32.702996 0.0677948946936
329.0 34.904597 0.00791659288453 33.365054 0.0645292577799
330.0 35.203242 0.175960939026 33.679662 0.104634617161
331.0 35.122495 0.0476391282018 33.596301 0.198715963653
332.0 34.706618 0.166983892679 33.166307 0.148095550619
333.0 34.756207 0.172482861434 33.223756 0.125286654763
334.0 34.603187 0.0557007079599 33.074963 0.11704938862
335.0 34.247218 0.0913042304652 32.713208 0.0342205895084
336.0 37.037102 0.191418798599 35.515998 0.00430124170096
337.0 38.203026 0.0389696430468 36.698469 0.12841512073
338.0 39.839248 0.0234302751779 38.356219 0.133922011257
339.0 40.396078 0.0794735459901 38.915485 0.155827481567
340.0 39.562574 0.152646959918 38.067008 0.123508675914
341.0 40.162797 0.0775247806263 38.675978 0.0252796345936
342.0 39.822531 0.035794063809 38.333413 0.0316945512521
343.0 39.686357 0.0905168937839 38.193853 0.0857026486273
344.0 39.763142 0.0416482545623 38.278965 0.144285167736
345.0 38.913577 0.0593760418833 37.41572 0.101319560778
346.0 38.060679 0.16561593321 36.547388 0.0155322343438
347.0 38.178035 0.0724469099021 36.657249 0.14711863158
348.0 37.605868 0.0307386320037 36.069513 0.00741758217892
349.0 38.115675 0.139924865673 36.58922 0.0239372244801
350.0 37.679529 0.160460352141 36.138224 0.0772783006074
351.0 38.083119 0.182191065509 36.547567 0.165173008355
352.0 39.60637 0.0297079756954 38.071544 0.183139150919
353.0 39.735276 0.0666236940226 38.200398 0.116788865556
354.0 39.881074 0.122542654018 38.349865 0.135333087871
355.0 39.867747 0.163251566912 38.336881 0.0843304854954
356.0 39.244505 0.0521060487499 37.707634 0.0710333721792
357.0 39.876472 0.0217679149973 38.352147 0.139668987851
358.0 39.701773 0.100759122493 38.162941 0.0494619103466
359.0 39.448522 0.0239925318663 37.905086 0.110185796934
360.0 39.017155 0.062845787079 37.470369 0.136202144554
361.0 38.866003 0.0538929341264 37.313349 0.116410759222
362.0 38.100332 0.0690959048588 36.540887 0.0856376258743
363.0 38.915479 0.0841958320778 37.365892 0.120455661501
364.0 38.625217 0.059550190323 37.062001 0.116250322695
365.0 37.698928 0.137684426612 36.123275 0.132641677262
366.0 36.870978 0.162802016449 35.284248 0.189690364756
367.0 37.235199 0.179888460216 35.643377 0.17448759284
368.0 37.003259 0.0832160800412 35.396761 0.141024017772
369.0 37.075369 0.085699233265 35.459558 0.133817513386
370.0 36.721049 0.126404632553 35.092941 0.162068661738
371.0 45.296119 0.116363969558 43.861556 0.118952967455
372.0 44.623081 0.0610461577819 43.172174 0.154138781862
373.0 45.874804 0.0979908280803 44.431347 0.0553161080525
374.0 44.666016 0.101429226551 43.210396 0.03798527953
375.0 45.830389 0.119264324626 44.385506 0.017218165597
376.0 45.598 0.106713642122 44.150038 0.18401117435
377.0 46.73655 0.0832057909989 45.305474 0.0906086620264
378.0 45.335999 0.0608473253967 43.892409 0.0528136355642
379.0 44.059769 0.134210211287 42.601877 0.151242269922
380.0 44.869632 0.00473242427295 43.423757 0.113136261767
381.0 45.334118 0.0146829029065 43.901037 0.0175320197464
382.0 44.787498 0.191456611344 43.34387 0.142981213847
383.0 43.453404 0.170029738376 41.993197 0.00490083157457
384.0 43.398736 0.184708666183 41.942313 0.0442937076718
385.0 44.584224 0.0848050821767 43.139826 0.00877080670222
386.0 43.453298 0.110371905405 41.995596 0.120790509453
387.0 42.786553 0.183469713511 41.320362 0.0486892785305
388.0 46.043286 0.0596739085624 44.586067 0.131037491946
389.0 45.71263 0.197715017293 44.258038 0.17844948966
390.0 46.481577 0.0102587956558 45.042908 0.00663752261092
391.0 45.854913 0.137614253474 44.400086 0.0348732095312
392.0 47.13737 0.182525828818 45.697853 0.174656801597
393.0 47.091667 0.0983889270892 45.649802 0.14623452353
394.0 48.113498 0.0665971234004 46.682216 0.0973052207615
395.0 48.15799 0.0683305519239 46.725468 0.122611541613
396.0 49.271917 0.0919992700002 47.851958 0.15015616016
397.0 48.007835 0.167292034281 46.576122 0.0269913484321
398.0 48.335088 0.189956390086 46.899492 0.168708345673
399.0 48.884878 0.141540527009 47.451436 0.0551226443401
400.0 52.708586 0.0816427411977 51.319914 0.104248678843
401.0 50.841308 0.117189266722 49.46369 0.00878348937693
402.0 49.695315 0.172505180449 48.305711 0.0185380803778
403.0 50.484972 0.153634436577 49.106046 0.0102098267458
404.0 49.686562 0.134634926263 48.30203 0.122115425816
405.0 49.880558 0.126983215048 48.491634 0.131014723347
406.0 49.408731 0.0794599702106 48.018406 0.135686109044
407.0 49.441535 0.0996781668713 48.05436 0.155713384376
408.0 49.339559 0.194200766017 47.954399 0.0806859100629
409.0 49.123275 0.133685251364 47.739662 0.101553642037
410.0 49.23532 0.154475271451 47.854715 0.119584597027
411.0 47.893711 0.133039486257 46.498544 0.0860833423665
412.0 47.607856 0.185314004432 46.205666 0.0237135272666
413.0 47.600878 0.13444750746 46.194321 0.0370525403442
414.0 46.778916 0.161565705279 45.357934 0.109895126585
415.0 48.039291 0.0243944952798 46.635085 0.0962045917221
416.0 47.269169 0.106814262649 45.868405 0.0147180523561
417.0 47.644394 0.0812163283227 46.250509 0.136912723392
418.0 48.377289 0.00530069364922 46.991403 0.131261730009
419.0 48.905712 0.169403202251 47.521425 0.0617240874621
420.0 48.574964 0.0216025144721 47.186352 0.0376513672514
421.0 50.133543 0.191022982317 48.760298 0.0729678435516
422.0 51.309549 0.0196395998066 49.949355 0.0821761333144
423.0 49.996245 0.0714715183436 48.623009 0.134592716966
424.0 51.142635 0.0729571073506 49.784749 0.0165345766968
425.0 51.83178 0.192018989142 50.480489 0.154990579555
426.0 52.346843 0.0977579346503 51.00504 0.0942040889042
427.0 52.365693 0.162050221487 51.025707 0.0777260699821
428.0 51.185602 0.176857222389 49.831873 0.0122156258728
429.0 51.343775 0.135001178341 49.986494 0.00625199994333
430.0 52.431767 0.0597180125524 51.081973 0.0965937033359
431.0 53.275855 0.119009374131 51.931782 0.0225409869457
432.0 51.87268 0.075136968124 50.515491 0.173528246701
433.0 51.236741 0.00764704510873 49.872818 0.0785824674224
434.0 52.478612 0.0600965880969 51.125813 0.00323448934499
435.0 52.939406 0.138053840636 51.590987 0.0174697297936
436.0 40.748904 0.178829499072 39.224343 0.0267912254264
437.0 42.854353 0.13608907632 41.337052 0.0703524688006
438.0 42.433474 0.0169432814073 40.90593 0.108001199166
439.0 42.432653 0.00285281632861 40.902208 0.100922219533
440.0 42.874839 0.0667302666134 41.353293 0.136186783976
441.0 43.26263 0.0584504939717 41.749341 0.171543491055
442.0 43.014731 0.184363532425 41.501507 0.0227167921267
443.0 42.565983 0.135858703173 41.040758 0.15888107209
444.0 42.463749 0.0809144901669 40.92399 0.0810997088486
445.0 42.383349 0.0505824345243 40.853628 0.162283181887
446.0 41.57679 0.0665829324733 40.030258 0.0981486279745
447.0 40.758343 0.129372801371 39.200675 0.083468004907
448.0 39.94068 0.0192935278272 38.366832 0.106220883604
449.0 42.777639 0.0959106205885 41.216343 0.0180380013238
450.0 42.368218 0.143972367366 40.812172 0.172995514021
451.0 42.591634 0.132207248285 41.042109 0.0487310626612
452.0 42.576943 0.122388239282 41.024247 0.175644993521
453.0 42.200138 0.023430202954 40.64359 0.0834308773742
454.0 42.928254 0.0133216209039 41.387335 0.0597244983694
455.0 41.965368 0.116113430047 40.413295 0.166938673885
456.0 42.283218 0.113707461487 40.742922 0.119115629105
457.0 42.366687 0.0246067858194 40.820879 0.125107148049
458.0 42.243462 0.0197884571116 40.707011 0.154584257989
459.0 41.284969 0.110356956726 39.733071 0.0374946117984
460.0 41.486311 0.146056057353 39.937248 0.189035340395
461.0 40.961046 0.0898454719733 39.397562 0.12542813851
462.0 40.924504 0.0316943977324 39.363301 0.181901055002
463.0 41.177529 0.0650667421084 39.617152 0.0935145339912
464.0 42.102987 0.0378945824145 40.554928 0.12752706423
465.0 42.420722 0.04312658688 40.87793 0.11477163792
466.0 43.03832 0.151059345177 41.510713 0.0258337594119
467.0 42.11566 0.0429612535921 40.572274 0.195823800977
468.0 42.46362 0.075508725093 40.927281 0.0404670613026
469.0 42.585615 0.0239069819679 41.061144 0.108062432036
470.0 43.484016 0.190282424847 41.968944 0.167424481711
471.0 43.874153 0.0331565932984 42.361567 0.170797980032
472.0 44.428217 0.191298196907 42.915246 0.0587685310242
473.0 43.792788 0.0227734851386 42.278217 0.187990542638
474.0 43.368653 0.149805333225 41.853534 0.0815121184081
475.0 43.262821 0.0931274015112 41.747897 0.00514462146918
476.0 43.610046 0.117583741771 42.10116 0.170501107314
477.0 43.289393 0.0213663463335 41.772972 0.103755015142
478.0 43.917116 0.0756421497545 42.405724 0.0748446917718
479.0 44.194464 0.121077104386 42.695893 0.123025300858
480.0 44.690556 0.00550943863484 43.193836 0.0210917955571
481.0 45.813997 0.0760990388942 44.326902 0.0287912630573
482.0 45.586493 0.122934762863 44.09387 0.0300353064765
483.0 46.362121 0.181926115717 44.877738 0.0841384430078
484.0 46.449833 0.0250600254995 44.9633 0.128582211906
485.0 46.796428 0.171360891881 45.307051 0.00225352297974
486.0 47.013658 0.176307944635 45.522163 0.0987797364094
487.0 47.032738 0.189889632203 45.539908 0.168640175456
488.0 46.998409 0.0557020230244 45.513005 0.0654517514939
489.0 46.27498 0.0885575797049 44.777726 0.090181604753
490.0 45.726462 0.137563291792 44.218048 0.117926991392
491.0 46.560175 0.143336443406 45.062142 0.0652163538751
492.0 47.110874 0.0666044452654 45.621839 0.0574211534687
493.0 48.142147 0.195940338341 46.664059 0.019050140803
494.0 47.910779 0.154016079223 46.426575 0.150571538744
495.0 48.124214 0.0521383752619 46.645149 0.078860384736
496.0 48.593465 0.0408673309399 47.113329 0.160955065359
497.0 48.032066 0.0219177116383 46.542401 0.160760309848
498.0 49.197213 0.143293487203 47.717565 0.195388027933
499.0 48.865468 0.188996093926 47.378132 0.0634759247587
500.0 56.340729 0.0530470595932 54.96216 0.157041538344
