0.0 24.950458 0.0875256538074 23.496102 0.0509482345189
1.0 25.435934 0.0493036920941 23.990329 0.0317504251838
2.0 25.093094 0.0718310427276 23.637393 0.197935128236
3.0 24.863678 0.00222148404149 23.408658 0.189270462791
4.0 25.320395 0.145685576591 23.868625 0.173739170613
5.0 24.973236 0.119790080819 23.513668 0.0552682786859
6.0 25.153939 0.153847288478 23.692443 0.0978696280446
7.0 26.445749 0.130636123559 24.999648 0.150313566825
8.0 27.191209 0.170320503888 25.756758 0.166340375088
9.0 28.086512 0.114677962087 26.663446 0.0918214142419
10.0 26.968178 0.187359615377 25.531386 0.186247458361
11.0 27.450596 0.102675961571 26.018628 0.00360454221103
12.0 28.19578 0.021242254019 26.769996 0.0936565606321
13.0 27.519093 0.199328402271 26.083691 0.0845550794606
14.0 27.46452 0.150496851113 26.033068 0.0695122100197
15.0 27.717032 0.119590587673 26.287359 0.0901485312683
16.0 28.628997 0.149090936904 27.214635 0.129142187253
17.0 28.828958 0.138000548428 27.418169 0.11760427642
18.0 27.855331 0.0810574222794 26.434059 0.000102662688979
19.0 28.073168 0.0128109460265 26.652961 0.11587698423
20.0 27.225767 0.113501885455 25.794457 0.101930452942
21.0 29.200485 0.187080542052 27.777782 0.010171658223
22.0 29.019579 0.0680928143594 27.593146 0.110541027442
23.0 28.990769 0.163035497116 27.568124 0.0845854341098
24.0 28.237963 0.0149561438373 26.803331 0.155966828792
25.0 28.497815 0.189876447483 27.069216 0.152893062061
26.0 27.80651 0.115983068893 26.36488 0.194961648024
27.0 27.819034 0.189355735666 26.372534 0.10445216942
28.0 28.201526 0.0382797019997 26.765207 0.0612006361428
29.0 27.711352 0.176273301902 26.267609 0.142216999413
30.0 27.449351 0.0768873967359 26.00176 0.129687552361
31.0 28.343119 0.0750132387845 26.909433 0.140909884719
32.0 27.305822 0.187732552347 25.861334 0.0108420782065
33.0 26.762343 0.0249574200196 25.311563 0.0374636374444
34.0 26.131767 0.186642420897 24.674238 0.0417219471031
35.0 26.0207 0.169722481113 24.56659 0.199023918671
36.0 24.853426 0.0152339511329 23.383934 0.163896246347
37.0 24.704069 0.117413881978 23.227444 0.0849359308678
38.0 25.197013 0.146433501481 23.726338 0.148967220306
39.0 25.156525 0.146536943108 23.681593 0.1670466161
40.0 25.01337 0.156430453095 23.53241 0.188539073436
41.0 25.861601 0.0538845098434 24.390446 0.0790274503123
42.0 28.569592 0.0542184157424 27.115095 0.10386424344
43.0 29.61303 0.0892466119649 28.175641 0.199354096759
44.0 29.436436 0.0422004597352 27.996618 0.0365033534241
45.0 30.666546 0.116865442185 29.243718 0.163860437779
46.0 30.69213 0.040023609048 29.267968 0.0908407782455
47.0 29.484348 0.12709714125 28.046477 0.0796723312799
48.0 29.069361 0.0730822284186 27.62998 0.0816557357835
49.0 29.824745 0.0298181246384 28.396189 0.0262551516093
50.0 31.008133 0.0587159223255 29.593045 0.0511395225462
51.0 30.269786 0.0120755249947 28.847988 0.0394252536333
52.0 29.360772 0.0844969724492 27.922795 0.138350680231
53.0 29.361202 0.198105241575 27.927244 0.187131555446
54.0 28.97569 0.175038440431 27.539552 0.0977318347465
55.0 28.741981 0.105930707656 27.300813 0.0382211687379
56.0 27.664787 0.141869265678 26.209254 0.169656540494
57.0 28.720994 0.0710566920247 27.277195 0.171710088622
58.0 29.084978 0.0216651876607 27.647477 0.0814379630111
59.0 29.24605 0.147666678809 27.806282 0.0633287596673
60.0 29.807133 0.109661966023 28.37963 0.182529623453
61.0 28.916434 0.0450396768207 27.480087 0.181960143343
62.0 28.482967 0.01166363188 27.039061 0.124298397214
63.0 29.677434 0.100484566148 28.255083 0.127560643603
64.0 29.174827 0.0404125806332 27.744877 0.175563857063
65.0 29.428427 0.134650861019 28.000973 0.0883359046346
66.0 28.245109 0.131078595869 26.801536 0.156548413844
67.0 27.202513 0.102118309941 25.746434 0.0642075998249
68.0 26.086438 0.156745927574 24.617308 0.111156833382
69.0 26.570392 0.0379657615859 25.110266 0.0171827526693
70.0 26.617913 0.144895591818 25.157067 0.0584289755245
71.0 25.633958 0.131723937987 24.156186 0.0886720582054
72.0 25.512183 0.145982442138 24.027249 0.0579923189511
73.0 26.140741 0.077181367407 24.667569 0.0987895656131
74.0 25.562472 0.087022698129 24.083929 0.155515590063
75.0 24.49985 0.0732740055061 23.005414 0.101328784639
76.0 24.200593 0.0183106622772 22.69739 0.00770981622137
77.0 23.588089 0.0419839428306 22.074974 0.140384051878
78.0 23.270256 0.120686904354 21.7467 0.065668907697
79.0 23.11143 0.19764242921 21.587632 0.0804376351655
80.0 22.337932 0.00250719137197 20.803914 0.103132875236
81.0 22.967064 0.0132269763439 21.449655 0.0116032121134
82.0 23.961127 0.0814989613273 22.4308 0.0549728379142
83.0 23.518585 0.130170156148 21.983762 0.0978138909354
84.0 22.946464 0.16516823472 21.406196 0.15394255964
85.0 22.527632 0.109876273689 20.983394 0.164466467745
86.0 22.427332 0.00269420730441 20.887391 0.19792584982
87.0 22.740396 0.117240065901 21.204918 0.136252584431
88.0 22.324884 0.157867848671 20.784124 0.129724162773
89.0 22.801667 0.018625874113 21.266927 0.0561806244063
90.0 22.180507 0.179731483199 20.636307 0.0793565441722
91.0 22.161574 0.12395055673 20.610531 0.14872759464
92.0 22.436796 0.151277647409 20.886632 0.0494778966237
93.0 23.157354 0.180882710662 21.622133 0.18653793744
94.0 23.932143 0.126591123136 22.411748 0.066036095245
95.0 23.361429 0.181970394694 21.834848 0.0943452533271
96.0 21.590831 0.0930532807488 20.052725 0.0234163058216
97.0 25.659514 0.145156377102 24.193367 0.159129970397
98.0 26.463292 0.179777975717 25.006643 0.110507430907
99.0 26.136146 0.0796917346467 24.679151 0.133688985068
100.0 26.08752 0.152406327556 24.626214 0.0211609995495
101.0 25.730713 0.0770148429596 24.264684 0.0062929771355
102.0 25.785843 0.0889266475218 24.321183 0.00232225167629
103.0 26.750677 0.193538608133 25.296737 0.148218741707
104.0 27.369998 0.063064175861 25.928494 0.0729646348445
105.0 26.490065 0.0563260458495 25.033242 0.152217814722
106.0 26.40812 0.110002996417 24.950427 0.0713301373022
107.0 26.796013 0.0636412525502 25.340027 0.0157899270222
108.0 27.181755 0.0197806379984 25.731036 0.160844112293
109.0 27.42878 0.142976125503 25.980894 0.0422644432067
110.0 26.989092 0.116256611275 25.532465 0.143775506839
111.0 26.937449 0.12871536073 25.47756 0.156113735238
112.0 27.453548 0.174121078047 26.004616 0.00531206823528
113.0 26.207603 0.0351576243954 24.742086 0.195683636273
114.0 25.81279 0.0519973253903 24.335739 0.0896259379418
115.0 25.797264 0.0181289425787 24.323915 0.0993205803776
116.0 27.998349 0.0892826954164 26.534627 0.140631581364
117.0 27.681438 0.119496357433 26.217002 0.0230361799315
118.0 27.237489 0.136641630252 25.768362 0.146557762403
119.0 26.672352 0.041717404033 25.199178 0.0531118418907
120.0 25.763396 0.021506821479 24.275275 0.0455846850834
121.0 25.482316 0.0904293526262 23.99197 0.058655064336
122.0 24.378431 0.136786736468 22.871786 0.113997618252
123.0 24.667656 0.104332815847 23.169044 0.149721615204
124.0 24.835549 0.180426543771 23.336478 0.117922074455
125.0 24.48437 0.0577765742612 22.972332 0.0389562241622
126.0 24.768824 0.0561505267043 23.264779 0.0439945953857
127.0 25.027843 0.19443150235 23.526805 0.128622102383
128.0 25.529599 0.146873243386 24.037622 0.104507599308
129.0 25.842079 0.0208249929067 24.352117 0.0249349283429
130.0 25.278969 0.185704235205 23.805652 0.0949843529616
131.0 24.755922 0.183061558042 23.277903 0.0244627754029
132.0 24.096195 0.15356038352 22.612191 0.0669728347216
133.0 28.210298 0.118354367261 26.791951 0.143887157962
134.0 27.667289 0.0105834550891 26.243995 0.00786151137054
135.0 26.940333 0.100319425373 25.502503 0.0891502873651
136.0 27.845657 0.16945309821 26.417716 0.0643238110972
137.0 27.961905 0.189582333997 26.537455 0.0597622747499
138.0 26.472845 0.141756242342 25.031163 0.171826371235
139.0 25.678582 0.181602466501 24.223815 0.0773173117571
140.0 25.112859 0.0795317078764 23.649255 0.0910913162692
141.0 25.436587 0.183300401747 23.981427 0.0726798099899
142.0 25.416608 0.134982759563 23.957778 0.174683815737
143.0 25.894778 0.100047058764 24.444965 0.0714724069897
144.0 25.394969 0.044624666915 23.936547 0.195222574224
145.0 26.009692 0.188340387855 24.55969 0.103093625405
146.0 25.863913 0.082119280188 24.416482 0.116271902055
147.0 26.496246 0.0723973436438 25.054363 0.118791647426
148.0 26.970846 0.110293162776 25.521319 0.158307487696
149.0 28.141238 0.095324687415 26.708567 0.0511403474585
150.0 28.604711 0.131224304618 27.183244 0.193129138144
151.0 28.991231 0.105775695417 27.57567 0.120337075721
152.0 28.135176 0.00659227704003 26.711651 0.0980468065768
153.0 28.34941 0.113770566715 26.932161 0.0776009095356
154.0 28.846627 0.0533596510708 27.436671 0.0180449974588
155.0 28.48202 0.0362052546949 27.067317 0.0727217756264
156.0 28.233365 0.18953137357 26.81903 0.0117798013443
157.0 27.858546 0.07174652811 26.434923 0.178255653264
158.0 27.15949 0.17068162135 25.728736 0.16859341395
159.0 27.007223 0.123227997726 25.572244 0.122508329287
160.0 26.31331 0.0406625239919 24.86652 0.128776826226
161.0 26.300513 0.0555667851532 24.852676 0.0531433159627
162.0 29.525768 0.195887220186 28.122989 0.166610823247
163.0 28.657565 0.109518021466 27.246749 0.187771203822
164.0 29.66444 0.0622456172733 28.269002 0.111179443102
165.0 29.109536 0.025387268454 27.706329 0.0313540477979
166.0 28.819513 0.0571340457081 27.413431 0.168911571083
167.0 28.381049 0.158283706471 26.966911 0.0260832237984
168.0 30.71584 0.0953992578693 29.313131 0.116673475898
169.0 29.796974 0.111676391485 28.377211 0.0730229671293
170.0 30.307572 0.0650235537921 28.895237 0.155327430565
171.0 30.497728 0.0173341806287 29.091449 0.162576089893
172.0 30.947465 0.0605404130572 29.543185 0.0861363969818
173.0 30.989467 0.015511218177 29.587475 0.1662861426
174.0 30.470589 0.00912276705872 29.065326 0.0587752489893
175.0 29.964932 0.0850341486825 28.550405 0.0113644528777
176.0 29.903341 0.0245921402245 28.492175 0.149710492965
177.0 29.190873 0.0404016576979 27.771357 0.0345397353034
178.0 29.768283 0.0749925787442 28.357865 0.050827270449
179.0 28.52298 0.0482882689478 27.096935 0.18264776798
180.0 27.82256 0.114858175593 26.385914 0.198562537735
181.0 28.129984 0.140508160086 26.696407 0.0936390713388
182.0 29.401089 0.168001188685 27.981237 0.080612190819
183.0 27.436647 0.0698107833347 26.00903 0.162107682325
184.0 28.119414 0.0149859524907 26.705351 0.173225108841
185.0 29.492018 0.013046447542 28.094116 0.0100577753132
186.0 30.803046 0.0291703447633 29.418214 0.0699197320258
187.0 30.197811 0.131546064749 28.802394 0.119585134466
188.0 29.079373 0.146290308565 27.670008 0.143887845597
189.0 28.374352 0.186523327395 26.953057 0.150562806505
190.0 29.525748 0.0835681789928 28.118482 0.16738406737
191.0 28.968891 0.142799519216 27.555034 0.0499584430654
192.0 21.339774 0.199082886091 19.797093 0.0332695689106
193.0 21.577756 0.0703261012282 20.034127 0.154533850449
194.0 22.169919 0.132181444282 20.63353 0.0284343514981
195.0 21.547156 0.168770010511 20.000376 0.0294246383245
196.0 21.488196 0.0949253952667 19.941256 0.146461373721
197.0 21.413171 0.148338636412 19.863929 0.183803651583
198.0 21.707731 0.163512683926 20.142438 0.167544418001
199.0 21.624365 0.197352397521 20.052102 0.190735773339
200.0 21.502408 0.141501089544 19.916645 0.174245726983
201.0 21.591852 0.0797328080761 20.000196 0.00461435333408
202.0 21.348849 0.111226214649 19.742382 0.018035912568
203.0 21.004912 0.019643023143 19.384527 0.0122168214127
204.0 20.855319 0.0539278093901 19.23504 0.0955958907481
205.0 21.325201 0.129716762233 19.71896 0.0330490949274
206.0 21.258388 0.139476537901 19.659672 0.0620140267322
207.0 21.076338 0.113117645354 19.479668 0.107308238656
208.0 21.134317 0.14721169448 19.542664 0.0883946811498
209.0 21.742474 0.0403039269322 20.163957 0.138255127501
210.0 21.670229 0.0426968138016 20.082523 0.145657438575
211.0 21.027659 0.0584300287721 19.422913 0.117901756159
212.0 21.083901 0.127951627892 19.491891 0.140813621679
213.0 21.660457 0.00312836100034 20.085254 0.00632829858407
214.0 22.218144 0.0442499268845 20.657242 0.171695880393
215.0 20.890838 0.132436148983 19.328542 0.0880711903031
216.0 21.239353 0.189157730962 19.690204 0.0729696718937
217.0 20.911792 0.0121501067205 19.347217 0.116081077302
218.0 20.291751 0.0213962593363 18.710653 0.190793016072
219.0 20.573052 0.144603318266 18.999958 0.10447694428
220.0 20.517319 0.189570629818 18.944155 0.0161556744757
221.0 20.289055 0.09482885894 18.701565 0.0448007914654
222.0 20.839772 0.0668400747864 19.268444 0.142504198037
223.0 21.450305 0.0547210092138 19.892482 0.113360017821
224.0 21.271975 0.11076481159 19.717839 0.0222167231046
225.0 21.143048 0.0982535999576 19.579042 0.0883920241082
226.0 33.936166 0.163292252737 32.578165 0.0592467982164
227.0 35.013665 0.133274072946 33.669138 0.110956115053
228.0 35.032383 0.0813195529613 33.687711 0.107231631294
229.0 35.366386 0.107507865073 34.021847 0.178015307072
230.0 35.45673 0.122660990372 34.111197 0.109779013089
231.0 35.363916 0.165726518256 34.015737 0.106670508184
232.0 36.950024 0.108283002011 35.618394 0.192014486788
233.0 36.517637 0.149688481119 35.183208 0.190333238717
234.0 37.416025 0.054654517615 36.089096 0.0110645533663
235.0 35.331988 0.0799016315873 33.989177 0.0633813162365
236.0 34.331548 0.0235238591838 32.973556 0.068091529798
237.0 35.813144 0.0816593473143 34.471719 0.0232167428596
238.0 37.304617 0.0422932076104 35.980367 0.13757225954
239.0 37.197166 0.00860264524024 35.872935 0.00426112689981
240.0 36.18794 0.0781426067299 34.8479 0.15187313754
241.0 35.061383 0.173212267319 33.711686 0.0738726496291
242.0 36.409605 0.0150412237142 35.074734 0.0680988995999
243.0 36.96367 0.192860120232 35.633885 0.114348640304
244.0 35.651697 0.163000496329 34.305619 0.0250555403498
245.0 34.82679 0.095207619408 33.470564 0.197641589037
246.0 34.663551 0.149543784482 33.301505 0.0679715020048
247.0 34.601471 0.0529695119345 33.241043 0.145473089848
248.0 33.310024 0.0972195380088 31.93297 0.103473419731
249.0 33.526102 0.115398847435 32.14975 0.0658086995268
250.0 34.462293 0.069769545845 33.099936 0.148828733892
251.0 33.523294 0.122279662114 32.15057 0.188217411859
252.0 23.319938 0.121126523507 21.78633 0.0927081056659
253.0 23.506463 0.0143799132326 21.975476 0.148964948505
254.0 23.426912 0.184170215556 21.891114 0.0815544492183
255.0 24.345842 0.11803260594 22.808591 0.0158138456249
256.0 25.298538 0.189372073769 23.775732 0.023674124057
257.0 25.733344 0.0977204878291 24.221363 0.181878448499
258.0 24.75329 0.0666850059554 23.224564 0.0470433698196
259.0 25.15201 0.0596033399986 23.62856 0.0713247670921
260.0 24.294186 0.143598914936 22.75361 0.00589233542635
261.0 24.057332 0.135489768717 22.511068 0.145241494393
262.0 24.751232 0.0899643836714 23.217307 0.171341062333
263.0 25.213302 0.190703853968 23.692108 0.00122790927888
264.0 24.863512 0.100392420959 23.335258 0.0220636875849
265.0 25.071878 0.108068557652 23.548329 0.134918264242
266.0 25.078407 0.00909048690978 23.558452 0.0552561993048
267.0 24.435383 0.105243713049 22.902404 0.0399084836236
268.0 25.091864 0.0569415291024 23.568935 0.193569753193
269.0 25.545978 0.034198054094 24.038545 0.141097453506
270.0 24.950177 0.0667341492689 23.429193 0.135110513242
271.0 25.658031 0.03197632982 24.145284 0.0886581820029
272.0 26.101644 0.128773840073 24.591222 0.137087574997
273.0 26.054776 0.140021965157 24.540118 0.0982687054685
274.0 28.01781 0.102098507288 26.514834 0.119622092986
275.0 27.578458 0.128858598943 26.069723 0.0031071873736
276.0 27.95619 0.000817297048924 26.453871 0.00074426041606
277.0 28.228803 0.198799191421 26.730542 0.0924653901429
278.0 28.810652 0.11717750988 27.318307 0.0990648343846
279.0 28.301703 0.0395076515327 26.795756 0.0983249731117
280.0 28.20542 0.029319485385 26.697597 0.169734499317
281.0 38.438487 0.0995467406331 37.079801 0.101806734703
282.0 38.541747 0.0612268869679 37.1842 0.174917147012
283.0 39.137952 0.105220655617 37.789214 0.158435682572
284.0 38.109858 0.0544862045022 36.746108 0.100376459504
285.0 38.02498 0.0800573318424 36.662693 0.024743920291
286.0 37.073428 0.0359798877269 35.703942 0.143300609613
287.0 37.70425 0.101779765972 36.343295 0.0806424688662
288.0 37.28006 0.0329591276911 35.909268 0.106172048623
289.0 37.93799 0.0322745177276 36.572815 0.175405125136
290.0 38.052006 0.0421343474844 36.68007 0.186289944086
291.0 39.400969 0.15098113871 38.042852 0.139420596567
292.0 40.379285 0.113508439433 39.034963 0.160286474167
293.0 40.701575 0.0295256789617 39.356967 0.130551623022
294.0 41.805705 0.114228702157 40.475199 0.127294900844
295.0 41.873984 0.0899872687754 40.545799 0.132416745677
296.0 41.292638 0.0492755109431 39.953112 0.170561700067
297.0 40.625139 0.129964965217 39.274289 0.0811937880758
298.0 39.655478 0.0224945306115 38.296584 0.19507021674
299.0 39.6556 0.18818615666 38.299467 0.00710113258526
300.0 39.305116 0.184991991605 37.943274 0.0963586443529
301.0 40.781236 0.179463536033 39.433548 0.00955443938001
302.0 40.987477 0.0402884834469 39.646531 0.0808981517876
303.0 40.576372 0.0506210344512 39.23151 0.174298381919
304.0 39.66211 0.183582205469 38.316803 0.177945126175
305.0 39.666061 0.0420756736749 38.3209 0.0149201567743
306.0 40.332984 0.0759588802767 38.992008 0.0208000209964
307.0 39.224665 0.0601173373367 37.867057 0.0541550003734
308.0 30.15963 0.190330594197 28.665295 0.196245618369
309.0 29.347788 0.0834412077907 27.84141 0.0625532580732
310.0 29.583497 0.157238399716 28.078491 0.0374530018083
311.0 28.968089 0.00615364999425 27.450242 0.108996044097
312.0 28.838613 0.132266240968 27.319845 0.159478278325
313.0 29.680188 0.0314576485617 28.173359 0.164249890702
314.0 29.582855 0.0743758488235 28.078916 0.0732977667382
315.0 28.941748 0.0575485896133 27.42402 0.0796392911317
316.0 29.056548 0.0942428073425 27.542316 0.12384856841
317.0 29.217006 0.148939540309 27.708483 0.0376195285359
318.0 28.000144 0.0306499797598 26.484353 0.0496231209514
319.0 28.161814 0.0501881847702 26.64748 0.00718663336229
320.0 29.176574 0.181837309974 27.67933 0.119991308941
321.0 29.306866 0.0942562346283 27.812822 0.131597576596
322.0 29.913598 0.151462502981 28.427039 0.0453313482603
323.0 29.498682 0.0738357775347 27.998085 0.145474879162
324.0 28.626307 0.103900926408 27.110349 0.155906967355
325.0 29.313568 0.0258374592434 27.807935 0.0498792769174
326.0 29.3245 0.0783189722971 27.812515 0.129704105297
327.0 29.45063 0.134972100242 27.94331 0.0416443615081
328.0 29.537549 0.0178791608446 28.029488 0.0291115428928
329.0 30.129439 0.0390458988318 28.636061 0.184047176466
330.0 30.607885 0.163564702455 29.126921 0.0423558895239
331.0 29.966079 0.122689158662 28.468363 0.0852690173865
332.0 30.672152 0.151636407763 29.186332 0.0882350392622
333.0 31.468802 0.149154811306 29.996376 0.0244707004377
334.0 31.677889 0.144386593145 30.20602 0.0161935620164
335.0 31.534081 0.0660812255776 30.06248 0.0105266110728
336.0 31.114583 0.0576085582678 29.634936 0.088624131805
337.0 33.604073 0.0431559194943 32.182122 0.0042712333839
338.0 34.813143 0.0858143652081 33.408397 0.174567638499
339.0 34.520748 0.114500487184 33.111246 0.198368858086
340.0 34.236359 0.153458705834 32.826629 0.14700383713
341.0 34.102215 0.0727168296623 32.692133 0.01123814615
342.0 33.307696 0.0189431078415 31.883989 0.176811067251
343.0 32.692466 0.0432882440166 31.26294 0.00788998801104
344.0 33.010121 0.054944294059 31.589161 0.186013808614
345.0 34.053123 0.181165358786 32.646088 0.141291909659
346.0 33.559756 0.190112395716 32.14808 0.00471335244065
347.0 33.834423 0.139513354771 32.423548 0.184992148091
348.0 33.570082 0.0878764680402 32.156392 0.167995034651
349.0 31.959796 0.0298688792366 30.536355 0.132829132829
350.0 31.891196 0.146111979933 30.466696 0.0490086497399
351.0 31.562647 0.08810815141 30.136103 0.123912302253
352.0 31.090682 0.0993653978839 29.65726 0.0759356379767
353.0 30.623446 0.140252213567 29.181263 0.159648560787
354.0 29.892178 0.0109001100549 28.439019 0.0870202611655
355.0 29.272178 0.176301484259 27.805952 0.0817860927003
356.0 29.231636 0.0309531485251 27.765461 0.0152050000656
357.0 30.322897 0.0233653631404 28.86872 0.0514214927993
358.0 30.158339 0.0472430743662 28.699739 0.0997281402386
359.0 29.608742 0.117940296618 28.145147 0.0988628117071
360.0 29.832547 0.167075313422 28.374861 0.0539655013592
361.0 29.894839 0.155435522904 28.442005 0.0584509749115
362.0 29.318763 0.151041235755 27.874694 0.0930462480929
363.0 30.160564 0.167802870558 28.725324 0.00325982011238
364.0 29.960022 0.146540441874 28.520211 0.0954923694097
365.0 29.605067 0.0159827902199 28.156012 0.0256246150708
366.0 28.826645 0.155929723291 27.363735 0.0489883452675
367.0 28.330472 0.13403556056 26.860929 0.0469983699567
368.0 28.368098 0.120545789569 26.894072 0.160181496608
369.0 28.730177 0.103021044657 27.260922 0.0597507182805
370.0 29.325187 0.0522846927759 27.860796 0.132915328933
371.0 30.218609 0.00204507717811 28.771069 0.00629830293883
372.0 29.961918 0.15468406386 28.511148 0.150421157161
373.0 30.564406 0.122262516702 29.125776 0.0703955188387
374.0 30.328251 0.0918053696091 28.883133 0.133429542604
375.0 29.835223 0.162612017917 28.378749 0.165583717442
376.0 29.1151 0.148094705469 27.641857 0.0929760971331
377.0 29.707473 0.105220826065 28.247782 0.0717019348638
378.0 30.493081 0.0507253820147 29.018693 0.0223330951165
379.0 30.054094 0.080514130625 28.573304 0.140510679359
380.0 29.085631 0.0624485997445 27.587871 0.178559095271
381.0 28.484468 0.00368547341528 26.976906 0.0982254708988
382.0 29.547123 0.0319210049146 28.05389 0.000506882497332
383.0 29.346298 0.0648673317195 27.848464 0.0114451473308
384.0 29.661115 0.0763177479678 28.173116 0.0671003553346
385.0 29.329533 0.114362807738 27.835316 0.0127216180125
386.0 28.840451 0.193380229174 27.334389 0.177493676878
387.0 29.209122 0.177335724911 27.715977 0.156527447122
388.0 28.701969 0.149394413313 27.203051 0.136281330461
389.0 28.211676 0.0897749280065 26.709883 0.179590852985
390.0 28.98385 0.0916800638678 27.490264 0.0278110917086
391.0 28.288343 0.178826967454 26.783471 0.187664946589
392.0 28.395964 0.13125771192 26.889418 0.124823708983
393.0 28.081012 0.0963558976581 26.564553 0.124642659738
394.0 28.159926 0.0970982498372 26.640569 0.0766096389713
395.0 27.984638 0.0719652390871 26.46123 0.029983728446
396.0 29.400154 0.0897339768608 27.87975 0.0719630413003
397.0 29.182529 0.185297117021 27.662548 0.035181904949
398.0 29.008678 0.197317556859 27.489268 0.0254660986649
399.0 29.699754 0.0127252658101 28.19067 0.0990644872499
400.0 28.956276 0.0924365556889 27.435514 0.17252408873
401.0 28.280456 0.0327213981722 26.749579 0.0934359392005
402.0 28.996449 0.173347537778 27.475124 0.172092637347
403.0 29.383369 0.18692588234 27.863009 0.0850254928561
404.0 29.128499 0.111525326691 27.602719 0.122294040153
405.0 29.602855 0.0229136777574 28.086824 0.0256685024005
406.0 29.536461 0.118761714709 28.012518 0.0825673402744
407.0 29.748368 0.138032221421 28.221519 0.160431896494
408.0 29.895533 0.165966598529 28.365723 0.121206941635
409.0 29.314307 0.0299158172744 27.77419 0.141865624637
410.0 30.091224 0.165528574363 28.568183 0.0147883769565
411.0 29.462127 0.166181771956 27.928306 0.0810094891931
412.0 29.167878 0.00400465452438 27.630887 0.0942532772285
413.0 30.004127 0.0735341778403 28.483516 0.0684886007273
414.0 28.898355 0.158290317348 27.361892 0.0849604106367
415.0 29.346689 0.138473955487 27.81447 0.192535191469
416.0 31.342682 0.00276151606625 29.811478 0.0331892217437
417.0 31.561714 0.108375933718 30.034433 0.0913465621895
418.0 31.560736 0.0644895190786 30.03693 0.190897423597
419.0 31.622473 0.0330293746861 30.108342 0.0267189550449
420.0 32.218289 0.0541346837637 30.715023 0.00882315322288
421.0 31.825292 0.117306904032 30.311857 0.025974466228
422.0 32.260386 0.0102897005105 30.763425 0.0461875933999
423.0 32.309018 0.0155104807637 30.812023 0.178370680911
424.0 32.235751 0.16860302799 30.74392 0.189442009723
425.0 33.493797 0.118272075961 32.018257 0.0724113012921
426.0 34.115096 0.00751380403528 32.647239 0.165800922223
427.0 34.529452 0.183262521222 33.069615 0.057728535274
428.0 34.376935 0.178609473586 32.908618 0.0177442603754
429.0 34.609412 0.112552091881 33.139723 0.162618681409
430.0 33.675714 0.0111954634014 32.19344 0.161518811195
431.0 33.092282 0.126970667868 31.597904 0.111860023136
432.0 33.462158 0.0955066438323 31.976043 0.0635132656075
433.0 32.430907 0.153365654211 30.951646 0.165045770191
434.0 33.319875 0.0997675278606 31.856006 0.0209086062094
435.0 32.76331 0.0859586298297 31.287812 0.186126577004
436.0 33.805639 0.0542955209106 32.346852 0.131274352948
437.0 34.975403 0.0716287883768 33.530259 0.166090467734
438.0 33.991693 0.10249590556 32.530712 0.0325909891416
439.0 34.410324 0.145733584719 32.9519 0.0137756386862
440.0 35.240114 0.169318238596 33.797015 0.142473762414
441.0 35.782388 0.0404654366072 34.350951 0.153986167352
442.0 35.66846 0.156149877495 34.236455 0.00789411549165
443.0 36.363229 0.085627113052 34.943915 0.169371846121
444.0 35.248869 0.148380193367 33.816541 0.164433622918
445.0 36.177628 0.136492709767 34.758917 0.129758056579
446.0 35.525845 0.0644389849416 34.095379 0.11038118735
447.0 35.373456 0.0942572973049 33.944342 0.1395608829
448.0 36.368661 0.0891272895474 34.955666 0.0555807943865
449.0 37.040035 0.081175868275 35.635253 0.0460420642584
450.0 37.882306 0.194559307545 36.488536 0.0899698805394
451.0 39.830789 0.0636109691291 38.445949 0.181120886517
452.0 38.763847 0.125548956951 37.368049 0.169338852158
453.0 37.619334 0.188281215108 36.206582 0.0118528487844
454.0 37.321965 0.106879301125 35.90071 0.0211526737955
455.0 36.307993 0.145449550534 34.872581 0.0204543031052
456.0 36.00972 0.0118161455191 34.568114 0.19639235332
457.0 35.463925 0.0103350779239 34.012014 0.0222566474319
458.0 36.21953 0.00816757367802 34.773399 0.0492750746297
459.0 36.243902 0.15340692702 34.796001 0.0966958691466
460.0 36.463784 0.199194560557 35.013207 0.137511791179
461.0 37.372867 0.134786422757 35.932784 0.15470082458
462.0 36.091619 0.145521258298 34.636218 0.104876524943
463.0 35.719437 0.18054090082 34.250965 0.0184374998381
464.0 36.144752 0.0914894166893 34.6871 0.0146524307887
465.0 36.622937 0.146233423659 35.169449 0.173826901508
466.0 36.249602 0.187149915817 34.79093 0.15960309794
467.0 32.134393 0.000103197694104 30.59166 0.0448611362172
468.0 32.436109 0.172798058673 30.903935 0.0809033556183
469.0 33.39028 0.114850298272 31.85992 0.155956887295
470.0 33.460916 0.021807081231 31.922578 0.0712059727786
471.0 34.05045 0.155551170688 32.520346 0.156232147073
472.0 34.831274 0.198323036089 33.31433 0.172567502568
473.0 35.278883 0.0499352650762 33.763486 0.170758664118
474.0 35.698835 0.0212910278842 34.199642 0.0307574271861
475.0 36.249968 0.190126689615 34.764881 0.0702459972203
476.0 37.01706 0.177494984389 35.542036 0.0288013705925
477.0 37.37588 0.116985633248 35.910271 0.159941747994
478.0 36.753942 0.0558732654804 35.278592 0.120417380592
479.0 37.54699 0.0740592999062 36.080065 0.137461984039
480.0 37.71418 0.11922950147 36.235054 0.154929566081
481.0 37.791399 0.159193551199 36.315453 0.0992217256787
482.0 37.809101 0.0962945401007 36.337238 0.127883786912
483.0 38.032435 0.0981236680489 36.56337 0.0776673542225
484.0 38.557144 0.192507127427 37.103778 0.140785897454
485.0 39.98655 0.0670561513989 38.550464 0.0907171621524
486.0 40.009949 0.0850172265927 38.572442 0.0318754805273
487.0 38.867097 0.108772919703 37.418649 0.0752251074825
488.0 39.708069 0.00742066874847 38.275809 0.174153445706
489.0 40.404512 0.0066311723473 38.981874 0.0422568713524
490.0 40.682642 0.16880813894 39.262503 0.104860120196
491.0 40.822967 0.0603060790276 39.406195 0.00239040411405
492.0 40.273563 0.154748624188 38.84569 0.120805461971
493.0 43.632403 0.191122294155 42.251877 0.147299163508
494.0 43.710505 0.182548944772 42.333271 0.0489273961153
495.0 44.017869 0.155704366569 42.65478 0.0983893314299
496.0 42.940517 0.178172950282 41.564445 0.0622655230675
497.0 42.774432 0.0690840298788 41.399405 0.0968037613335
498.0 42.685775 0.134442450166 41.31416 0.16764660234
499.0 43.416898 0.17447435001 42.053338 0.0668805769881
500.0 42.215229 0.0724404980384 40.837173 0.0388125177284
