0.0 15.432227 0.0355712739486 13.957738 0.121320669702
1.0 16.342112 0.0523608141469 14.850389 0.149108449511
2.0 16.287549 0.147653767145 14.795813 0.197690607441
3.0 15.957451 0.0238715122265 14.471839 0.162416509165
4.0 15.230442 0.0280568130209 13.759806 0.138248972544
5.0 14.974666 0.0924619191856 13.51009 0.0709284518979
6.0 14.622889 0.00273401773825 13.163884 0.199353510576
7.0 14.336922 0.108581609422 12.882986 0.151604491288
8.0 14.054038 0.0179533510958 12.604784 0.0819533400799
9.0 14.444874 0.141901151576 12.986626 0.142701709459
10.0 15.442312 0.0981945787513 13.967598 0.146763512204
11.0 10.293242 0.155556847424 8.911979 0.199034471461
12.0 11.000767 0.186762655032 9.605398 0.0246078558322
13.0 11.864896 0.181379223538 10.453998 0.199934962584
14.0 12.00066 0.173911065968 10.588716 0.136789452755
15.0 11.814271 0.129613796259 10.404822 0.0279301216064
16.0 12.214016 0.172673594587 10.797092 0.190431434518
17.0 11.721538 0.0398511063172 10.314658 0.117157738712
18.0 10.440556 0.0857578990678 9.060804 0.125500166479
19.0 11.27271 0.0126705458421 9.878056 0.0435341261354
20.0 12.081031 0.046907846646 10.670122 0.13666987703
21.0 11.599956 0.0243946790366 10.197297 0.0905760999886
22.0 11.100976 0.102287878259 9.706364 0.175886185479
23.0 11.585154 0.0328324585592 10.183271 0.052189492293
24.0 11.99202 0.197662606229 10.582753 0.192504629043
25.0 11.531709 0.0918740086768 10.13298 0.11758042226
26.0 12.05661 0.104205999411 10.649349 0.0174636285838
27.0 12.620009 0.113331536161 11.202149 0.0974645810042
28.0 13.489074 0.189080334928 12.054972 0.139419637298
29.0 13.587676 0.0523732913906 12.1503 0.156560181749
30.0 14.548898 0.0618714301005 13.095098 0.18340180588
31.0 18.063751 0.0896749418868 16.551551 0.0931853619949
32.0 18.167245 0.0224774242926 16.654906 0.080269747186
33.0 17.445719 0.00708912589946 15.946126 0.071753753509
34.0 17.760874 0.0938911983147 16.254399 0.174237316561
35.0 18.669915 0.00577449680616 17.148241 0.000911674321176
36.0 18.697037 0.0516486330066 17.175112 0.188595303806
37.0 17.919156 0.163579402223 16.413333 0.0764722486909
38.0 18.764107 0.19321340474 17.241264 0.0583908718343
39.0 18.376262 0.141593557864 16.861114 0.190354004621
40.0 17.351158 0.16111949656 15.853183 0.188939524977
41.0 17.911367 0.140550853669 16.402524 0.180181730925
42.0 17.620025 0.0452583801909 16.116838 0.176339015317
43.0 18.068639 0.00806394830213 16.558141 0.0782246841036
44.0 9.811335 0.074121613645 8.446206 0.01570523615
45.0 9.891954 0.0815185604623 8.526504 0.100160473905
46.0 9.245668 0.0612921098298 7.89255 0.180151549234
47.0 8.295458 0.0743836703477 6.958831 0.127426970277
48.0 7.786529 0.152133055105 6.459717 0.145931155814
49.0 7.203205 0.109789708942 5.886953 0.192198276922
50.0 7.917466 0.103515135276 6.589683 0.0379708494037
51.0 8.638583 0.0680839789153 7.299276 0.0484657564562
52.0 8.532064 0.00920400645864 7.194192 0.043495334696
53.0 8.663739 0.196766186339 7.32456 0.0218717953991
54.0 9.529762 0.0549733925268 8.175585 0.189998310256
55.0 9.997515 0.0945490464118 8.635265 0.0846876522177
56.0 20.130856 0.104090028811 18.576224 0.0344362723717
57.0 20.37165 0.194661396332 18.81286 0.134928883099
58.0 21.074604 0.0802948812627 19.502633 0.0146278237643
59.0 20.81175 0.0905581990391 19.245958 0.0908363626248
60.0 19.965906 0.104797012092 18.416614 0.156999369526
61.0 20.452457 0.126000758905 18.892986 0.0140132269874
62.0 20.943325 0.12711399747 19.375928 0.157382823989
63.0 13.458803 0.180818926468 12.02212 0.00135436907465
64.0 13.305184 0.1275856248 11.870997 0.0840075835946
65.0 12.482043 0.00606573257396 11.061248 0.025940213233
66.0 12.865056 0.149621931805 11.435379 0.0790550161176
67.0 12.643577 0.199029365088 11.219698 0.056720432332
68.0 13.462311 0.128577193326 12.022706 0.039122441789
69.0 12.612397 0.0884765810675 11.188469 0.0903923605924
70.0 13.441146 0.191849162266 12.002908 0.161157134877
71.0 12.661098 0.0923115995703 11.237567 0.00391964657614
72.0 12.838655 0.0382676887604 11.410622 0.148955484243
73.0 13.038571 0.0935386189852 11.608518 0.186153671592
74.0 12.183426 0.103820404405 10.769635 0.020263210367
75.0 13.009458 0.101182845301 11.581071 0.0927672886596
76.0 13.584758 0.0240306629889 12.146407 0.0384742634621
77.0 13.347141 0.085039678033 11.911508 0.133028666337
78.0 12.539695 0.0978564890267 11.117678 0.0255053554516
79.0 10.25062 0.0430522979083 8.873432 0.116616522405
80.0 9.81269 0.0474319983216 8.443905 0.143091115502
81.0 9.895173 0.0963096612842 8.524472 0.0500106027315
82.0 9.666205 0.018121560481 8.298669 0.151954873444
83.0 10.446247 0.161430983369 9.064658 0.0959459829592
84.0 9.753199 0.176885938822 8.386244 0.156794382548
85.0 9.881059 0.176000207636 8.513615 0.000469920885818
86.0 19.609809 0.0787030857852 18.05631 0.00747791554598
87.0 18.733513 0.00655987070146 17.196406 0.109429792964
88.0 19.406581 0.0445309664153 17.856066 0.117313829235
89.0 18.804832 0.143612273476 17.266627 0.162043051093
90.0 17.899943 0.159882256462 16.376963 0.0597252742598
91.0 12.454013 0.085801876995 11.042612 0.190187675619
92.0 12.353904 0.178761443849 10.945457 0.198884888672
93.0 11.632698 0.1053674654 10.238185 0.0384528891382
94.0 11.67273 0.0852429847573 10.275971 0.129251562372
95.0 11.564088 0.128022278865 10.170008 0.145327434994
96.0 11.391695 0.165452869556 9.99979 0.154233005986
97.0 10.991396 0.0573581280714 9.607973 0.0945976725242
98.0 11.309651 0.0859834081776 9.91977 0.191152709454
99.0 11.253796 0.0160604286473 9.864421 0.171362316869
100.0 11.732491 0.0219059949528 10.33587 0.193057841753
101.0 12.82252 0.012610412388 11.403177 0.11432922276
102.0 13.569797 0.176238551593 12.138471 0.0479083153613
103.0 14.408447 0.177155365121 12.96212 0.0398751698036
104.0 14.947469 0.17988629547 13.489454 0.157711565565
105.0 15.815598 0.0295337305127 14.340909 0.152407714865
106.0 15.885949 0.0215416486717 14.409134 0.000178615546207
107.0 15.531396 0.103493656076 14.062101 0.135453229178
108.0 16.198329 0.0832463685093 14.717423 0.000829854902065
109.0 16.287121 0.134506855364 14.805079 0.00353366940296
110.0 19.927054 0.168326062907 18.390119 0.170852542559
111.0 20.277754 0.0853883721428 18.733669 0.0200784852443
112.0 20.987398 0.0385804286502 19.429729 0.0631980486257
113.0 21.828616 0.0158467677568 20.256257 0.0864138312217
114.0 21.248617 0.160356511625 19.689437 0.073323702125
115.0 20.566516 0.0261961029128 19.021189 0.0367985941364
116.0 20.786683 0.169662250204 19.238402 0.169977253555
117.0 21.550878 0.187801258497 19.986553 0.182867082558
118.0 21.579713 0.13402254168 20.015782 0.0729200103992
119.0 21.874402 0.116605815302 20.304158 0.0584337919401
120.0 21.231532 0.0871786488192 19.673319 0.0198319225795
121.0 20.801227 0.155274636641 19.252295 0.024763300009
122.0 17.294293 0.0858752412574 15.818807 0.131708613813
123.0 16.819677 0.142642104322 15.352575 0.0682029831032
124.0 16.306783 0.0926331397721 14.848773 0.0719747944986
125.0 20.333433 0.0445519707689 18.810842 0.199938432535
126.0 20.568388 0.141471239305 19.043112 0.185610876717
127.0 19.964015 0.109547839688 18.449295 0.110085443041
128.0 20.985407 0.0464598185633 19.453767 0.0768209111143
129.0 20.210031 0.118846991732 18.690854 0.161765089963
130.0 19.890137 0.155795161108 18.37656 0.000452816793654
131.0 19.663722 0.0806956173245 18.155553 0.0548491984251
132.0 19.825239 0.0226580337432 18.31362 0.0698281586989
133.0 20.100624 0.0580649651508 18.583655 0.126358549596
134.0 20.659184 0.0171628934163 19.131678 0.11873374576
135.0 21.037246 0.0251333913784 19.501487 0.0980782993668
136.0 21.438425 0.137978431937 19.895409 0.0169419651139
137.0 19.234347 0.0831326188698 17.733076 0.140812899532
138.0 20.011249 0.0581762413201 18.497163 0.152899439861
139.0 19.32966 0.0389628514276 17.826609 0.00399575407308
140.0 19.828274 0.185690530625 18.316356 0.0440329725135
141.0 20.642397 0.134930746885 19.116866 0.116686393527
142.0 19.650443 0.110102895309 18.141828 0.0105130764517
143.0 20.527136 0.00259724970178 19.004119 0.159103926465
144.0 20.485002 0.0250524218522 18.964225 0.0276510877948
145.0 20.304994 0.0298915779989 18.787378 0.0377476893573
146.0 19.694579 0.135397555974 18.187467 0.099269698097
147.0 20.249113 0.154485610849 18.730276 0.0447686863817
148.0 12.071693 0.14787110443 10.708057 0.193245911068
149.0 12.153386 0.067443246176 10.787608 0.104690193225
150.0 12.731121 0.122623022063 11.35286 0.0284575793853
151.0 13.464797 0.0797962401379 12.072519 0.0668439951335
152.0 14.085871 0.119559845585 12.680186 0.100239869188
153.0 14.178492 0.0216320507313 12.769405 0.181721995378
154.0 14.454997 0.170038800831 13.04193 0.0782872962829
155.0 13.58267 0.152704725512 12.186038 0.132458531265
156.0 12.687267 0.0422764909731 11.307037 0.095403587159
157.0 12.1063 0.118851736573 10.737354 0.00369169830028
158.0 12.060935 0.00606439282336 10.699137 0.118703551361
159.0 11.459743 0.148518254205 10.107758 0.0328315843764
160.0 11.278903 0.0678375234592 9.929116 0.0136319340907
161.0 12.205184 0.108057114787 10.839847 0.0882430725395
162.0 12.076161 0.101189739892 10.713093 0.119170542659
163.0 11.320165 0.0896138908541 9.971973 0.0828866037936
164.0 11.43367 0.0639077046701 10.08408 0.199162853834
165.0 11.92163 0.115293164709 10.562364 0.196709948157
166.0 11.729717 0.187989004265 10.375673 0.0461005033444
167.0 12.609617 0.133637860427 11.23932 0.145499824976
168.0 12.854088 0.0798096173862 11.480901 0.045330717203
169.0 13.47705 0.0158265530558 12.09267 0.0650967407716
170.0 14.304647 0.177145671329 12.906855 0.00678501885328
171.0 14.262628 0.0544817187088 12.867105 0.00381752994195
172.0 13.867824 0.19239018525 12.481465 0.0715875623389
173.0 13.061252 0.0691127456939 11.689481 0.0815681546236
174.0 12.172527 0.0142053914133 10.81791 0.12909259305
175.0 20.930019 0.0308750101244 19.409366 0.0303875194274
176.0 20.304806 0.170747558895 18.793969 0.0258952403916
177.0 19.663501 0.0517665970194 18.166637 0.135508395178
178.0 19.81455 0.114121182109 18.313392 0.164546546242
179.0 20.344074 0.184117140746 18.833267 0.184381100454
180.0 20.09622 0.197405932763 18.589028 0.080881817667
181.0 20.580193 0.0294284672571 19.064959 0.119859571523
182.0 19.933039 0.0659989168619 18.428108 0.0128617422019
183.0 19.251621 0.191036420127 17.758539 0.0974221553763
184.0 19.136723 0.0693867195503 17.645201 0.0222714529077
185.0 19.284493 0.0698074133481 17.792274 0.0110269031898
186.0 18.95707 0.167971339283 17.469172 0.110584184673
187.0 18.207123 0.117192702523 16.73339 0.121825683707
188.0 18.671706 0.153553158598 17.189553 0.101047852167
189.0 18.222618 0.195867666541 16.749515 0.113044686308
190.0 18.844889 0.0981410982675 17.360843 0.189587396449
191.0 19.787804 0.13336352562 18.28765 0.185907195956
192.0 22.516743 0.0892081914119 20.977179 0.0391667103117
193.0 21.900964 0.176881698113 20.371566 0.0891968293244
194.0 21.193871 0.0706767403866 19.677053 0.0153655014933
195.0 20.655117 0.108618111248 19.148003 0.0167311746287
196.0 20.912975 0.167822690128 19.399873 0.166609301059
197.0 20.655499 0.133772439929 19.147214 0.160447293561
198.0 20.414637 0.147539268589 18.910782 0.0351442624502
199.0 20.381767 0.0201596436165 18.879009 0.0705612231739
200.0 21.186232 0.114177880621 19.669974 0.0731778469705
201.0 21.978732 0.0073704047417 20.446153 0.0681276079947
202.0 22.75122 0.0122137012656 21.20257 0.112948005916
203.0 22.980266 0.0742222092285 21.428478 0.097661389689
204.0 20.267925 0.0319013596402 18.758658 0.170007809249
205.0 20.929435 0.0234282385067 19.407632 0.0568519128437
206.0 19.996198 0.108305145783 18.490314 0.0656991282432
207.0 19.638439 0.0153172108275 18.140796 0.0617653441359
208.0 19.567288 0.055326162378 18.072461 0.199084468268
209.0 20.400837 0.171689618339 18.891305 0.145951923506
210.0 19.908986 0.0595780534895 18.407151 0.0715443639456
211.0 20.57521 0.194691846327 19.06115 0.0201539994755
212.0 21.457731 0.0981607304449 19.929438 0.163229408614
213.0 20.667392 0.103105631102 19.152244 0.0149854944409
214.0 21.209622 0.107810387073 19.683502 0.00549258407131
215.0 13.191969 0.114734977443 11.807397 0.0906128599394
216.0 13.42096 0.196657552032 12.034261 0.0510528977901
217.0 13.116378 0.0133761815702 11.735162 0.19424694265
218.0 12.127052 0.130638758924 10.762362 0.0371496073728
219.0 11.788285 0.183037341643 10.42819 0.147083662742
220.0 11.135433 0.0352466398632 9.786209 0.0140036507206
221.0 11.382527 0.0013582918882 10.030684 0.022595003726
222.0 10.598384 0.191146661361 9.262682 0.167811257621
223.0 10.398836 0.133554556976 9.067371 0.189856226046
224.0 9.579587 0.139513501437 8.263948 0.0484832315801
225.0 9.090632 0.114003487942 7.782734 0.0243019498832
226.0 9.663112 0.0726938690491 8.343164 0.0717614495858
227.0 9.57532 0.110818958654 8.255331 0.111018554486
228.0 8.567292 0.137044501131 7.26431 0.0927705179674
229.0 16.94464 0.036183313385 15.487272 0.127017182313
230.0 15.982951 0.166290121867 14.541954 0.117359711815
231.0 16.004617 0.137054032156 14.561501 0.0366802258074
232.0 15.931232 0.0161008639622 14.491148 0.0099847415974
233.0 15.371723 0.0353337321147 13.942279 0.116398667267
234.0 16.160572 0.00660665825422 14.714873 0.182519032791
235.0 15.396811 0.113334300106 13.966425 0.153149516728
236.0 15.408659 0.123609828364 13.978222 0.112794725239
237.0 15.736767 0.024413383064 14.302244 0.00134123790191
238.0 16.140049 0.104271408485 14.699516 0.191166554817
239.0 16.689858 0.0469758877682 15.238649 0.191651467487
240.0 18.332967 0.0576781735712 16.847226 0.00991410071454
241.0 18.69578 0.130188209894 17.203623 0.0776982232775
242.0 18.786233 0.0912376560887 17.293972 0.16913481208
243.0 18.314754 0.045348006571 16.829704 0.0590986967356
244.0 19.150761 0.0687235115285 17.650862 0.112802598601
245.0 19.426465 0.108016538817 17.92348 0.0521613739114
246.0 18.988775 0.164650859634 17.494139 0.0237537776397
247.0 18.415967 0.0280072010004 16.931607 0.126920565237
248.0 17.70629 0.0569540129631 16.23367 0.188146507753
249.0 17.671652 0.0666489451059 16.197917 0.0329439832251
250.0 18.302822 0.0790573395407 16.816029 0.164978636769
251.0 14.638084 0.172540899835 13.222093 0.143912578654
252.0 15.451995 0.136545447548 14.021938 0.124630240735
253.0 15.321427 0.155256130098 13.894369 0.181130545524
254.0 15.464265 0.106124854328 14.03287 0.0372007751032
255.0 15.340465 0.190736018688 13.911958 0.0411685935752
256.0 16.274459 0.0425934980261 14.82937 0.0694110425941
257.0 15.566324 0.0427948917651 14.135626 0.166508273838
258.0 16.370529 0.132032574593 14.926525 0.0976482808733
259.0 16.550957 0.0561336488248 15.10403 0.048261992184
260.0 17.368793 0.140177491226 15.907016 0.191064655639
261.0 18.084746 0.0741547197752 16.610537 0.0183658843096
262.0 17.722846 0.110731798639 16.257204 0.0658625647145
263.0 16.959377 0.0966197316781 15.509445 0.144058908434
264.0 17.020332 0.0473785714125 15.569715 0.161669225142
265.0 17.702954 0.147872933692 16.241318 0.067064387163
266.0 17.041021 0.0379032346091 15.590578 0.0373233824946
267.0 17.554539 0.0135069513785 16.094741 0.173533214857
268.0 17.481808 0.0858458161162 16.02488 0.0824275335932
269.0 21.973312 0.0077689694705 20.444262 0.178160794504
270.0 21.249374 0.176464141955 19.732467 0.0648833743885
271.0 21.492984 0.0311529768851 19.971692 0.0284383401736
272.0 22.296703 0.199196796117 20.759801 0.186044797665
273.0 22.216191 0.00921037999339 20.6813 0.068327019545
274.0 21.668164 0.180083044687 20.142979 0.0762957511106
275.0 21.402609 0.106543964559 19.883462 0.187190272358
276.0 21.966655 0.1829579738 20.438247 0.128160989399
277.0 22.237596 0.0458116326454 20.704886 0.031321200919
278.0 20.008845 0.108759474745 18.512145 0.0942309589332
279.0 19.659182 0.03911979594 18.167378 0.0222424469506
280.0 20.265185 0.0237384160877 18.763714 0.100126556005
281.0 19.909194 0.179155751873 18.413346 0.0587651048619
282.0 19.591103 0.180811985152 18.101644 0.02828907617
283.0 19.727952 0.0925301224405 18.236479 0.024724972648
284.0 19.513171 0.0928848498933 18.026457 0.143572498161
285.0 20.263111 0.010249379615 18.760839 0.164794614385
286.0 20.256161 0.176824001034 18.752485 0.0460681881773
287.0 20.842962 0.108801191514 19.326507 0.160980687297
288.0 20.912494 0.190597597719 19.396136 0.191848684792
289.0 21.612452 0.156714696019 20.083006 0.0476941019754
290.0 21.857746 0.167999752225 20.325017 0.0157881373218
291.0 21.827621 0.0222136052837 20.296235 0.110640200714
292.0 21.138416 0.105535684183 19.619624 0.0339415702849
293.0 21.665948 0.0629504492697 20.136915 0.0827116747406
294.0 21.10361 0.0473524322785 19.583349 0.140681962231
295.0 21.173007 0.182407743413 19.652443 0.160054633061
296.0 17.626857 0.175746552815 16.173849 0.174785344111
297.0 16.684521 0.1409889357 15.247359 0.0747323578973
298.0 16.146879 0.109203030692 14.718736 0.104872843779
299.0 16.722615 0.0195839402073 15.283322 0.0611443820862
300.0 17.537068 0.0993689145214 16.081589 0.0249758803772
301.0 18.496163 0.168937972028 17.023531 0.147570660973
302.0 19.067485 0.0161056759854 17.585562 0.0455307088196
303.0 19.396393 0.0193029973849 17.907934 0.179954154808
304.0 19.146668 0.135980604862 17.664364 0.0221619730391
305.0 19.476504 0.154838248106 17.989505 0.0423505094517
306.0 21.168395 0.0634634151232 19.64592 0.0493531220684
307.0 22.07633 0.0898465798722 20.53841 0.0442582549088
308.0 22.623196 0.0248751380645 21.076746 0.00109726764066
309.0 22.828499 0.00225481996322 21.278517 0.0800317946105
310.0 23.172377 0.00970578463343 21.615456 0.135142057261
311.0 17.102295 0.0992003457628 15.661119 0.00823023216101
312.0 17.781475 0.123630432527 16.327374 0.149835066596
313.0 17.305591 0.0325498119531 15.858544 0.186660990765
314.0 17.555763 0.160013914676 16.102215 0.0751685210732
315.0 17.080297 0.191004202573 15.634524 0.00258213716164
316.0 17.805093 0.0697147566865 16.345852 0.00619850150887
317.0 17.059643 0.0105562028702 15.612921 0.0953804710731
318.0 17.861923 0.106469590891 16.399306 0.0671285389786
319.0 17.733921 0.0485718897148 16.272821 0.145044322666
320.0 18.588978 0.164164583416 17.112593 0.136291637311
321.0 18.586715 0.121456599751 17.112182 0.0736176063321
322.0 18.907783 0.000774421598401 17.427096 0.124558229555
323.0 18.737019 0.00694761655513 17.260567 0.0739883427945
324.0 18.629001 0.0903422481468 17.154793 0.198148575025
325.0 19.527683 0.00700219999793 18.037913 0.0808291519118
326.0 18.896227 0.0570571521205 17.418041 0.119502371822
327.0 19.796959 0.0613698489348 18.302037 0.185123130158
328.0 20.310874 0.0400189492858 18.804792 0.0723502773573
329.0 19.173304 0.0399162825861 17.68599 0.0582422433938
330.0 18.599427 0.0809606191735 17.122994 0.170261448955
331.0 18.748547 0.158755610581 17.269957 0.080585098524
332.0 18.92434 0.0360316147597 17.443913 0.1509715327
333.0 19.091168 0.169986393151 17.609571 0.197613673709
334.0 18.937322 0.103510374651 17.457884 0.0399733721669
335.0 18.995898 0.19658663192 17.51658 0.109184987117
336.0 19.421394 0.0192639881057 17.933702 0.0419502339971
337.0 20.012471 0.152452005175 18.513367 0.106006666953
338.0 19.283471 0.180430913297 17.796472 0.0894702558775
339.0 18.469143 0.0879495881126 16.99743 0.144974641175
340.0 13.717165 0.122994822342 12.332824 0.174398127295
341.0 12.752587 0.195107032138 11.384696 0.0210390755622
342.0 13.423507 0.0920974839659 12.042421 0.0768431024005
343.0 13.096438 0.0675109304375 11.721931 0.0381783138709
344.0 12.701857 0.00815556914439 11.334293 0.131253609212
345.0 13.564968 0.17430213787 12.18277 0.0691304125123
346.0 14.223323 0.117342295935 12.830639 0.199964918862
347.0 14.818843 0.132540530946 13.41534 0.144689060611
348.0 13.940733 0.0998422957162 12.552649 0.0163891065121
349.0 13.471093 0.0126677659113 12.089953 0.00357226391484
350.0 13.029547 0.0557924007356 11.654773 0.168216443024
351.0 12.817 0.0877048808372 11.448242 0.166990159202
352.0 11.971967 0.0978222350799 10.619286 0.0334644460512
353.0 11.340217 0.178745800544 9.998821 0.149051849585
354.0 16.455258 0.153507692076 15.022302 0.0578048483621
355.0 16.932941 0.0235308269099 15.489381 0.125199758622
356.0 16.654043 0.00481462296634 15.215203 0.111981335865
357.0 17.118422 0.0747095563084 15.671561 0.151537925593
358.0 17.638604 0.11008876451 16.182395 0.0833088080571
359.0 18.299483 0.0622395940165 16.8322 0.108367550044
360.0 18.359123 0.0190944640747 16.8906 0.0869614863817
361.0 18.771053 0.160906103397 17.302977 0.138963302972
362.0 19.335947 0.0175947403415 17.85644 0.165259606646
363.0 19.256463 0.193808468271 17.780112 0.170164089249
364.0 18.891118 0.0176388073476 17.433514 0.0166923955292
365.0 19.485539 0.0427186563183 18.015908 0.169161308536
366.0 19.170121 0.00991315822719 17.704475 0.0717486324967
367.0 19.720912 0.017018889969 18.246424 0.0342059725652
368.0 20.266707 0.0624373295935 18.782619 0.186446672613
369.0 20.664455 0.16487121023 19.172849 0.19759649665
370.0 20.657868 0.138317093868 19.168245 0.198834769103
371.0 20.895306 0.161154782259 19.403327 0.064814528511
372.0 20.795106 0.0558817486176 19.303109 0.10786703594
373.0 20.622732 0.152302487116 19.135938 0.120126929425
374.0 20.78977 0.117338141755 19.299863 0.190534245032
375.0 21.501378 0.0266855576756 19.999641 0.152795003279
376.0 21.199468 0.109005137615 19.703074 0.143759465004
377.0 20.852451 0.0254053599694 19.364258 0.136594887548
378.0 25.147293 0.0962717561565 23.589853 0.080402708231
379.0 26.004541 0.126754179428 24.430413 0.0654845268427
380.0 25.739945 0.180206859232 24.171607 0.169649511464
381.0 26.095177 0.0714348412285 24.52213 0.115140800411
382.0 26.186722 0.0712158091723 24.612114 0.0800698262487
383.0 25.817274 0.0109115674212 24.25124 0.169686593556
384.0 26.262941 0.0769283075064 24.688181 0.198750298753
385.0 25.786497 0.0777896803186 24.219667 0.166026846995
386.0 25.509416 0.183129353676 23.947747 0.187678730064
387.0 25.364582 0.0667397476697 23.805234 0.0234989467244
388.0 24.539468 0.100081411936 22.994119 0.0946795747749
389.0 25.434894 0.0246431038559 23.87297 0.0401647608217
390.0 26.324365 0.0315859532352 24.746954 0.150510892135
391.0 26.592071 0.0152569564953 25.008202 0.181277397743
392.0 26.681451 0.15114053444 25.096853 0.175000029279
393.0 26.595502 0.119039976949 25.013545 0.134974501336
394.0 16.526214 0.0338750517695 15.124467 0.0624383069571
395.0 16.562706 0.087208863142 15.161843 0.162095204103
396.0 17.025192 0.176240989866 15.616214 0.148419202686
397.0 16.533693 0.00339691673392 15.132254 0.0479577913365
398.0 16.702216 0.190370288263 15.299602 0.113588857811
399.0 17.410845 0.189683535327 15.995479 0.0302855703883
400.0 18.172471 0.160713946329 16.742052 0.0804692489359
401.0 17.69121 0.167259070133 16.26956 0.0694708746691
402.0 17.258524 0.00203369497084 15.845506 0.0270150707855
403.0 16.5378 0.0490100859059 15.13648 0.15623568773
404.0 16.220194 0.0931955443126 14.824537 0.0604960330193
405.0 16.273517 0.180520672166 14.878645 0.0859047766926
406.0 17.014534 0.142044924473 15.605345 0.0488841912357
407.0 17.126418 0.1924579789 15.716032 0.104133493544
408.0 16.659159 0.130647801152 15.257319 0.0206748257426
409.0 15.936179 0.0528882131108 14.549669 0.157419235817
410.0 15.047376 0.0524169078696 13.677555 0.075388680131
411.0 23.296544 0.0212892576558 21.78724 0.0220132011913
412.0 24.255082 0.0223147912855 22.728577 0.0695267186474
413.0 24.378816 0.0651339044316 22.850732 0.111934336332
414.0 25.267501 0.184405003703 23.724221 0.0216129523876
415.0 24.907668 0.103452902666 23.371215 0.0272751610318
416.0 24.952229 0.00629710813529 23.416672 0.179288363903
417.0 16.270649 0.158909010236 14.901323 0.131008709584
418.0 15.968077 0.0208920537658 14.602774 0.180737631452
419.0 15.425896 0.100225862512 14.072258 0.13831569912
420.0 15.898822 0.0289809171728 14.53718 0.146293816834
421.0 15.365082 0.0880642140325 14.014332 0.104336949221
422.0 15.400863 0.122643301743 14.050672 0.0731927743108
423.0 16.265095 0.151643912167 14.900579 0.0458923092455
424.0 15.377394 0.0446123733175 14.029778 0.17783342513
425.0 25.86274 0.123423991449 24.314605 0.0382175702169
426.0 26.573627 0.0633740649836 25.011456 0.199281825701
427.0 26.216073 0.105478978075 24.658762 0.199171905964
428.0 26.652903 0.0372443307725 25.086453 0.121577258966
429.0 26.889354 0.0630475257895 25.316939 0.0811465884056
430.0 26.10226 0.157610757715 24.542543 0.0549334728314
431.0 26.375419 0.0633039970617 24.809433 0.00520452576159
432.0 25.970545 0.187934625474 24.412541 0.130946012877
433.0 25.002921 0.108932025145 23.461441 0.048760969348
434.0 17.531114 0.180060605462 16.140143 0.051558354993
435.0 18.234045 0.0230336819439 16.828878 0.149200168425
436.0 18.383955 0.123340120081 16.975914 0.0175894622011
437.0 17.583369 0.0287060564098 16.190279 0.0877601801946
438.0 17.336906 0.0271502692264 15.946836 0.00353577507851
439.0 16.812168 0.119573297458 15.433739 0.0413455863842
440.0 17.51817 0.147880503984 16.125642 0.103383368595
441.0 16.61744 0.13919504733 15.242008 0.189906921804
442.0 16.670849 0.0217726550707 15.293175 0.0132150961425
443.0 16.344986 0.0332259718079 14.971607 0.069006721668
444.0 15.816531 0.107944831035 14.451926 0.0907641801323
445.0 23.881908 0.160003771302 22.361276 0.164368021265
446.0 24.722201 0.16010722428 23.184572 0.0981887292348
447.0 24.060781 0.0277036472609 22.536632 0.0104211824387
448.0 24.295811 0.0321961652659 22.767846 0.18161126465
449.0 24.290753 0.0999007253476 22.762933 0.101170652386
450.0 23.57253 0.185393278094 22.057242 0.0691766743376
451.0 24.283446 0.0373403964205 22.753602 0.0365026230106
452.0 23.95397 0.1431450189 22.430201 0.0816035634925
453.0 24.631982 0.0858910864766 23.095464 0.179967111037
454.0 24.220596 0.0785202878543 22.693474 0.109178042265
455.0 23.59131 0.180926179653 22.07663 0.161360129089
456.0 24.45544 0.162813999742 22.923879 0.187679865488
457.0 24.025615 0.184066684818 22.500387 0.0194752127398
458.0 18.897286 0.125992658635 17.472742 0.143810002673
459.0 18.77808 0.168435460775 17.357104 0.0912400395885
460.0 18.234954 0.195161073824 16.823359 0.172203153353
461.0 17.412752 0.0320891480676 16.017004 0.149612328679
462.0 17.957593 0.194686111528 16.550599 0.177375012863
463.0 18.716987 0.12258208255 17.295287 0.0431682069881
464.0 19.686577 0.143357464219 18.248207 0.183663301827
465.0 19.053006 0.0593727451863 17.62548 0.174497447806
466.0 19.688481 0.0255438534531 18.24788 0.15003642925
467.0 20.477906 0.0314403762474 19.022394 0.129814694557
468.0 20.110018 0.0285998332539 18.662708 0.168837363427
469.0 19.245561 0.0107940656864 17.81273 0.0191082610162
470.0 19.338719 0.0703973082985 17.903583 0.0619911618445
471.0 18.383976 0.0834550876165 16.965939 0.0568618559835
472.0 19.29733 0.00668643184811 17.863134 0.00715397349319
473.0 19.365187 0.00249124109674 17.928144 0.0390111016346
474.0 18.57594 0.0630477454923 17.152532 0.049255829088
475.0 22.33479 0.128918259311 20.83796 0.167526406837
476.0 21.656558 0.106671803311 20.171546 0.126316658848
477.0 21.587933 0.0226267406032 20.105376 0.0351378527639
478.0 21.422098 0.17075419958 19.942034 0.108637950547
479.0 22.018988 0.0486968170632 20.52641 0.191286344199
480.0 21.10384 0.0926359160668 19.626839 0.00294017443342
481.0 20.659471 0.184788734335 19.190406 0.191157640941
482.0 20.194671 0.133624494561 18.732521 0.00670301584778
483.0 20.647198 0.00175287319753 19.175496 0.127730475698
484.0 20.924265 0.198067489075 19.448498 0.0681332170128
485.0 20.834367 0.0651395441238 19.362232 0.167483127063
486.0 20.496768 0.117929163567 19.032491 0.154203541964
487.0 20.839598 0.190173317479 19.368948 0.0941690523595
488.0 19.973795 0.0539038199171 18.520049 0.0913274654552
489.0 20.024135 0.0577701938569 18.570742 0.0682493298284
490.0 19.212113 0.191948591966 17.77438 0.119173722028
491.0 18.401101 0.107450969743 16.971494 0.0602704312471
492.0 18.25693 0.0984650719332 16.831654 0.0777388998415
493.0 18.943176 0.111847484153 17.504723 0.1527674548
494.0 18.449116 0.00996552853221 17.018102 0.0900815774514
495.0 18.237393 0.0270223409016 16.810878 0.0285652526494
496.0 18.2191 0.00602770882621 16.791312 0.13728683337
497.0 17.477675 0.181173576752 16.063307 0.161167393017
498.0 16.733236 0.0244570466705 15.334019 0.0910939639287
499.0 16.092915 0.169619342959 14.707139 0.0820423329213
500.0 16.762447 0.0484695008546 15.363411 0.193118465835
