0.0 15.618807 0.0958746267878 14.164451 0.138769481673
1.0 15.191325 0.198475472927 13.745719 0.181477648905
2.0 15.49438 0.05260228648 14.044036 0.0522548083556
3.0 15.382181 0.0266684683393 13.935086 0.00326000556365
4.0 14.619434 0.0780504216539 13.188108 0.0494493722296
5.0 13.823852 0.0762658324451 12.407927 0.190253028322
6.0 13.825282 0.197631099046 12.411114 0.145310188737
7.0 14.592632 0.064675291943 13.163714 0.169253332451
8.0 14.899892 0.0317049301211 13.467344 0.193510592685
9.0 14.40088 0.0885397355296 12.977395 0.0457014359699
10.0 14.078486 0.0820594396758 12.661801 0.0200099947627
11.0 13.876618 0.046499313408 12.463823 0.103635678199
12.0 13.405727 0.115661491024 12.000308 0.0150893327908
13.0 12.603064 0.129159867482 11.212924 0.180162139117
14.0 12.63933 0.131488511579 11.250276 0.0857305365855
15.0 12.31819 0.091033523905 10.933258 0.0881938543684
16.0 11.811021 0.116188733872 10.435378 0.176077163758
17.0 11.193192 0.122713660129 9.830813 0.0163257812498
18.0 11.77612 0.1991476061 10.403553 0.0995534683375
19.0 11.137004 0.123675553644 9.775512 0.147989448188
20.0 10.783127 0.135070310717 9.429226 0.0576565370786
21.0 10.89323 0.0548337379258 9.537786 0.159422804155
22.0 10.904841 0.0554484645467 9.547759 0.18358484725
23.0 10.450698 0.0954690742352 9.100845 0.0838480711219
24.0 10.955076 0.19088197072 9.594358 0.00329565971607
25.0 11.248712 0.0925693696344 9.880852 0.0547210930756
26.0 11.68927 0.139335022679 10.311398 0.0924911456902
27.0 11.068064 0.0717246714495 9.701026 0.166204500571
28.0 15.095428 0.190584850564 13.649224 0.104280014535
29.0 14.238246 0.124525094892 12.809153 0.138318210184
30.0 13.556631 0.12128332637 12.139431 0.174708729395
31.0 13.6352 0.0442559417666 12.216666 0.175606410168
32.0 13.059591 0.0678868058477 11.651091 0.179664759635
33.0 12.513053 0.0731320926529 11.115382 0.156426351276
34.0 11.778278 0.195780811298 10.393646 0.0246441049387
35.0 11.138673 0.146951540137 9.764108 0.0594742755914
36.0 10.832519 0.0479811590703 9.46383 0.102853672036
37.0 10.61982 0.140566077095 9.255952 0.143324885395
38.0 11.473802 0.185411370213 10.093676 0.154528607021
39.0 11.793582 0.0764057781551 10.406985 0.175829569708
40.0 12.026796 0.000744845352824 10.636742 0.0396217291151
41.0 11.349965 0.0624749426978 9.973966 0.108675726688
42.0 11.454515 0.0510184493338 10.078314 0.147697536504
43.0 10.759115 0.0787876121032 9.397857 0.104951830825
44.0 10.522695 0.16382600725 9.163934 0.130534524361
45.0 10.138091 0.0700190604907 8.78707 0.189995015316
46.0 20.40916 0.161543606063 18.873781 0.047586436568
47.0 20.97339 0.179045528358 19.428125 0.0245813701114
48.0 20.32304 0.0859814993998 18.791168 0.0688475677977
49.0 19.683747 0.0806308702046 18.163413 0.0493039501373
50.0 19.152513 0.191159560618 17.643749 0.101812352006
51.0 19.048243 0.162598127671 17.541017 0.00117811796747
52.0 19.707148 0.0981119301713 18.190195 0.00737322910275
53.0 19.290742 0.190687288467 17.78222 0.170142130056
54.0 20.296818 0.0538895185931 18.771174 0.0219148962808
55.0 19.443377 0.133427131424 17.93346 0.142661144939
56.0 19.698409 0.154186118202 18.183996 0.100719285116
57.0 20.509016 0.0209821727223 18.978273 0.111416209767
58.0 19.576946 0.078668567403 18.061731 0.180047490252
59.0 18.770816 0.197503725508 17.269833 0.0299150298079
60.0 18.340954 0.0557170748948 16.847936 0.0390479578451
61.0 19.055317 0.170671646689 17.549371 0.164964457675
62.0 19.854766 0.0969120796579 18.334491 0.0974130282469
63.0 19.956754 0.0760282498881 18.433266 0.181304579178
64.0 19.659036 0.102879721048 18.139979 0.0618384855611
65.0 19.793775 0.0851164435576 18.274328 0.0557594694662
66.0 19.203327 0.0808744389529 17.694305 0.192975028065
67.0 12.682945 0.0226840071181 11.292417 0.058461845471
68.0 11.867913 0.0716453421961 10.491102 0.190792630958
69.0 11.533913 0.100233964113 10.165184 0.138657362659
70.0 11.535471 0.159837934424 10.165362 0.0767010484746
71.0 10.700072 0.0373891980817 9.346104 0.00284789378256
72.0 11.021023 0.0349696578357 9.660167 0.0373194674156
73.0 10.860055 0.000971766806786 9.502517 0.0674439780264
74.0 10.9672 0.0321448767787 9.609193 0.067988373253
75.0 11.69566 0.0699622893327 10.323098 0.0670993565827
76.0 12.197405 0.0677495457274 10.816098 0.13106207349
77.0 11.828058 0.170413179395 10.455703 0.114012113875
78.0 11.22742 0.0174235863211 9.867358 0.100284341654
79.0 10.951527 0.125687887008 9.597104 0.180652321737
80.0 11.803318 0.108565110811 10.432628 0.193847754027
81.0 11.839902 0.0146613395338 10.468722 0.171927878617
82.0 12.782218 0.0341503552599 11.394718 0.143288967255
83.0 12.210682 0.161315222337 10.830591 0.177318860743
84.0 12.597263 0.162955645646 11.208719 0.021769597503
85.0 12.339551 0.0458394311681 10.957728 0.113663121966
86.0 11.63646 0.0674664265947 10.268016 0.0488019206283
87.0 12.470019 0.0994860266394 11.086009 0.199897090041
88.0 13.344622 0.00385916160093 11.94359 0.117700904545
89.0 12.511075 0.124651845239 11.127199 0.13915565953
90.0 12.720036 0.139138292032 11.331211 0.125269400567
91.0 12.330572 0.00379535436438 10.949117 0.0696464223492
92.0 12.713662 0.124178791303 11.325511 0.00673332432343
93.0 12.186792 0.0691035568134 10.807611 0.0765561924079
94.0 12.65658 0.0232462768188 11.268554 0.00811316419412
95.0 12.217725 0.145202032497 10.83628 0.0805338059869
96.0 12.548545 0.140014493221 11.162039 0.0910688697916
97.0 11.988117 0.0282153213959 10.611606 0.0697725966587
98.0 12.910368 0.0906497034998 11.517053 0.169708604115
99.0 18.244932 0.133577320592 16.752373 0.0393269928281
100.0 17.381979 0.158249133757 15.905728 0.0408776195977
101.0 18.234101 0.036916572025 16.743403 0.0298066598048
102.0 18.151655 0.157030055803 16.660764 0.0597495922838
103.0 18.602387 0.177972176207 17.103864 0.13749753112
104.0 18.844606 0.0833882696553 17.341457 0.19972986811
105.0 19.344693 0.101924489678 17.832904 0.0145932637985
106.0 19.765672 0.0881994203756 18.244846 0.106789367895
107.0 19.003485 0.148128071894 17.495135 0.199333159976
108.0 18.727978 0.0467969109464 17.225076 0.184697438561
109.0 18.995276 0.0412404615672 17.488831 0.0996583953701
110.0 18.495496 0.02225791389 16.997008 0.0151719602565
111.0 19.05125 0.0970600682435 17.541407 0.104373431258
112.0 19.377378 0.076757983443 17.862423 0.0202866212484
113.0 18.826181 0.0709603634468 17.322643 0.164144584433
114.0 11.581869 0.18476827174 10.207707 0.0690315001559
115.0 11.121894 0.170420674794 9.756921 0.0131813998382
116.0 11.031726 0.0618950029064 9.669027 0.0981271795736
117.0 10.911745 0.166978095067 9.552908 0.0845635531273
118.0 10.967347 0.0584362750976 9.60574 0.0538724502327
119.0 20.255558 0.0264585715299 18.713979 0.1564180553
120.0 21.051883 0.059162699104 19.494703 0.174505581377
121.0 20.610724 0.181653864356 19.061271 0.0289883948316
122.0 10.996426 0.126684189358 9.635299 0.0429876340505
123.0 11.348999 0.113899780997 9.979442 0.137860856297
124.0 10.399264 0.042510816959 9.045876 0.0808022179874
125.0 9.989759 0.136428644205 8.64544 0.13533355544
126.0 10.156699 0.0656960500707 8.807724 0.159472661988
127.0 11.026939 0.0467365568381 9.661044 0.0715965136166
128.0 11.302384 0.0188388602802 9.929895 0.0880457566175
129.0 11.168349 0.0197873063088 9.797151 0.0259994443261
130.0 10.877174 0.0700535196019 9.513229 0.0684507303286
131.0 10.706044 0.13540380179 9.345247 0.0969872907168
132.0 11.215289 0.0259415240701 9.846331 0.0368208627188
133.0 11.562103 0.024514255885 10.188804 0.169026928805
134.0 20.872127 0.10566215112 19.334009 0.0218530539147
135.0 21.800838 0.148443625033 20.247547 0.157983883646
136.0 22.510626 0.0568992137643 20.943418 0.0209468224017
137.0 22.371417 0.124786727763 20.805293 0.0788428424154
138.0 14.713096 0.174423166179 13.298799 0.145503027562
139.0 14.973577 0.127035528568 13.555043 0.128495223157
140.0 15.836411 0.00621928381663 14.402319 0.00185786544071
141.0 16.713438 0.138954564118 15.262278 0.107340347577
142.0 16.962219 0.0259493155239 15.50709 0.083783383873
143.0 17.837824 0.16806687976 16.366813 0.174920673621
144.0 18.013649 0.106720749874 16.538978 0.0126782884393
145.0 18.316568 0.16425209084 16.837287 0.166914295708
146.0 19.183387 0.153229111113 17.687569 0.168256596767
147.0 18.803123 0.183242041276 17.315452 0.128548338047
148.0 19.07484 0.164498788729 17.583934 0.15020784856
149.0 19.863017 0.0453811635352 18.357971 0.160591697031
150.0 19.113943 0.120553159402 17.621652 0.0399628536106
151.0 19.418577 0.131193324317 17.922358 0.0853853041601
152.0 22.768879 0.137957104369 21.212066 0.100792625306
153.0 22.914488 0.0388071166608 21.357011 0.148153185911
154.0 22.163304 0.138736065909 20.620315 0.00303855974281
155.0 21.717456 0.138910225289 20.184734 0.00400590694322
156.0 22.245831 0.0493015843593 20.705419 0.0740545164774
157.0 22.762297 0.084009448364 21.21429 0.13920947427
158.0 22.573902 0.186196611124 21.027734 0.1742883266
159.0 23.338698 0.0448830194771 21.77863 0.0456718464964
160.0 22.75985 0.138847480884 21.208832 0.188531561881
161.0 23.278169 0.0553768493798 21.717312 0.195385407518
162.0 22.528279 0.179445550345 20.982194 0.0446696101001
163.0 22.147896 0.174416054261 20.607619 0.158167176553
164.0 21.640048 0.16763055575 20.121813 0.0711010776134
165.0 21.940653 0.157277211357 20.415758 0.105761533709
166.0 21.582948 0.0409734887763 20.063168 0.161080344191
167.0 22.092321 0.133908737774 20.561483 0.102368052156
168.0 22.557841 0.0509224440591 21.016717 0.0904119214486
169.0 22.382063 0.178817562596 20.844497 0.171173893822
170.0 22.573322 0.13077264266 21.032789 0.0587361403377
171.0 23.422494 0.0785539511038 21.865866 0.169674711149
172.0 23.073027 0.0699007161738 21.521703 0.00755928636621
173.0 23.705623 0.0708720576845 22.14381 0.161806494433
174.0 23.762412 0.0659267011266 22.19957 0.196544370396
175.0 23.389834 0.128671807332 21.835358 0.187767165154
176.0 23.142272 0.0530538436904 21.593773 0.0531480849833
177.0 13.550577 0.110925028618 12.179576 0.122819642787
178.0 14.317482 0.136897403725 12.932611 0.120312182347
179.0 15.050809 0.0943630023093 13.653507 0.00616586296771
180.0 14.470035 0.0893310251931 13.083187 0.120040768629
181.0 13.704118 0.0274578656093 12.332458 0.108853093078
182.0 12.765328 0.193159622926 11.410432 0.158653780728
183.0 12.158268 0.0974709992489 10.816353 0.162555493666
184.0 12.818962 0.187309059101 11.463376 0.0892917403253
185.0 12.780723 0.128198657397 11.426041 0.0262417806755
186.0 12.134255 0.187239485175 10.791957 0.0845362308945
187.0 12.055089 0.19426043422 10.714257 0.0537062424123
188.0 12.154173 0.104733799704 10.811848 0.0841317540922
189.0 12.847786 0.0907909508843 11.492753 0.0391715243904
190.0 13.62828 0.0964603731376 12.256857 0.0560922218603
191.0 23.596937 0.0640891568526 22.037035 0.0114749105177
192.0 22.958799 0.0357465441646 21.411838 0.167759092162
193.0 22.617577 0.141828152595 21.076213 0.0410473011617
194.0 21.816312 0.0478922031208 20.29048 0.0172119842859
195.0 22.661675 0.083416369843 21.121603 0.0480315294827
196.0 21.705971 0.100130958622 20.182796 0.0376610236322
197.0 20.863529 0.000333031762051 19.355303 0.121891944558
198.0 21.807595 0.102376289119 20.283014 0.159561216257
199.0 21.16733 0.101915799407 19.654473 0.159231066024
200.0 21.114062 0.0657578688945 19.603962 0.0231337838987
201.0 21.308942 0.188573645272 19.794898 0.148538640307
202.0 21.483413 0.1696758584 19.967251 0.147552530339
203.0 21.957109 0.185657250097 20.434238 0.125479228536
204.0 22.043527 0.033865193291 20.520803 0.0683618768007
205.0 22.690384 0.114335202958 21.154542 0.0528604323249
206.0 22.887199 0.134116290445 21.346567 0.0964973140142
207.0 22.284786 0.136457216071 20.757139 0.0903952542512
208.0 23.059629 0.00571766477941 21.516091 0.00229554608968
209.0 23.405186 0.11176642069 21.85659 0.0113453829174
210.0 19.836373 0.0169395782274 18.351781 0.151535784579
211.0 20.143357 0.197706870098 18.652797 0.0206297668997
212.0 20.288486 0.0987443329062 18.79361 0.170572827249
213.0 20.732454 0.0933373445154 19.228894 0.0127949244561
214.0 20.071206 0.0779665298184 18.581834 0.0894504844821
215.0 19.636663 0.0822472088098 18.155644 0.0261050786482
216.0 18.874672 0.0519192743296 17.408282 0.108871513142
217.0 19.260746 0.0833540692647 17.788111 0.0353517809706
218.0 19.127874 0.189642401689 17.658726 0.123723563672
219.0 18.827475 0.0260232263304 17.363809 0.150988910976
220.0 19.118885 0.172240638195 17.65019 0.112297357862
221.0 24.155625 0.10020558003 22.598544 0.0668642671148
222.0 24.069368 0.178340869249 22.512558 0.107646791855
223.0 24.565742 0.194931656303 23.000704 0.145179323908
224.0 25.201917 0.163855565037 23.627241 0.102075228278
225.0 24.655908 0.0961254960274 23.090856 0.0231346381722
226.0 25.207036 0.175020983912 23.631725 0.0396958950806
227.0 24.988985 0.0381386079694 23.418063 0.0336809588779
228.0 25.50483 0.14233846971 23.923899 0.139156826576
229.0 25.31033 0.104526279655 23.731213 0.0867460105222
230.0 25.468673 0.127618080025 23.885783 0.113266315326
231.0 25.975125 0.181389290943 24.384513 0.0767370934671
232.0 25.905699 0.0474409134227 24.317546 0.190667349267
233.0 26.470188 0.134147757798 24.87015 0.0559319566697
234.0 25.913336 0.074171601216 24.324964 0.166844853347
235.0 26.835897 0.0744847052431 25.23175 0.0538129523648
236.0 26.434005 0.183756273301 24.835886 0.156419788323
237.0 26.537196 0.100209786074 24.937558 0.0486427845481
238.0 26.193123 0.035393133265 24.599404 0.0281295506308
239.0 14.419092 0.0913811998668 13.052211 0.00411528948198
240.0 14.462166 0.0053940095639 13.093273 0.00154642248576
241.0 13.864418 0.142097753761 12.508643 0.122417400853
242.0 14.382012 0.194021289385 13.015146 0.0658152913843
243.0 14.279541 0.0840906354811 12.912844 0.0472279735565
244.0 13.563738 0.00763972450869 12.209274 0.158936437296
245.0 14.482687 0.162946529393 13.11126 0.185860273438
246.0 13.663827 0.155806930661 12.307076 0.167735305696
247.0 13.412313 0.107949483358 12.060296 0.0852999373262
248.0 13.959103 0.170166265717 12.599003 0.194009610951
249.0 13.707225 0.0596410956076 12.353088 0.0545003923831
250.0 23.316799 0.101793603984 21.790813 0.11346920996
251.0 23.006172 0.141706171778 21.484838 0.0890922126854
252.0 22.859516 0.073846622837 21.339671 0.114731177092
253.0 23.333148 0.104763823054 21.8066 0.030395982136
254.0 22.757289 0.130379447695 21.242541 0.08639546207
255.0 22.921565 0.163368051173 21.402672 0.03461359055
256.0 22.845781 0.0694625279374 21.32665 0.0822880637858
257.0 23.028036 0.120899375163 21.504416 0.154862530475
258.0 23.118336 0.133906117071 21.591335 0.0249107719169
259.0 22.468151 0.183073430291 20.954049 0.130963961187
260.0 23.370091 0.0487780474467 21.839248 0.131785193297
261.0 22.860166 0.0890131557198 21.33751 0.181738764419
262.0 23.816492 0.11124606738 22.277793 0.0897801417931
263.0 24.343799 0.149149358298 22.79523 0.0850656258961
264.0 25.284446 0.0715048973185 23.719234 0.0726395706726
265.0 24.448606 0.192462137676 22.899089 0.172688518777
266.0 25.29258 0.0617669970071 23.72678 0.0793666844645
267.0 24.591236 0.129998123094 23.037302 0.16117416699
268.0 23.338024 0.154296820484 21.810714 0.030413569042
269.0 22.946438 0.002005062243 21.427835 0.0659980527883
270.0 23.831747 0.0588735801891 22.296597 0.0423655283066
271.0 24.206882 0.00411891079546 22.664877 0.144950443154
272.0 25.05893 0.118904177375 23.502096 0.130209865667
273.0 24.341903 0.196329322564 22.796893 0.101833052808
274.0 25.181239 0.176528484425 23.619726 0.163198508554
275.0 25.728246 0.137996289474 24.156107 0.152408909644
276.0 25.045759 0.154986396516 23.48461 0.0517887091079
277.0 25.979443 0.0405859223955 24.402725 0.0573411508076
278.0 25.850481 0.108249301134 24.275578 0.183935245956
279.0 25.168102 0.0829362517616 23.605835 0.0343116154561
280.0 24.490174 0.115281139868 22.940436 0.0962076117949
281.0 23.773684 0.136200589502 22.237385 0.0821878818941
282.0 24.174185 0.135030243005 22.628993 0.140806197508
283.0 24.536325 0.147324941946 22.984705 0.127581825877
284.0 24.915782 0.161785001197 23.358077 0.150609573404
285.0 24.600631 0.191622634161 23.049628 0.0461551424923
286.0 23.28821 0.0335022498606 21.756876 0.135545747382
287.0 23.999067 0.125029832362 22.456144 0.00919348959392
288.0 24.631994 0.0934214704852 23.076556 0.169844727702
289.0 24.010976 0.0149531196835 22.467969 0.0382882069486
290.0 24.680438 0.027005328312 23.1247 0.132365421208
291.0 24.865493 0.177918184099 23.304488 0.104529375743
292.0 23.865717 0.0107202719924 22.321304 0.0304984860448
293.0 23.469649 0.102408835436 21.931655 0.138166725418
294.0 24.01905 0.161891846448 22.470135 0.116366742124
295.0 23.192618 0.00352599776269 21.658495 0.164669490484
296.0 23.301677 0.150549342163 21.765175 0.0922223470482
297.0 22.692291 0.0973101174863 21.166656 0.0169677870516
298.0 22.835367 0.0967766794812 21.305611 0.0795612366946
299.0 23.034652 0.00906186004055 21.499514 0.151309898321
300.0 23.636664 0.182174371067 22.089722 0.0802185177247
301.0 13.917225 0.131219092166 12.556287 0.0179165984508
302.0 13.405629 0.151628291576 12.055321 0.177647792037
303.0 12.84241 0.157242506564 11.50271 0.0950948875884
304.0 11.852037 0.077818244503 10.528877 0.0347363346111
305.0 12.662228 0.162653794428 11.324896 0.0371852559694
306.0 11.780507 0.152032264866 10.457875 0.0338436210847
307.0 16.339651 0.153103802087 14.927319 0.00325731763577
308.0 17.220376 0.0144299413686 15.793619 0.143599107081
309.0 16.400719 0.080206375532 14.987381 0.0118998657341
310.0 15.8401 0.113813722849 14.439255 0.0659401116548
311.0 15.078378 0.162574610183 13.693386 0.00782730849909
312.0 15.144501 0.0544772847791 13.757689 0.083174062403
313.0 14.671798 0.026546073358 13.294637 0.0329937861962
314.0 13.805733 0.13059668039 12.44363 0.108057260273
315.0 13.01226 0.171318578611 11.666821 0.197444413838
316.0 13.026367 0.0584434934275 11.679306 0.00859190747573
317.0 12.259396 0.0427045861961 10.928239 0.0873337625521
318.0 13.101497 0.194727076032 11.755036 0.18818045641
319.0 12.512203 0.127757502547 11.175821 0.156611446821
320.0 12.383799 0.11495405188 11.050877 0.0800903491468
321.0 16.895972 0.0239987501124 15.48691 0.0657701402605
322.0 17.717418 0.071981321681 16.293687 0.0720528851386
323.0 17.542611 0.154857770378 16.121194 0.0955626545265
324.0 17.806753 0.0410753505806 16.37947 0.170255625441
325.0 17.329403 0.0998003574567 15.913084 0.0261124174862
326.0 17.163871 0.0842955137973 15.751943 0.0589835524119
327.0 16.769079 0.178104776404 15.363092 0.145970326423
328.0 16.632351 0.147331897428 15.229036 0.0118200277185
329.0 16.17791 0.0263738572077 14.782601 0.19036774059
330.0 16.453001 0.0639361944382 15.051045 0.042190255062
331.0 16.323399 0.0852465210147 14.923088 0.042505709537
332.0 16.459821 0.157712725676 15.057882 0.167212743436
333.0 15.559065 0.0178134126687 14.172541 0.13860257756
334.0 15.569568 0.11411618721 14.180951 0.191197448604
335.0 14.651107 0.0352279869979 13.278941 0.0702431209467
336.0 15.13363 0.106350290695 13.762026 0.0363833261033
337.0 14.546503 0.168172602058 13.186807 0.0179759095361
338.0 14.548564 0.189406937565 13.188322 0.0589044251347
339.0 14.251764 0.196842358987 12.896646 0.129190142669
340.0 14.752385 0.0639781238384 13.38656 0.155370955386
341.0 14.92433 0.0219101439883 13.556137 0.157252969891
342.0 14.701496 0.194925167961 13.336749 0.0497526713034
343.0 13.930743 0.166026165799 12.580083 0.0675715061711
344.0 14.173603 0.0147760958493 12.816864 0.148663636803
345.0 13.404456 0.181446505822 12.063115 0.0580145221076
346.0 13.938195 0.138520778679 12.587833 0.000175390260313
347.0 13.353662 0.0358747105232 12.01291 0.130327264581
348.0 12.815338 0.147649910543 11.484444 0.0306221537124
349.0 11.786327 0.168870959284 10.472639 0.0667893630505
350.0 11.702764 0.161787714891 10.389441 0.171597398553
351.0 12.3784 0.0438344269977 11.051135 0.0432205779601
352.0 12.131501 0.167151204366 10.807096 0.0417952210525
353.0 11.899043 0.137358078694 10.577587 0.0346334243904
354.0 12.62835 0.121675636279 11.294577 0.0285138014648
355.0 24.603508 0.143924087407 23.05772 0.085021118797
356.0 25.186327 0.158093539718 23.628298 0.117639242232
357.0 24.851455 0.0363605443652 23.297763 0.0357683069792
358.0 25.535666 0.0833288634575 23.970674 0.0409341465458
359.0 25.938998 0.0791599811437 24.366341 0.0598669990574
360.0 26.249078 0.00341447665574 24.672085 0.161963360832
361.0 16.981469 0.0201757845397 15.567685 0.154673244258
362.0 16.476934 0.0263757499836 15.074306 0.100030132967
363.0 16.934728 0.0646595139592 15.523848 0.0638429848783
364.0 16.020913 0.160488447137 14.626338 0.0363736685149
365.0 16.092341 0.17660087865 14.697341 0.162221563907
366.0 15.608956 0.184410159027 14.221757 0.156787903199
367.0 15.641255 0.153476748193 14.253488 0.0423132808107
368.0 16.131279 0.0188468564171 14.734526 0.178780790836
369.0 16.617176 0.0962137375316 15.210224 0.178629620685
370.0 17.266424 0.0141595250486 15.847503 0.0810697910892
371.0 18.158746 0.180203729968 16.724578 0.0944576923848
372.0 19.0885 0.164587905583 17.639051 0.17503340126
373.0 18.588577 0.192717700348 17.149671 0.0613786956435
374.0 19.296929 0.173810875192 17.846049 0.0126838640536
375.0 19.574972 0.053346879075 18.11832 0.108025042559
376.0 19.597603 0.020007727135 18.141521 0.185018584192
377.0 20.091357 0.171713132131 18.62788 0.121971803798
378.0 20.267144 0.161054029151 18.79853 0.07964865601
379.0 19.914416 0.0780200537969 18.454346 0.125753889589
380.0 20.572587 0.0445001456714 19.112248 0.0506966414569
381.0 20.760573 0.150902657349 19.296664 0.173387512699
382.0 19.877754 0.0654005428769 18.429049 0.15927535334
383.0 19.844891 0.195455356626 18.398529 0.00056789045697
384.0 20.47714 0.0918295138509 19.019442 0.0710758302497
385.0 20.677202 0.184677441084 19.217634 0.0628820331475
386.0 20.668824 0.0914278678792 19.209105 0.102689086226
387.0 20.669251 0.0477031474616 19.210703 0.0944343566764
388.0 21.070272 0.124329924074 19.604093 0.00292972211714
389.0 20.419078 0.113567623437 18.972048 0.0399547025115
390.0 21.405867 0.140250184947 19.942541 0.119099765043
391.0 22.218764 0.148500620488 20.738476 0.0562558497415
392.0 22.370778 0.0842530245266 20.886197 0.103706224776
393.0 22.434485 0.160875963898 20.946883 0.0313580738517
394.0 24.407427 0.058263909121 22.880881 0.0267919771389
395.0 24.761001 0.00717056151454 23.228966 0.0162363196539
396.0 23.964282 0.0263332924154 22.446252 0.170312580391
397.0 24.603263 0.133466613389 23.073146 0.0934975714369
398.0 24.483736 0.0491670583373 22.956969 0.176222257726
399.0 23.741028 0.1355656841 22.228596 0.192570804422
400.0 23.830787 0.186972439613 22.318338 0.142410024882
401.0 23.657725 0.18745454431 22.147786 0.147136874618
402.0 16.366352 0.0357201996526 14.988925 0.123217346759
403.0 15.432035 0.168915089535 14.071632 0.0151089258026
404.0 15.1959 0.00282486969264 13.839581 0.0864301747447
405.0 15.412614 0.0959226597488 14.050797 0.0899882449597
406.0 15.890058 0.0895671449515 14.518387 0.16418453957
407.0 16.051393 0.194776787549 14.678443 0.107951545973
408.0 15.694433 0.0834844080467 14.327174 0.00561936214285
409.0 16.483661 0.0413300353454 15.100774 0.157711043178
410.0 15.810793 0.029337259778 14.438467 0.092784671872
411.0 16.147698 0.0999776188069 14.768311 0.179521933565
412.0 19.904715 0.168484945332 18.453712 0.106882258961
413.0 20.259652 0.0936195426376 18.800827 0.0922675854647
414.0 19.537107 0.138507301354 18.091862 0.0994751641528
415.0 17.982136 0.0101943644251 16.578741 0.105402116113
416.0 17.938699 0.193525345143 16.534467 0.126825215823
417.0 18.629261 0.0605289262772 17.213233 0.00061074251064
418.0 17.129635 0.072340463154 15.735521 0.0226421574352
419.0 16.649319 0.0231689735 15.264657 0.168474537731
420.0 16.486314 0.0733475117511 15.106345 0.000800350627435
421.0 16.085441 0.0087939158507 14.713708 0.100387044605
422.0 16.157964 0.0776530396997 14.785056 0.159791806876
423.0 19.392526 0.0344287408842 17.955227 0.107559892385
424.0 20.30944 0.0348365623058 18.856682 0.131110283081
425.0 20.337801 0.148049454072 18.885103 0.113586509072
426.0 20.639493 0.107882031962 19.181953 0.101238087887
427.0 24.591844 0.057197434671 23.06601 0.142038130298
428.0 24.579791 0.134411618881 23.054564 0.112596656696
429.0 24.17744 0.165206141503 22.660505 0.13557889063
430.0 21.507862 0.15770629904 20.050225 0.118159210397
431.0 21.019101 0.102894365335 19.568633 0.131113219655
432.0 20.566069 0.091893622536 19.125094 0.028182841831
433.0 21.565044 0.141681713384 20.107631 0.0702344152844
434.0 20.78309 0.114343749869 19.338814 0.16455194136
435.0 21.73539 0.120901881648 20.274627 0.0651760899173
436.0 21.83091 0.103979232922 20.367601 0.0375239729785
437.0 21.226229 0.0565909371405 19.773924 0.0149064747428
438.0 26.20454 0.14564306624 24.6741 0.101169751592
439.0 26.137821 0.0856939417213 24.609785 0.0663915905014
440.0 25.503752 0.0534814039062 23.986711 0.0298411081441
441.0 24.676267 0.186252957048 23.173044 0.10836629339
442.0 24.84002 0.11347339015 23.335848 0.0156843003922
443.0 25.207653 0.109089074573 23.695988 0.0523917462011
444.0 25.808151 0.0230695195595 24.286024 0.0559971825103
445.0 18.637911 0.07845429884 17.24157 0.00799905127754
446.0 19.345776 0.0978029679824 17.935543 0.172683335513
447.0 18.698676 0.0218534796396 17.299465 0.131856229612
448.0 19.422502 0.0999092416868 18.009717 0.0906585874707
449.0 18.991888 0.170362780624 17.588236 0.147507253465
450.0 25.780094 0.170215485795 24.244982 0.0345977275866
451.0 25.06523 0.159396935789 23.541771 0.0130519474228
452.0 25.228797 0.0622204771393 23.702694 0.12494320674
453.0 23.274615 0.1274147561 21.797587 0.00141636058396
454.0 24.036307 0.162534167989 22.545529 0.192930480063
455.0 24.883512 0.1480505965 23.377454 0.069075755365
456.0 25.075074 0.00445470971879 23.564913 0.0666443715084
457.0 24.789103 0.023571183318 23.282969 0.0200699984389
458.0 25.737639 0.193866190461 24.215284 0.139788961792
459.0 24.84159 0.15730173595 23.334175 0.0207982171067
460.0 25.516797 0.0999157357356 23.995523 0.186866161001
461.0 24.447143 0.0268208961846 22.942047 0.0927191878985
462.0 24.887192 0.106499144611 23.375046 0.1892622943
463.0 25.738519 0.115334297075 24.21271 0.110847190702
464.0 25.478801 0.138752381554 23.95708 0.0934536030105
465.0 25.052676 0.10650355079 23.540459 0.122943269074
466.0 25.412205 0.00173803406736 23.895098 0.199038659822
467.0 26.325505 0.162824672136 24.791526 0.077433052236
468.0 26.491857 0.130838979083 24.953285 0.0635550046654
469.0 27.144685 0.150745479754 25.593363 0.186827680509
470.0 26.852955 0.0969186446797 25.303486 0.154915426948
471.0 27.53102 0.0164494926943 25.968251 0.064394394217
472.0 27.201795 0.176335820265 25.643703 0.0893083709717
473.0 18.156194 0.157995477887 16.775893 0.0890991077398
474.0 17.873473 0.175184543276 16.496756 0.00107840246791
475.0 18.21694 0.0334003914645 16.832885 0.0735025235873
476.0 18.90728 0.182487674014 17.510216 0.1925808271
477.0 19.65485 0.0826252614214 18.243337 0.187614616098
478.0 20.576704 0.105818714387 19.148949 0.173084567484
479.0 20.450768 0.123538889504 19.025079 0.0691688107802
480.0 19.712211 0.118219791718 18.301735 0.175783157431
481.0 19.197639 0.152169974669 17.796563 0.185967176945
482.0 19.548362 0.0945380703603 18.142478 0.152362356174
483.0 19.699736 0.00953713678704 18.289826 0.128403319576
484.0 19.882017 0.17678992484 18.470194 0.173718140683
485.0 20.282619 0.109965220441 18.863529 0.0233261100155
486.0 21.084595 0.0729793772511 19.650145 0.0292672225763
487.0 21.400709 0.0478580502181 19.961827 0.0477259742591
488.0 21.22098 0.0400139266074 19.786082 0.0215515698459
489.0 20.499547 0.0375708455498 19.078745 0.0907915471689
490.0 20.111163 0.013218453173 18.697114 0.0674054177627
491.0 19.422441 0.00306179366928 18.021637 0.127363616383
492.0 18.674307 0.154577884309 17.287352 0.109176591678
493.0 22.580727 0.0207482021668 21.122789 0.19263775478
494.0 22.834391 0.109351413329 21.371923 0.185675349217
495.0 22.551036 0.151429122391 21.092857 0.0250029879904
496.0 23.132217 0.11557634727 21.66492 0.13927470493
497.0 23.355883 0.0413205929109 21.884506 0.164145641275
498.0 22.46237 0.0819657521485 21.005939 0.15618911134
499.0 22.620669 0.151637385685 21.162859 0.0918986079165
500.0 21.736857 0.110147583813 20.296239 0.12934162405
