0.0 15.813302 0.0464381469669 14.446359 0.0531742073076
1.0 16.842855 0.000576236912126 15.458859 0.121302268331
2.0 16.646552 0.046259318578 15.26819 0.120855300004
3.0 16.987093 0.168046356118 15.603354 0.0690223706834
4.0 17.70213 0.185920464315 16.306244 0.0500694301899
5.0 17.338943 0.0284823386557 15.949613 0.154096613409
6.0 16.616369 0.0227614829355 15.238985 0.166297281831
7.0 18.528345 0.13471992401 17.11852 0.118602211377
8.0 18.695773 0.0174577946281 17.284802 0.0743896555489
9.0 18.197724 0.0393967047526 16.794809 0.152544838194
10.0 25.449667 0.0866994775516 23.925751 0.00431771205358
11.0 25.220546 0.135335935729 23.70014 0.0984908964754
12.0 26.07984 0.155065880499 24.545829 0.0728482907825
13.0 25.532785 0.102565285715 24.00729 0.0847862155789
14.0 25.609408 0.0659398434358 24.083508 0.14365788081
15.0 26.448589 0.19104744471 24.908009 0.150137272812
16.0 27.374639 0.188598625228 25.819327 0.127347030563
17.0 26.767831 0.100655620016 25.221522 0.106833579034
18.0 26.773412 0.118534890749 25.228023 0.0497894915119
19.0 27.016796 0.154753767994 25.467195 0.0202501371226
20.0 26.647998 0.0361932134165 25.103979 0.0472939967539
21.0 19.38383 0.160181340853 17.985306 0.130493323465
22.0 18.858271 0.0501442825346 17.471439 0.0177577609832
23.0 18.251845 0.109471191144 16.87699 0.0997521202151
24.0 18.487985 0.0958030578221 17.110114 0.0566171225052
25.0 18.967378 0.167016643345 17.581505 0.14810847919
26.0 18.948465 0.0500174405005 17.564051 0.0965069706781
27.0 19.075413 0.116344610031 17.688606 0.111052969589
28.0 19.93062 0.0946421455763 18.529094 0.075138585951
29.0 20.654361 0.0391609877739 19.239336 0.0660738467316
30.0 19.789196 0.0516008735012 18.3906 0.0180413042542
31.0 20.130811 0.124398953925 18.724389 0.0372796830486
32.0 20.399312 0.11439254934 18.987895 0.104659725226
33.0 21.081028 0.147117108589 19.658397 0.0370985796851
34.0 21.293942 0.0363327937803 19.865833 0.151478071933
35.0 21.192329 0.0510738826579 19.764592 0.140094755811
36.0 20.290657 0.09378112982 18.878442 0.0245334015378
37.0 20.603537 0.0917940009246 19.183919 0.0777630163644
38.0 21.360775 0.139646447821 19.925755 0.0152248802408
39.0 20.503741 0.0985611882215 19.084345 0.0961676862246
40.0 19.716853 0.0459952920993 18.312192 0.0187004245322
41.0 20.162607 0.12756543438 18.751129 0.19511697698
42.0 19.935243 0.183608416494 18.529936 0.0583572778517
43.0 19.282395 0.185166270518 17.889028 0.0629929648348
44.0 20.112159 0.131408164915 18.702134 0.168899061973
45.0 19.893509 0.139687008023 18.488217 0.0793305702632
46.0 24.189805 0.0246540388804 22.711026 0.128050054242
47.0 23.918565 0.0411973882713 22.446028 0.0508881335042
48.0 24.378259 0.0275311976195 22.8986 0.183057667312
49.0 21.340888 0.121136145714 19.924422 0.133032258734
50.0 22.066744 0.094523013376 20.638649 0.0290859342495
51.0 21.834198 0.170010527378 20.411368 0.0597374603838
52.0 21.260585 0.104276631005 19.847207 0.111564566844
53.0 20.461403 0.15455000086 19.062227 0.13494281906
54.0 19.56443 0.199532447386 18.181886 0.14664389331
55.0 19.128801 0.0681127826683 17.75525 0.0067305187559
56.0 26.371482 0.0416530969234 24.856355 0.0329860969594
57.0 25.970071 0.0464691061789 24.464073 0.199517885288
58.0 25.660398 0.11237862008 24.16053 0.000977040887181
59.0 26.360839 0.0619438538684 24.848703 0.169089847075
60.0 26.913579 0.0544035386714 25.390635 0.129314661119
61.0 27.414177 0.146829208219 25.883725 0.10363036213
62.0 26.539203 0.157538021373 25.02701 0.107689584085
63.0 26.157935 0.0225356426775 24.650998 0.049958770467
64.0 26.733096 0.0411215051881 25.21507 0.178239364499
65.0 22.229254 0.111612392035 20.801602 0.199642545363
66.0 22.354074 0.0913058808387 20.926078 0.114456640696
67.0 22.981421 0.0091021446156 21.541406 0.157049157941
68.0 22.858493 0.0753391483376 21.419844 0.0922436351597
69.0 22.131879 0.0779581808226 20.707831 0.151264157692
70.0 21.730728 0.0155616640032 20.312409 0.0827126960772
71.0 21.145687 0.00515389798095 19.737927 0.0374729410118
72.0 20.820101 0.191517304587 19.417608 0.188616544611
73.0 21.290667 0.117117519441 19.880569 0.0935276710709
74.0 21.428914 0.00501354513118 20.016107 0.111197026874
75.0 21.157259 0.0350960094526 19.747665 0.0384255058918
76.0 20.728314 0.186987186642 19.328506 0.0664132135826
77.0 20.935016 0.136027133524 19.529743 0.187902387995
78.0 20.975207 0.095779785073 19.567931 0.00483326716896
79.0 21.704594 0.0666984463266 20.284478 0.0082314291499
80.0 21.980852 0.00793069781749 20.555319 0.126199960887
81.0 22.451612 0.0582508968328 21.018006 0.0153556125719
82.0 22.271119 0.0334068460441 20.840107 0.0598271820018
83.0 21.803472 0.0208912170491 20.379632 0.116665618119
84.0 20.975797 0.0919320992028 19.566603 0.1890159995
85.0 24.034195 0.0957178485366 22.575544 0.0666667835474
86.0 24.201831 0.161807999533 22.738234 0.141270806972
87.0 24.845409 0.0932667492254 23.371928 0.133211776394
88.0 25.262949 0.10900788504 23.783571 0.0529830262386
89.0 25.146138 0.119362580527 23.670653 0.053733466794
90.0 24.465594 0.0461884681819 23.004355 0.103349897239
91.0 23.69977 0.0746535928539 22.250881 0.00453959278369
92.0 23.486441 0.167351695947 22.039608 0.0371070715096
93.0 24.170782 0.0972115670952 22.710171 0.195924922524
94.0 23.587324 0.0283505890349 22.137364 0.00988914704168
95.0 24.349599 0.0618515817043 22.884969 0.0531005441331
96.0 21.938313 0.0131447073565 20.513979 0.0106310014994
97.0 21.366522 0.183968077144 19.954572 0.0389902403492
98.0 21.078301 0.0502665695868 19.673447 0.017704997853
99.0 21.595393 0.132709683417 20.182895 0.17572830222
100.0 22.002439 0.158096630993 20.583688 0.126676480048
101.0 20.207233 0.0882628820826 18.820801 0.115908720458
102.0 19.975577 0.0497521675737 18.59433 0.192320096288
103.0 19.594445 0.0456303259627 18.220494 0.192261385097
104.0 20.306199 0.145186344625 18.917478 0.162083970134
105.0 20.810651 0.0385283099277 19.412641 0.164857684296
106.0 19.9271 0.0508076337878 18.545107 0.0104939860476
107.0 20.474728 0.174897376746 19.080918 0.185435019125
108.0 20.963662 0.183186109019 19.560799 0.135515251427
109.0 21.723078 0.0425850634876 20.305226 0.0246327653014
110.0 20.914213 0.164885558355 19.509685 0.169129503049
111.0 21.343672 0.108750575253 19.932813 0.0961855116203
112.0 21.47326 0.0122314078639 20.059555 0.015317453312
113.0 27.719093 0.0600293119947 26.204741 0.0666028107209
114.0 27.878303 0.0942092605203 26.362281 0.180346901156
115.0 27.057258 0.0660961849375 25.555086 0.123178482075
116.0 28.504044 0.0606082504716 26.977843 0.134788561465
117.0 29.104084 0.150488738576 27.572631 0.0615303326643
118.0 29.805126 0.0765995247277 28.269309 0.0273985033505
119.0 29.684028 0.199893742018 28.15048 0.0518660954393
120.0 24.591274 0.13227270312 23.137208 0.142056441915
121.0 25.099852 0.113538938359 23.638329 0.143032008285
122.0 24.73408 0.0806990865357 23.279097 0.152025399762
123.0 27.309241 0.0595075158228 25.802749 0.0462939764803
124.0 27.85309 0.0986300209198 26.337849 0.0947495837207
125.0 28.649236 0.179068337376 27.12439 0.198656766439
126.0 29.53294 0.111246499041 28.00163 0.00913790821586
127.0 28.704114 0.167664394846 27.180597 0.0393443488965
128.0 29.234993 0.0666999482365 27.704195 0.0270148807357
129.0 28.563615 0.165087952284 27.039222 0.0507341350546
130.0 27.99492 0.0679170453911 26.47762 0.054670036106
131.0 27.697963 0.0833679091343 26.187233 0.0668960447374
132.0 22.256923 0.183135436676 20.853368 0.126299210704
133.0 22.675454 0.117187961902 21.262537 0.0502958273923
134.0 21.922084 0.11111891826 20.52245 0.154721897948
135.0 21.371134 0.016492502207 19.983477 0.0577925428261
136.0 22.005574 0.0113247633968 20.605292 0.0971720495183
137.0 21.228438 0.0736639022683 19.84403 0.0384427123691
138.0 21.890397 0.00518099961842 20.493957 0.0662632688677
139.0 21.259993 0.0237178901691 19.86964 0.0310460849879
140.0 21.039327 0.103462526315 19.651796 0.0549308638314
141.0 21.034409 0.150279476103 19.645642 0.0523528806247
142.0 20.528402 0.113988302534 19.149111 0.173890890038
143.0 19.72266 0.0820427439893 18.358031 0.047397485046
144.0 20.245419 0.110268458496 18.872684 0.0535149955693
145.0 21.249417 0.113367660924 19.859626 0.0545986300326
146.0 21.636985 0.037074889376 20.240135 0.137639664911
147.0 21.272066 0.0425435152819 19.882318 0.177108220469
148.0 21.28278 0.036537594854 19.894807 0.060487563414
149.0 21.086436 0.190796011452 19.703969 0.162739684436
150.0 21.516996 0.116212460031 20.124643 0.186309793347
151.0 21.804665 0.17823720861 20.405825 0.112236499382
152.0 21.755408 0.0803081237264 20.356422 0.159257237836
153.0 22.406648 0.0851426708849 20.99574 0.179945657651
154.0 22.997693 0.126387741677 21.575411 0.10684949871
155.0 20.243253 0.128309368624 18.879925 0.0771469110021
156.0 19.385241 0.0164912422921 18.037804 0.15931113671
157.0 18.569969 0.17268447768 17.238546 0.0301275331348
158.0 17.646888 0.145981267463 16.332035 0.111585538788
159.0 17.050149 0.0247888660221 15.746117 0.146764868848
160.0 16.055061 0.111989603927 14.767745 0.17909943398
161.0 16.713605 0.0556973896431 15.413227 0.00782064120367
162.0 16.479098 0.180265478349 15.18382 0.0874386945432
163.0 17.134677 0.139753048426 15.828642 0.162758221042
164.0 16.261054 0.103431490193 14.970571 0.0447769059728
165.0 15.75143 0.110911309307 14.471494 0.00787561203987
166.0 15.318395 0.0206620408212 14.046582 0.143211443887
167.0 14.71044 0.0848006407282 13.451999 0.178428180874
168.0 29.62917 0.08672632416 28.116874 0.037118855548
169.0 30.529147 0.122063062929 29.022135 0.171573778594
170.0 29.768999 0.0489737473961 28.256526 0.167642765609
171.0 28.942779 0.0815363329103 27.436694 0.0187082801582
172.0 29.837284 0.158754565221 28.325857 0.176629547299
173.0 29.013974 0.102010131352 27.507892 0.116029676891
174.0 25.809655 0.127710747681 24.351143 0.180370179674
175.0 26.632615 0.170036235292 25.159626 0.117878480287
176.0 27.017816 0.0788616826023 25.538211 0.0370378785255
177.0 27.855799 0.103685841721 26.363712 0.145171092892
178.0 27.424738 0.00632094439009 25.939927 0.0661220117162
179.0 28.087291 0.118742755272 26.590975 0.197617740506
180.0 27.398881 0.00179404231968 25.915384 0.150228983043
181.0 26.490789 0.0872436732295 25.0232 0.0977495995501
182.0 25.793568 0.00252150362001 24.340258 0.139005466933
183.0 25.784429 0.114261304853 24.332035 0.0758854215961
184.0 25.596808 0.0291830427034 24.151936 0.172196215844
185.0 25.831508 0.167551654088 24.382406 0.09395560772
186.0 25.187437 0.118388029093 23.750882 0.133109452955
187.0 24.29771 0.176121289591 22.877468 0.0182749073304
188.0 24.278007 0.171197725064 22.85826 0.105959829577
189.0 25.670227 0.15456538317 24.232125 0.0255745988264
190.0 26.664966 0.0439329245591 25.210537 0.162961197521
191.0 27.040464 0.0217295055335 25.579239 0.0956133581001
192.0 26.94651 0.149249955715 25.486628 0.161853268843
193.0 26.23159 0.00776845088931 24.785602 0.13891663896
194.0 25.453042 0.0132232775834 24.020494 0.124788472093
195.0 26.281104 0.144255320725 24.833382 0.019470087548
196.0 25.481139 0.036536861236 24.047116 0.024343359993
197.0 24.732311 0.115553330132 23.311643 0.0611530516224
198.0 24.025843 0.0520724849404 22.616918 0.152422440802
199.0 24.795956 0.140618691499 23.371068 0.0794014753633
200.0 24.997724 0.0697785854912 23.569712 0.119569034645
201.0 25.75502 0.134535259801 24.314376 0.125518841685
202.0 25.933479 0.132398673034 24.48916 0.198479761218
203.0 25.446691 0.151227898353 24.010015 0.0162559880386
204.0 26.257166 0.195723610802 24.807587 0.0805883212326
205.0 26.92455 0.172687339776 25.46308 0.0608843245748
206.0 27.976859 0.163360400984 26.493947 0.0171979567821
207.0 27.336285 0.0764524791561 25.863687 0.0759272083941
208.0 27.404468 0.168860380372 25.93108 0.0074558334843
209.0 28.068249 0.100280515173 26.585674 0.101081463694
210.0 28.875656 0.00969071771783 27.383595 0.175561129018
211.0 25.493098 0.0320590150527 24.051309 0.110841238146
212.0 25.973037 0.129097458672 24.523758 0.164002661411
213.0 25.451331 0.177056968921 24.011367 0.000317251360006
214.0 25.573097 0.0605078014921 24.131288 0.00763335378988
215.0 25.236503 0.159152007686 23.799726 0.141478463256
216.0 26.027007 0.0758331587886 24.575154 0.111717129703
217.0 26.069727 0.0544970768197 24.616399 0.121782426871
218.0 24.756809 0.127888915396 23.325801 0.0342826315372
219.0 24.449342 0.128973713996 23.022955 0.15279564412
220.0 24.734305 0.178668744714 23.302973 0.178437140367
221.0 24.835754 0.177864771257 23.404028 0.0182265748054
222.0 24.181976 0.0895268839615 22.763567 0.0524144472375
223.0 23.577531 0.188810947931 22.169981 0.0276461828056
224.0 23.405296 0.106214138594 22.000018 0.185888518762
225.0 23.196501 0.0881671084051 21.793488 0.0626033794848
226.0 22.336774 0.161418004522 20.949017 0.179467644404
227.0 22.414625 0.106365146645 21.02664 0.0443643898915
228.0 21.82119 0.0657949342932 20.445238 0.0247118756332
229.0 22.309423 0.158907118587 20.923757 0.149151984067
230.0 23.168017 0.172854152954 21.766955 0.0382382124674
231.0 28.428669 0.0484680306386 26.932735 0.00968956076745
232.0 28.53022 0.124464239513 27.034819 0.0095672070617
233.0 27.965167 0.0668710668612 26.476812 0.136144130313
234.0 27.662787 0.00986612791725 26.180294 0.16435989471
235.0 27.620475 0.114249916537 26.137881 0.0382556543902
236.0 27.678647 0.0319698596439 26.19373 0.186373247458
237.0 28.405444 0.195279459113 26.90997 0.170037592928
238.0 20.491397 0.106724172783 19.13386 0.121925417498
239.0 19.832268 0.150968827291 18.486208 0.169839062193
240.0 19.748745 0.0713782172164 18.404668 0.177805614829
241.0 19.618075 0.170967846011 18.277125 0.139211838052
242.0 19.238435 0.182147161868 17.90379 0.0351241216564
243.0 19.522913 0.151684156055 18.183692 0.102396745597
244.0 19.669507 0.116026808972 18.329392 0.141490608263
245.0 19.365236 0.0574442778462 18.030528 0.138520140661
246.0 19.619492 0.0773338855958 18.281609 0.174757345625
247.0 19.835847 0.0713292982004 18.49215 0.053779523282
248.0 20.719183 0.0398976358165 19.359209 0.173908965004
249.0 20.635986 0.0525699820614 19.279338 0.0322443065049
250.0 19.706483 0.0782332677868 18.366564 0.0666591601437
251.0 20.54296 0.126535587959 19.186254 0.115570277436
252.0 19.956081 0.112942949207 18.610592 0.182736063669
253.0 20.363468 0.17357612628 19.010073 0.108585322473
254.0 20.995424 0.0438682130377 19.629061 0.00411274810503
255.0 20.43301 0.0616351133709 19.075307 0.189427638127
256.0 20.691817 0.040355533625 19.329507 0.0378092325731
257.0 25.166812 0.13584966667 23.718173 0.142055506525
258.0 25.967069 0.149174051588 24.504643 0.164153051891
259.0 26.434818 0.0789115988495 24.962998 0.134515198817
260.0 25.724881 0.0917071044233 24.265611 0.0806527007529
261.0 25.753931 0.0188737556601 24.293616 0.115313080102
262.0 26.06359 0.161986570686 24.599796 0.134946959633
263.0 25.738596 0.0735559223062 24.28185 0.0218189218381
264.0 24.991342 0.11196870555 23.548566 0.0423632109366
265.0 24.171669 0.189339004012 22.742812 0.0212406630574
266.0 28.577804 0.164790403444 27.073447 0.118855307355
267.0 28.910241 0.00143659444108 27.403889 0.108067530123
268.0 29.343133 0.0506337330462 27.831583 0.0626972495024
269.0 28.807135 0.0594218682017 27.300207 0.147210667575
270.0 29.052219 0.00940696253973 27.541778 0.193272687642
271.0 29.623279 0.0560252030387 28.107015 0.150921693692
272.0 26.477661 0.0400172411663 25.006283 0.0406796421204
273.0 25.467371 0.088361429679 24.012568 0.0653063022696
274.0 25.47168 0.114417792238 24.018054 0.0657405517553
275.0 26.285517 0.192673072632 24.816419 0.191163780844
276.0 26.399137 0.123244671644 24.92632 0.140462489157
277.0 26.43426 0.193350611197 24.962165 0.00914256110362
278.0 26.481807 0.103065675161 25.01077 0.00908766063967
279.0 27.353371 0.0559624844517 25.869093 0.116454355454
280.0 28.294683 0.0822982067008 26.796778 0.0872496097567
281.0 27.486062 0.00542270985615 26.001064 0.0308136331231
282.0 26.548767 0.000987857282518 25.078972 0.0357185988515
283.0 26.264198 0.152896195741 24.799327 0.0381526630974
284.0 20.319394 0.0880056366087 18.95666 0.0321110198211
285.0 20.624899 0.0331949373348 19.257664 0.00257949817646
286.0 20.031706 0.0972095529162 18.674356 0.050769365214
287.0 20.528534 0.0890260365764 19.162854 0.138180553787
288.0 19.839947 0.105182538696 18.487461 0.081434583756
289.0 20.093103 0.0362215807216 18.735192 0.191383807022
290.0 20.054556 0.0928187618808 18.697103 0.0702489143804
291.0 29.119007 0.120718550975 27.602148 0.1579690912
292.0 28.541497 0.00670146403048 27.032673 0.105083138006
293.0 27.660374 0.170082035906 26.165091 0.109417729764
294.0 28.106139 0.112048372675 26.605729 0.175595570151
295.0 27.380151 0.055975885028 25.889523 0.0606482450137
296.0 27.705298 0.119759956282 26.207894 0.0437847031325
297.0 28.434118 0.121003132332 26.926301 0.0623171239315
298.0 28.595631 0.143803945569 27.084657 0.176995798902
299.0 29.1606 0.12925105209 27.643446 0.101248930231
300.0 28.842822 0.0904132188828 27.330271 0.0967991647802
301.0 28.535994 0.16122501668 27.026048 0.102009531685
302.0 28.753227 0.10820974998 27.241395 0.130678142613
303.0 28.425381 0.177947512893 26.915949 0.154084530968
304.0 27.673957 0.0343063232386 26.176694 0.173128721556
305.0 23.77234 0.0889018078717 22.341631 0.0913048452224
306.0 23.909101 0.135727610681 22.476781 0.0477272443807
307.0 23.939212 0.0669759220234 22.505124 0.0337269117143
308.0 23.646108 0.160866367446 22.215937 0.0582052583863
309.0 24.433057 0.13561289562 22.987632 0.158557860047
310.0 23.553743 0.0896557177998 22.123453 0.0233004437934
311.0 24.072123 0.00710482264286 22.632833 0.0795430996203
312.0 23.333573 0.00555550911857 21.906543 0.136348095986
313.0 22.732648 0.0485093959169 21.316171 0.00823932957359
314.0 23.582152 0.173942861919 22.149457 0.15245456319
315.0 24.078603 0.177089062182 22.637999 0.13333707384
316.0 23.313972 0.0720119044253 21.886494 0.00809314427159
317.0 23.220698 0.0209871182439 21.797042 0.166861373889
318.0 22.340608 0.0107991263511 20.933456 0.134943009749
319.0 22.634223 0.0660918470907 21.220763 0.0886678221943
320.0 22.573837 0.157474739326 21.160412 0.0936900153527
321.0 23.280506 0.0643559047291 21.854773 0.0957015223045
322.0 22.479131 0.0501763266089 21.068179 0.17795968359
323.0 21.895501 0.183233750006 20.495084 0.084778030999
324.0 19.895383 0.0391314792606 18.529141 0.123635383917
325.0 20.466925 0.0858030765568 19.090092 0.149250429324
326.0 20.994857 0.00694186302338 19.607077 0.187754069895
327.0 20.178204 0.091722876999 18.805705 0.169672867299
328.0 20.05329 0.0228153012866 18.683292 0.0337478404962
329.0 19.209447 0.0995172574404 17.853335 0.0617275641225
330.0 23.660769 0.0211128951165 22.220248 0.0426856994523
331.0 23.702962 0.0529210748561 22.261185 0.0189343582996
332.0 23.721646 0.118939297237 22.278071 0.04208053466
333.0 24.424935 0.0444996952471 22.969044 0.100928916188
334.0 25.339242 0.167976883578 23.866972 0.159442297471
335.0 26.074887 0.134151234298 24.587825 0.143475023719
336.0 26.197653 0.145638567801 24.70977 0.083167904776
337.0 25.55159 0.16540983977 24.075665 0.164119264945
338.0 24.630222 0.12038558393 23.170262 0.195127884205
339.0 25.173685 0.196058534366 23.702529 0.0442558978043
340.0 25.535722 0.143501016086 24.057522 0.108590369245
341.0 26.145038 0.189805532817 24.655462 0.192270494984
342.0 25.826859 0.188040499674 24.34425 0.0758430677042
343.0 25.500736 0.13771738935 24.025809 0.0837902215004
344.0 25.669162 0.188253623169 24.191071 0.112260897516
345.0 25.282614 0.138699762822 23.809958 0.0374441347478
346.0 25.211642 0.0561589209768 23.73971 0.102910220997
347.0 25.315944 0.00237451024116 23.843227 0.0276739667303
348.0 24.915165 0.0423828548347 23.451025 0.0222291573124
349.0 22.730655 0.180691435851 21.308337 0.090937493226
350.0 23.528233 0.120628282085 22.090391 0.0176747488909
351.0 22.754222 0.0145897810078 21.328966 0.107061942574
352.0 22.631483 0.03059947784 21.208841 0.127851402517
353.0 21.478893 0.000490907529429 20.086915 0.177628142431
354.0 22.21487 0.190903281473 20.808103 0.072673825748
355.0 21.408343 0.03684593474 20.017704 0.184954159603
356.0 20.79257 0.185732853601 19.414768 0.0847933869574
357.0 21.11759 0.164183962606 19.734131 0.00500102176205
358.0 20.488675 0.0451028954705 19.118436 0.00206752760517
359.0 19.702113 0.104521465041 18.34543 0.0287240627853
360.0 20.482801 0.146977723335 19.112697 0.198940665526
361.0 20.847445 0.0526402628915 19.469759 0.177746013465
362.0 20.985208 0.153600357558 19.60396 0.166626343855
363.0 20.923888 0.126451933132 19.543466 0.00538758475559
364.0 20.101049 0.0686182330947 18.736629 0.0403965124801
365.0 20.249519 0.149039624672 18.883121 0.105180724398
366.0 20.270889 0.00702921899492 18.904195 0.0816597846049
367.0 20.005837 0.00642420548122 18.643781 0.0122019142222
368.0 20.574383 0.0127795010276 19.202507 0.00618110777106
369.0 19.868399 0.134932674801 18.508614 0.16332659594
370.0 22.398907 0.0481975335552 20.990768 0.116878001718
371.0 21.563283 0.0333191018735 20.169201 0.00238738669703
372.0 22.31051 0.0342306831804 20.900889 0.0453328825267
373.0 27.528159 0.14177552798 26.02233 0.144014439615
374.0 27.979854 0.0788625522871 26.466235 0.130071019615
375.0 27.102662 0.162529128922 25.604087 0.0869533370112
376.0 27.747504 0.0476779700389 26.236253 0.146236956977
377.0 28.007258 0.140933375896 26.491257 0.10523052872
378.0 28.687857 0.0810288102958 27.160884 0.189634540244
379.0 29.676023 0.0940315488894 28.141676 0.178495244626
380.0 29.661473 0.0647505617483 28.127897 0.0599453479459
381.0 28.924826 0.180582509825 27.398644 0.072150048781
382.0 28.871923 0.0143369088866 27.347526 0.0927588899985
383.0 29.57604 0.0159493361397 28.044221 0.0523808612038
384.0 29.437384 0.0248332468471 27.906249 0.139407825243
385.0 28.750979 0.0592961768893 27.225694 0.0295501644155
386.0 29.180656 0.00705151243695 27.651613 0.0749011884121
387.0 29.337233 0.0131264363448 27.808716 0.163122564448
388.0 30.223673 0.158966447343 28.693112 0.131598665896
389.0 29.783843 0.128427512066 28.255339 0.138188956852
390.0 24.288095 0.102150292043 22.838166 0.0551474020967
391.0 23.521894 0.0907519513506 22.085246 0.11868715989
392.0 24.024103 0.0814317778232 22.576977 0.0653669087916
393.0 23.310856 0.195306184513 21.87631 0.0104610280039
394.0 24.064053 0.10194204023 22.614015 0.113469546279
395.0 24.048159 0.172006347454 22.600302 0.167839414306
396.0 24.131572 0.0163875929084 22.681906 0.000512768799718
397.0 23.863349 0.13342726897 22.418435 0.00839506863306
398.0 23.875496 0.179376063234 22.431975 0.013475769375
399.0 24.254575 0.147596599798 22.804714 0.114233389648
400.0 23.411341 0.122565124048 21.975155 0.118032294683
401.0 22.573613 0.0138204249024 21.15136 0.125280608241
402.0 23.024141 0.195115333834 21.59444 0.0748637816923
403.0 27.81626 0.121134300747 26.305666 0.0638105020205
404.0 27.558965 0.0390768058483 26.051226 0.106893506112
405.0 28.125833 0.110858068552 26.608139 0.138648131585
406.0 27.511299 0.0948222767481 26.002317 0.063976041385
407.0 26.821175 0.0459048123461 25.323418 0.192458674222
408.0 26.723449 0.123992497771 25.22582 0.00556183874107
409.0 27.455704 0.0521628096318 25.945483 0.110298675831
410.0 28.185988 0.0567730540561 26.662367 0.024662560534
411.0 27.618246 0.178810980347 26.103259 0.0294060012954
412.0 27.960381 0.0906161479292 26.441971 0.0728171162038
413.0 27.4519 0.187575060101 25.941777 0.199897078429
414.0 29.322728 0.0895621161513 27.778636 0.0659862028417
415.0 29.153774 0.173311416114 27.610214 0.199766692642
416.0 29.775274 0.146833492288 28.225758 0.0277331111895
417.0 29.115359 0.174913223805 27.57217 0.0750933422052
418.0 29.920759 0.0234009302181 28.372226 0.0869973431524
419.0 30.490321 0.197129777185 28.942632 0.0983607484019
420.0 30.471175 0.0178303612309 28.922158 0.186617602736
421.0 30.242305 0.0414621056373 28.692185 0.0875851336794
422.0 30.797035 0.0725002493604 29.255336 0.0362887983545
423.0 30.561393 0.0951386115687 29.015326 0.128838870482
424.0 23.883805 0.114302464249 22.421953 0.16818617103
425.0 24.593088 0.0705168127802 23.120024 0.0563467108584
426.0 24.7714 0.173225469084 23.296471 0.0586525411998
427.0 24.550605 0.106668562604 23.081807 0.144739702953
428.0 25.195202 0.170256712921 23.713705 0.177064793616
429.0 25.738438 0.105749403302 24.245362 0.18871759648
430.0 26.467644 0.0315463077476 24.963246 0.0696611378688
431.0 26.193054 0.133517945986 24.694434 0.10623559698
432.0 25.960672 0.0911783383189 24.465208 0.0454481092003
433.0 25.087337 0.0599160574173 23.608162 0.124264639815
434.0 19.241577 0.076189076072 17.870161 0.0861937996068
435.0 19.897775 0.121126391535 18.512535 0.144231341468
436.0 19.746349 0.0669693645236 18.364341 0.18181718636
437.0 20.413479 0.171959813581 19.019062 0.0933193122878
438.0 20.779347 0.168335108362 19.37767 0.171284026699
439.0 20.169154 0.0495910864161 18.777005 0.160974127579
440.0 20.797983 0.169306415481 19.394742 0.167202463737
441.0 20.730302 0.0542578126499 19.329763 0.0710510790389
442.0 19.788173 0.196634114954 18.404248 0.073878141431
443.0 19.954016 0.109478053854 18.566733 0.18988213013
444.0 19.313832 0.0723786916163 17.936759 0.159877801992
445.0 19.092524 0.168198243481 17.721327 0.17932230842
446.0 19.377362 0.0537770581349 18.001306 0.17953037792
447.0 18.545747 0.0171662227367 17.18415 0.15631819347
448.0 18.126185 0.162959473129 16.771916 0.012367303759
449.0 27.075956 0.189837972751 25.553809 0.0743203848621
450.0 26.681288 0.131306682628 25.164604 0.0256361810909
451.0 26.698745 0.0384977353274 25.180763 0.108848106568
452.0 26.045475 0.0704332351293 24.539971 0.13423040812
453.0 26.208418 0.118341383601 24.699649 0.0190245604325
454.0 26.801356 0.110640256404 25.28393 0.127283718259
455.0 28.917181 0.135900718121 27.37911 0.150871235808
456.0 28.487241 0.191682025256 26.954486 0.104114507423
457.0 28.312407 0.11036504642 26.781647 0.114869034595
458.0 28.495622 0.112783291132 26.9638 0.0681402408154
459.0 27.994666 0.055295635488 26.472222 0.0793938417219
460.0 27.419003 0.116495434486 25.904773 0.130344073871
461.0 28.141289 0.0127032322933 26.616548 0.00254823615943
462.0 28.502386 0.0783191755632 26.973652 0.165095729399
463.0 28.947005 0.00750301052701 27.413384 0.149797462693
464.0 28.286076 0.0196614505168 26.762359 0.0956150354498
465.0 28.950648 0.058755677636 27.41895 0.145064833321
466.0 28.618247 0.145504345896 27.090646 0.197784881724
467.0 28.43225 0.00560690166986 26.909041 0.016992067164
468.0 28.076056 0.0186091514619 26.5597 0.0662656877158
469.0 28.914517 0.130636167174 27.385612 0.136076226504
470.0 28.168358 0.144872131072 26.649481 0.147319567179
471.0 28.789881 0.167272865693 27.260873 0.0119810357117
472.0 29.452564 0.148273635476 27.915819 0.110498625551
473.0 27.06593 0.193191740946 25.554679 0.141517456775
474.0 27.429178 0.123712296296 25.909951 0.166598550556
475.0 26.888875 0.123137620483 25.380321 0.0479566497925
476.0 26.555021 0.0237492348853 25.052789 0.0783047536736
477.0 26.3453 0.0953851055523 24.846153 0.15439025511
478.0 26.314152 0.0846307961644 24.815402 0.188380793388
479.0 26.681994 0.141405058791 25.175063 0.150859669635
480.0 27.359501 0.123816363312 25.841999 0.0839696660011
481.0 27.544795 0.00121234240758 26.025676 0.179211542691
482.0 26.824758 0.0732925357196 25.318251 0.169178911845
483.0 26.574492 0.0644971787215 25.073848 0.0876959626654
484.0 27.074871 0.0142620009597 25.567433 0.098849143774
485.0 27.399513 0.178654742906 25.886701 0.144452766739
486.0 26.475543 0.17146524873 24.978277 0.0479598662737
487.0 27.60848 0.196375001846 26.100893 0.0450712480086
488.0 27.563222 0.043106525593 26.058485 0.158488252144
489.0 26.775641 0.185826340674 25.285715 0.0145349240756
490.0 28.311833 0.195451536048 26.80539 0.0805816780197
491.0 28.645154 0.158964412347 27.134971 0.129951014804
492.0 29.232092 0.111961749337 27.713666 0.131976781549
493.0 30.201228 0.0840416735012 28.691668 0.167687471995
494.0 30.238092 0.175860843487 28.729363 0.0874992027638
495.0 30.212528 0.0106884094793 28.705188 0.125989262409
496.0 30.528426 0.100577548411 29.024527 0.0299874386758
497.0 30.804835 0.0647435462463 29.306181 0.163923441231
498.0 30.203949 0.147259969276 28.699475 0.0605238414581
499.0 30.540816 0.0365688899868 29.038271 0.017639724508
500.0 31.266756 0.162806744689 29.781242 0.10049901359
