2457258.5 15.001107364 0.0 13.5470084045 0.0 
2457276.5 11.5433610488 0.0 10.1481577172 0.0 
2457294.5 13.4280121563 0.0 11.9960798074 0.0 
2457312.5 13.4455564097 0.0 12.0160650702 0.0 
2457330.5 16.8770958628 0.0 15.3817360384 0.0 
2457348.5 16.5871915964 0.0 15.0968846139 0.0 
2457366.5 17.4261215628 0.0 15.9231873332 0.0 
2457384.5 17.1698737529 0.0 15.6774928215 0.0 
2457402.5 14.2747781806 0.0 12.8368655268 0.0 
2457420.5 15.0247336319 0.0 13.5744651443 0.0 
2457438.5 15.2717953023 0.0 13.8213647476 0.0 
2457456.5 20.7914581201 0.0 19.2398524126 0.0 
2457474.5 10.1702011662 0.0 8.82083394551 0.0 
2457492.5 15.8632425969 0.0 14.4041143311 0.0 
2457510.5 13.492463484 0.0 12.0807446987 0.0 
2457528.5 13.5812416068 0.0 12.1711506178 0.0 
2457546.5 19.2465095784 0.0 17.7333265926 0.0 
2457564.5 9.87826637373 0.0 8.53666238016 0.0 
2457582.5 21.9488131777 0.0 20.3845993373 0.0 
2457600.5 17.2116070436 0.0 15.743720964 0.0 
2457618.5 17.8143268572 0.0 16.3416630914 0.0 
2457636.5 12.1048993229 0.0 10.7366396774 0.0 
2457654.5 15.5481826855 0.0 14.1141669629 0.0 
2457672.5 21.1613238476 0.0 19.6216389726 0.0 
2457690.5 10.5520289773 0.0 9.20917444964 0.0 
2457708.5 21.4607941517 0.0 19.9155894463 0.0 
2457726.5 13.2503673277 0.0 11.8605226596 0.0 
2457744.5 14.402774316 0.0 12.9887721074 0.0 
2457762.5 14.2300470187 0.0 12.8242401898 0.0 
2457780.5 15.2451772808 0.0 13.8199415514 0.0 
2457798.5 19.6143829736 0.0 18.1102951463 0.0 
2457816.5 21.3930690298 0.0 19.8498965726 0.0 
2457834.5 18.8601179968 0.0 17.3599611436 0.0 
2457852.5 17.0431839446 0.0 15.5766120809 0.0 
2457870.5 14.3115551661 0.0 12.8920898857 0.0 
2457888.5 13.0649069371 0.0 11.6645222889 0.0 
2457906.5 17.8340485764 0.0 16.3430769104 0.0 
2457924.5 13.6014957785 0.0 12.1916279769 0.0 
2457942.5 21.2768399071 0.0 19.7265692057 0.0 
2457960.5 19.6236591973 0.0 18.1053035711 0.0 
2457978.5 17.4505595854 0.0 15.9702017992 0.0 
2457996.5 11.3442056978 0.0 9.97883918238 0.0 
2458014.5 21.0439503475 0.0 19.4934039644 0.0 
2458032.5 17.4430179722 0.0 15.9593425289 0.0 
2458050.5 15.0641392545 0.0 13.6254388627 0.0 
2458068.5 9.29064987123 0.0 7.96013347716 0.0 
2458086.5 17.4753947637 0.0 15.9935273153 0.0 
2458104.5 13.4574894438 0.0 12.0502405133 0.0 
2458122.5 12.5868741236 0.0 11.1986971733 0.0 
2458140.5 22.5953938406 0.0 21.0226929357 0.0 
2458158.5 19.0195014311 0.0 17.5165720208 0.0 
2458176.5 16.2954951119 0.0 14.8405682844 0.0 
2458194.5 16.9907442092 0.0 15.5237723231 0.0 
2458212.5 14.1014130989 0.0 12.6903202693 0.0 
2458230.5 14.160072681 0.0 12.744677845 0.0 
2458248.5 19.8560657927 0.0 18.3330456174 0.0 
2458266.5 16.0491110645 0.0 14.5934807142 0.0 
2458284.5 19.7283625373 0.0 18.1996941881 0.0 
2458302.5 12.8053791326 0.0 11.4067078891 0.0 
2458320.5 14.5391936258 0.0 13.1089337093 0.0 
2458338.5 11.7661422839 0.0 10.3830888676 0.0 
2458356.5 13.3192969017 0.0 11.9057084568 0.0 
2458374.5 20.1365635593 0.0 18.5922909227 0.0 
2458392.5 13.7392684439 0.0 12.310886281 0.0 
2458410.5 14.6489098158 0.0 13.2019283284 0.0 
2458428.5 19.7652302681 0.0 18.2190591752 0.0 
2458446.5 14.4809060042 0.0 13.0258041326 0.0 
2458464.5 12.1351779126 0.0 10.7281200586 0.0 
2458482.5 17.1120623867 0.0 15.6166646752 0.0 
2458500.5 16.4022025791 0.0 14.9222982481 0.0 
2458518.5 14.6041118655 0.0 13.161957181 0.0 
2458536.5 18.2657169146 0.0 16.756045689 0.0 
2458554.5 13.3591334302 0.0 11.9426706384 0.0 
2458572.5 17.446277336 0.0 15.9573237127 0.0 
2458590.5 19.7058276486 0.0 18.1763802998 0.0 
2458608.5 20.1444703735 0.0 18.6075031406 0.0 
2458626.5 16.7606194678 0.0 15.2956511563 0.0 
2458644.5 20.2945661365 0.0 18.7637977794 0.0 
2458662.5 15.5716254003 0.0 14.1334584971 0.0 
2458680.5 21.4530667786 0.0 19.9051923431 0.0 
2458698.5 19.0127790439 0.0 17.5122333576 0.0 
2458716.5 22.2825832331 0.0 20.7224504746 0.0 
2458734.5 20.3765889189 0.0 18.8498688111 0.0 
2458752.5 19.5031518368 0.0 17.9942984833 0.0 
2458770.5 17.397657921 0.0 15.9307844114 0.0 
2458788.5 16.9732528434 0.0 15.5116728474 0.0 
2458806.5 14.9173216213 0.0 13.4917254303 0.0 
2458824.5 14.7005764683 0.0 13.2737673217 0.0 
2458842.5 12.4514884597 0.0 11.0714579086 0.0 
2458860.5 12.3538628119 0.0 10.9706150144 0.0 
2458878.5 19.0765465564 0.0 17.5680538109 0.0 
2458896.5 12.051152118 0.0 10.6736285053 0.0 
2458914.5 20.2151860265 0.0 18.6903175852 0.0 
2458932.5 10.1814633427 0.0 8.84758522011 0.0 
2458950.5 21.5119103634 0.0 19.9629072152 0.0 
2458968.5 15.2104805893 0.0 13.7854594427 0.0 
2458986.5 13.3860142932 0.0 11.9884752098 0.0 
2459004.5 11.6087321482 0.0 10.2453043873 0.0 
2459022.5 14.7128806327 0.0 13.2890386705 0.0 
2459040.5 19.1781445508 0.0 17.6717546018 0.0 
2459058.5 21.4043602777 0.0 19.8597540689 0.0 
2459076.5 21.2103928515 0.0 19.6689208905 0.0 
