2457258.5 16.0890332485 0.0 14.5923165657 0.0 
2457263.5 16.0899652589 0.0 14.6028797813 0.0 
2457268.5 16.1390654898 0.0 14.6695389547 0.0 
2457273.5 17.2522622794 0.0 15.907533006 0.0 
2457278.5 16.936969821 0.0 15.5592693478 0.0 
2457283.5 16.0840288453 0.0 14.6045975476 0.0 
2457288.5 16.5157549583 0.0 15.0778056411 0.0 
2457293.5 16.3352756795 0.0 14.8678142111 0.0 
2457298.5 16.4670080111 0.0 15.0239950098 0.0 
2457303.5 15.7688916057 0.0 14.2366527514 0.0 
2457308.5 16.5022085811 0.0 15.0596313506 0.0 
2457313.5 15.9809338618 0.0 14.4728605734 0.0 
2457318.5 16.5686920695 0.0 15.1400742566 0.0 
2457323.5 16.5870206501 0.0 15.1615083429 0.0 
2457328.5 16.0251843322 0.0 14.5032507757 0.0 
2457333.5 16.1960852789 0.0 14.7086076487 0.0 
2457338.5 16.2317966676 0.0 14.7641987138 0.0 
2457343.5 16.4244454024 0.0 14.9754457125 0.0 
2457348.5 17.1954809662 0.0 15.8288101627 0.0 
2457353.5 17.1271901824 0.0 15.7529502844 0.0 
2457358.5 16.638349412 0.0 15.2232828077 0.0 
2457363.5 16.763016858 0.0 15.3473181248 0.0 
2457368.5 16.6569640251 0.0 15.2351127631 0.0 
2457373.5 16.0425908824 0.0 14.5459011603 0.0 
2457378.5 16.1327963657 0.0 14.6577501151 0.0 
2457383.5 16.2229413521 0.0 14.7440804097 0.0 
2457388.5 16.3037994868 0.0 14.8287598317 0.0 
2457393.5 16.2381535977 0.0 14.7631550443 0.0 
2457398.5 16.7340977566 0.0 15.3369882847 0.0 
2457403.5 16.0606158099 0.0 14.5874236498 0.0 
2457408.5 16.1682710339 0.0 14.7047988728 0.0 
2457413.5 16.0278182735 0.0 14.5485965363 0.0 
2457418.5 16.0658661079 0.0 14.6105466486 0.0 
2457423.5 15.4895907424 0.0 13.9535321615 0.0 
2457428.5 15.9945805211 0.0 14.5394614173 0.0 
2457433.5 16.6048795804 0.0 15.212105849 0.0 
2457438.5 15.9855488445 0.0 14.5242401038 0.0 
2457443.5 16.3996226925 0.0 14.985901363 0.0 
2457448.5 15.6494545904 0.0 14.1318613828 0.0 
2457453.5 15.4335723979 0.0 13.8980392921 0.0 
2457458.5 15.2619261073 0.0 13.6901086457 0.0 
2457463.5 15.8830406521 0.0 14.4184682616 0.0 
2457468.5 16.1504311101 0.0 14.7168659676 0.0 
2457473.5 16.3972553382 0.0 14.9892255906 0.0 
2457478.5 15.5561272046 0.0 14.0291052509 0.0 
2457483.5 15.8117346665 0.0 14.3097868689 0.0 
2457488.5 15.5720009937 0.0 14.0242628863 0.0 
2457493.5 15.8067780516 0.0 14.3065638214 0.0 
2457498.5 16.7759891615 0.0 15.3756528908 0.0 
2457503.5 15.8192848944 0.0 14.2904730668 0.0 
2457508.5 16.7250669757 0.0 15.3100899888 0.0 
2457513.5 15.8936561923 0.0 14.379513679 0.0 
2457518.5 16.220074138 0.0 14.7511808025 0.0 
2457523.5 16.3690601522 0.0 14.9185618784 0.0 
2457528.5 16.4684009888 0.0 15.0238967794 0.0 
2457533.5 15.927121009 0.0 14.3869847852 0.0 
2457538.5 16.9089925695 0.0 15.4955741537 0.0 
2457543.5 16.2452991075 0.0 14.7449968644 0.0 
2457548.5 16.1330241547 0.0 14.5976857619 0.0 
2457553.5 17.648802424 0.0 16.2990490234 0.0 
2457558.5 16.9143093015 0.0 15.4800880489 0.0 
2457563.5 17.3550943723 0.0 15.9435967009 0.0 
2457568.5 16.9408105006 0.0 15.4813819669 0.0 
2457573.5 16.5505273823 0.0 15.0146947641 0.0 
2457578.5 16.5877772328 0.0 15.0617328021 0.0 
2457583.5 16.8011965137 0.0 15.3170239744 0.0 
2457588.5 16.7343455302 0.0 15.266038993 0.0 
2457593.5 16.971905551 0.0 15.5268832885 0.0 
2457598.5 16.1996961616 0.0 14.6550545038 0.0 
2457603.5 16.3976234468 0.0 14.8933732246 0.0 
2457608.5 17.1194626593 0.0 15.7121029438 0.0 
2457613.5 17.0691889922 0.0 15.6572166676 0.0 
2457618.5 17.1862130706 0.0 15.7903769971 0.0 
2457623.5 17.011128803 0.0 15.5767472593 0.0 
2457628.5 16.4477023892 0.0 14.9448801521 0.0 
2457633.5 17.2014008337 0.0 15.7886812238 0.0 
2457638.5 16.1395848506 0.0 14.5775798552 0.0 
2457643.5 16.6585470019 0.0 15.1900220995 0.0 
2457648.5 16.9668220291 0.0 15.5222159615 0.0 
2457653.5 16.1937127132 0.0 14.6286352582 0.0 
2457658.5 17.0511090329 0.0 15.6314164862 0.0 
2457663.5 16.6840446103 0.0 15.22120965 0.0 
2457668.5 16.5691945583 0.0 15.086103881 0.0 
2457673.5 16.8778081548 0.0 15.4304896868 0.0 
2457678.5 16.1900878515 0.0 14.6543964529 0.0 
2457683.5 17.6451537232 0.0 16.2811978322 0.0 
2457688.5 16.694838561 0.0 15.229815099 0.0 
2457693.5 16.1116809433 0.0 14.5594534164 0.0 
2457698.5 16.3926785766 0.0 14.8965706011 0.0 
2457703.5 16.7454930346 0.0 15.2993731019 0.0 
2457708.5 16.1381405577 0.0 14.5809601992 0.0 
2457713.5 16.2748237949 0.0 14.7540890687 0.0 
2457718.5 17.151648487 0.0 15.752999595 0.0 
2457723.5 16.0731075026 0.0 14.5252233781 0.0 
2457728.5 17.2941794418 0.0 15.9082498072 0.0 
2457733.5 16.9444500012 0.0 15.544227549 0.0 
2457738.5 16.4786318609 0.0 15.0227768043 0.0 
2457743.5 16.1459327153 0.0 14.6455927077 0.0 
2457748.5 15.958458113 0.0 14.4100621589 0.0 
2457753.5 16.4118463341 0.0 14.9302485304 0.0 
2457758.5 16.7090853604 0.0 15.277125888 0.0 
2457763.5 16.1604515319 0.0 14.6225542807 0.0 
2457768.5 17.0991701288 0.0 15.68086692 0.0 
2457773.5 17.142198237 0.0 15.7259460496 0.0 
2457778.5 17.4860492716 0.0 16.1064876696 0.0 
2457783.5 17.1791908791 0.0 15.769466653 0.0 
2457788.5 16.1975152365 0.0 14.6549328173 0.0 
2457793.5 17.5709931357 0.0 16.1861538617 0.0 
2457798.5 16.4207102939 0.0 14.8914459475 0.0 
2457803.5 17.4616320522 0.0 16.0808648738 0.0 
2457808.5 17.5064284197 0.0 16.1353646098 0.0 
2457813.5 16.4771656014 0.0 14.9792332226 0.0 
2457818.5 17.2177881923 0.0 15.8173131185 0.0 
2457823.5 16.951919811 0.0 15.5331320892 0.0 
2457828.5 15.9927893511 0.0 14.442117783 0.0 
2457833.5 16.253873479 0.0 14.7680054636 0.0 
2457838.5 17.1061261483 0.0 15.725630385 0.0 
2457843.5 15.9010469827 0.0 14.3615539705 0.0 
2457848.5 16.4184388931 0.0 14.9541258083 0.0 
2457853.5 17.2043381848 0.0 15.8247693868 0.0 
2457858.5 17.5265021695 0.0 16.163726177 0.0 
2457863.5 16.1630987906 0.0 14.6379972445 0.0 
2457868.5 17.7977049026 0.0 16.4617835121 0.0 
2457873.5 16.5262059201 0.0 15.0621152275 0.0 
2457878.5 16.7027510246 0.0 15.2462268309 0.0 
2457883.5 17.2716769073 0.0 15.8870541805 0.0 
2457888.5 16.6843421725 0.0 15.23180718 0.0 
2457893.5 16.1712123396 0.0 14.6427372019 0.0 
2457898.5 17.3171307196 0.0 15.9419698411 0.0 
2457903.5 16.1588924095 0.0 14.647917073 0.0 
2457908.5 16.3472686115 0.0 14.8612349967 0.0 
2457913.5 17.2346885632 0.0 15.8494912984 0.0 
2457918.5 16.4964538408 0.0 15.021472585 0.0 
2457923.5 16.177982609 0.0 14.6237651442 0.0 
2457928.5 16.7405912241 0.0 15.2713370017 0.0 
2457933.5 16.9975093969 0.0 15.5599592409 0.0 
2457938.5 17.1249458464 0.0 15.7029322995 0.0 
2457943.5 16.7608728194 0.0 15.3087211867 0.0 
2457948.5 17.422943298 0.0 16.0449720594 0.0 
2457953.5 16.2956684134 0.0 14.7779381471 0.0 
2457958.5 16.1168724492 0.0 14.587148219 0.0 
2457963.5 16.3400082504 0.0 14.8556189455 0.0 
2457968.5 16.374769243 0.0 14.8557358686 0.0 
2457973.5 16.7732838637 0.0 15.3067850596 0.0 
2457978.5 17.0228525607 0.0 15.5778886362 0.0 
2457983.5 16.3889179205 0.0 14.837082793 0.0 
2457988.5 17.8649887948 0.0 16.5060662919 0.0 
2457993.5 17.264205704 0.0 15.8373861713 0.0 
2457998.5 16.4012814174 0.0 14.8925694489 0.0 
2458003.5 16.496805024 0.0 15.0030381194 0.0 
2458008.5 17.8047687086 0.0 16.4640626355 0.0 
2458013.5 16.5461794216 0.0 15.0551250657 0.0 
2458018.5 16.9993378873 0.0 15.5548680021 0.0 
2458023.5 17.1853213315 0.0 15.7663888056 0.0 
2458028.5 16.7400421907 0.0 15.2645538989 0.0 
2458033.5 16.4717228081 0.0 14.965323222 0.0 
2458038.5 17.2662199074 0.0 15.8653478362 0.0 
2458043.5 17.1982329217 0.0 15.790260311 0.0 
2458048.5 16.3088379264 0.0 14.8021808006 0.0 
2458053.5 17.3149448325 0.0 15.9403066944 0.0 
2458058.5 17.0532114274 0.0 15.648363512 0.0 
2458063.5 17.0108921268 0.0 15.5943617144 0.0 
2458068.5 16.7941058759 0.0 15.356346705 0.0 
2458073.5 16.7878858665 0.0 15.3502968798 0.0 
2458078.5 16.8478856354 0.0 15.4059703583 0.0 
2458083.5 16.5638041504 0.0 15.0880356348 0.0 
2458088.5 17.4284641133 0.0 16.0507573201 0.0 
2458093.5 16.1438819636 0.0 14.5918825683 0.0 
2458098.5 16.3080741305 0.0 14.7814782466 0.0 
2458103.5 16.5836008289 0.0 15.1052729933 0.0 
2458108.5 16.8730835809 0.0 15.424194408 0.0 
2458113.5 16.2924793007 0.0 14.7690213338 0.0 
2458118.5 17.3101731932 0.0 15.923921413 0.0 
2458123.5 16.5375940067 0.0 15.0610988268 0.0 
2458128.5 17.6050966757 0.0 16.2547417904 0.0 
2458133.5 15.9812841645 0.0 14.4261761404 0.0 
2458138.5 15.7951753445 0.0 14.2204723574 0.0 
2458143.5 17.3664740527 0.0 16.0069734712 0.0 
2458148.5 17.125564749 0.0 15.7405001606 0.0 
2458153.5 16.4285672985 0.0 14.9603447766 0.0 
2458158.5 16.3009973092 0.0 14.8277532321 0.0 
2458163.5 16.2816869769 0.0 14.8057392306 0.0 
2458168.5 16.7955633177 0.0 15.3918029448 0.0 
2458173.5 16.9928593778 0.0 15.6064641838 0.0 
2458178.5 15.7623735427 0.0 14.2343605486 0.0 
2458183.5 16.2005727123 0.0 14.7439980696 0.0 
2458188.5 15.573356637 0.0 14.0640663877 0.0 
2458193.5 15.4793013624 0.0 13.95649018 0.0 
2458198.5 15.6498683737 0.0 14.150229614 0.0 
2458203.5 15.442204737 0.0 13.9222048074 0.0 
2458208.5 16.9760884823 0.0 15.6458706634 0.0 
2458213.5 16.2544897397 0.0 14.8460813841 0.0 
2458218.5 15.3251419912 0.0 13.8059374161 0.0 
2458223.5 15.8137241252 0.0 14.3687782459 0.0 
2458228.5 16.3138288486 0.0 14.9167251517 0.0 
2458233.5 15.5471344562 0.0 14.0535106462 0.0 
2458238.5 15.9509825583 0.0 14.518180039 0.0 
2458243.5 15.1077823406 0.0 13.5553342413 0.0 
2458248.5 16.1851119442 0.0 14.7932241267 0.0 
2458253.5 16.1164716128 0.0 14.7193591157 0.0 
2458258.5 16.1294675958 0.0 14.7366504005 0.0 
2458263.5 15.374671826 0.0 13.8926797513 0.0 
2458268.5 15.37506071 0.0 13.8983734214 0.0 
2458273.5 16.3478132505 0.0 14.9878171597 0.0 
2458278.5 15.5500693493 0.0 14.0899083341 0.0 
2458283.5 15.212708322 0.0 13.7129435349 0.0 
2458288.5 14.894042672 0.0 13.3367665038 0.0 
2458293.5 15.5714193663 0.0 14.114221223 0.0 
2458298.5 15.1371415433 0.0 13.6076937602 0.0 
2458303.5 15.7710895841 0.0 14.3517070977 0.0 
2458308.5 15.5398639668 0.0 14.083356701 0.0 
2458313.5 15.2863367154 0.0 13.8111826697 0.0 
2458318.5 15.3112075612 0.0 13.8319175363 0.0 
2458323.5 14.8823650907 0.0 13.3344835946 0.0 
2458328.5 16.1237479169 0.0 14.7338037054 0.0 
2458333.5 15.8969705776 0.0 14.4636817992 0.0 
2458338.5 15.7050868568 0.0 14.2391410404 0.0 
2458343.5 16.731946864 0.0 15.3735711012 0.0 
2458348.5 16.6631977982 0.0 15.2939278849 0.0 
2458353.5 15.6206945458 0.0 14.1180873826 0.0 
2458358.5 15.7850008953 0.0 14.3051550952 0.0 
2458363.5 16.8073632368 0.0 15.4460440797 0.0 
2458368.5 15.8185649323 0.0 14.3509066152 0.0 
2458373.5 15.8152459908 0.0 14.3444419917 0.0 
2458378.5 15.3265546932 0.0 13.7824462238 0.0 
2458383.5 16.3940416611 0.0 14.9927433574 0.0 
2458388.5 15.4201058808 0.0 13.8926370723 0.0 
2458393.5 16.6484857355 0.0 15.2676128048 0.0 
2458398.5 15.3349545741 0.0 13.7921633669 0.0 
2458403.5 16.6294788734 0.0 15.255975977 0.0 
2458408.5 16.2764820499 0.0 14.8679834096 0.0 
2458413.5 16.7450010981 0.0 15.3857243157 0.0 
2458418.5 15.6721667933 0.0 14.2008464141 0.0 
2458423.5 16.3283907457 0.0 14.9332113949 0.0 
2458428.5 15.8536031503 0.0 14.4100659425 0.0 
2458433.5 16.2006304524 0.0 14.7952857481 0.0 
2458438.5 16.3405152977 0.0 14.9561072504 0.0 
2458443.5 16.4055475148 0.0 15.0223456956 0.0 
2458448.5 15.3397695291 0.0 13.8238054487 0.0 
2458453.5 15.1022279449 0.0 13.5414535325 0.0 
2458458.5 15.1536619115 0.0 13.597598269 0.0 
2458463.5 16.1017009203 0.0 14.6705388499 0.0 
2458468.5 16.2049651242 0.0 14.7881134853 0.0 
2458473.5 15.4543737207 0.0 13.9540652783 0.0 
2458478.5 15.5618801607 0.0 14.0800754087 0.0 
2458483.5 15.7195321656 0.0 14.2505270434 0.0 
2458488.5 15.3662676554 0.0 13.8346166556 0.0 
2458493.5 15.9777148725 0.0 14.5319613015 0.0 
2458498.5 16.2639041903 0.0 14.8549195709 0.0 
2458503.5 16.3988340508 0.0 15.0003634567 0.0 
2458508.5 15.8270240333 0.0 14.3740671137 0.0 
2458513.5 16.3792481561 0.0 14.9898116319 0.0 
2458518.5 16.7827500772 0.0 15.4364717089 0.0 
2458523.5 15.841924499 0.0 14.3951387889 0.0 
2458528.5 15.6414649077 0.0 14.1656067086 0.0 
2458533.5 16.0365393954 0.0 14.6095284902 0.0 
2458538.5 16.193175934 0.0 14.7811790988 0.0 
2458543.5 16.010773453 0.0 14.5711950499 0.0 
2458548.5 16.6513157449 0.0 15.2842381791 0.0 
2458553.5 16.4963319228 0.0 15.1158678294 0.0 
2458558.5 15.3572131206 0.0 13.8427073902 0.0 
2458563.5 15.2194226658 0.0 13.6947710789 0.0 
2458568.5 16.4902688327 0.0 15.1179198855 0.0 
2458573.5 16.448740906 0.0 15.0836490091 0.0 
2458578.5 16.0825635568 0.0 14.6828701838 0.0 
2458583.5 16.7678524706 0.0 15.429595542 0.0 
2458588.5 15.5642496767 0.0 14.0812262968 0.0 
2458593.5 15.8083171782 0.0 14.3575162972 0.0 
2458598.5 16.2852647089 0.0 14.8869146137 0.0 
2458603.5 15.3874376292 0.0 13.8381641335 0.0 
2458608.5 15.7730999234 0.0 14.2781839528 0.0 
2458613.5 16.1056047953 0.0 14.6657001672 0.0 
2458618.5 15.9479950422 0.0 14.5015844454 0.0 
2458623.5 16.5301237817 0.0 15.1456564608 0.0 
2458628.5 16.7805012718 0.0 15.4106218958 0.0 
2458633.5 16.3232833698 0.0 14.9041521238 0.0 
2458638.5 15.7815464086 0.0 14.3080254653 0.0 
2458643.5 16.8099444199 0.0 15.4596084478 0.0 
2458648.5 15.6452595078 0.0 14.1589472352 0.0 
2458653.5 15.5143806028 0.0 13.9965947313 0.0 
2458658.5 15.6609394845 0.0 14.1549899152 0.0 
2458663.5 15.9429107837 0.0 14.4843618655 0.0 
2458668.5 16.5601289557 0.0 15.1731881275 0.0 
2458673.5 16.1254743738 0.0 14.679110892 0.0 
2458678.5 15.6306259157 0.0 14.1386460046 0.0 
2458683.5 15.7342215774 0.0 14.2577882631 0.0 
2458688.5 16.1947821736 0.0 14.7879911179 0.0 
2458693.5 15.5416682682 0.0 14.0536623182 0.0 
2458698.5 15.4685950737 0.0 13.9779247428 0.0 
2458703.5 15.2562623033 0.0 13.7338558079 0.0 
2458708.5 16.6065070747 0.0 15.2472193157 0.0 
2458713.5 15.4711110765 0.0 13.9833085536 0.0 
2458718.5 15.5074574884 0.0 14.0207872057 0.0 
2458723.5 16.4383519804 0.0 15.0626269479 0.0 
2458728.5 16.0834976853 0.0 14.6741921193 0.0 
2458733.5 15.0305164824 0.0 13.4861066016 0.0 
2458738.5 15.8734612483 0.0 14.4397678807 0.0 
2458743.5 16.0221291504 0.0 14.6123799198 0.0 
2458748.5 15.776067508 0.0 14.3306044584 0.0 
2458753.5 15.8877106107 0.0 14.4617185498 0.0 
2458758.5 15.3873146171 0.0 13.8954359001 0.0 
2458763.5 15.1536265143 0.0 13.6246031549 0.0 
2458768.5 15.4083285855 0.0 13.938801292 0.0 
2458773.5 16.0266697322 0.0 14.6209158578 0.0 
2458778.5 15.1201476652 0.0 13.5955682287 0.0 
2458783.5 16.2632088827 0.0 14.8779723281 0.0 
2458788.5 15.5488353282 0.0 14.0750341883 0.0 
2458793.5 15.5822090763 0.0 14.1094624234 0.0 
2458798.5 15.9211901914 0.0 14.4860479401 0.0 
2458803.5 15.5407676187 0.0 14.0532373268 0.0 
2458808.5 15.8955938657 0.0 14.4268727075 0.0 
2458813.5 16.0050176289 0.0 14.5548523245 0.0 
2458818.5 16.9154544861 0.0 15.5604225061 0.0 
2458823.5 16.5145780702 0.0 15.1319621321 0.0 
2458828.5 15.5210814264 0.0 14.0145167404 0.0 
2458833.5 16.6063897907 0.0 15.2343973494 0.0 
2458838.5 15.8406836276 0.0 14.3894959036 0.0 
2458843.5 16.1243814072 0.0 14.7114047729 0.0 
2458848.5 15.1007887922 0.0 13.5511068816 0.0 
2458853.5 16.1106331727 0.0 14.696576478 0.0 
2458858.5 15.8765038994 0.0 14.4463529031 0.0 
2458863.5 15.5785216502 0.0 14.1144085131 0.0 
2458868.5 15.2720538877 0.0 13.7668945635 0.0 
2458873.5 16.4005069516 0.0 15.017802374 0.0 
2458878.5 15.8654401105 0.0 14.4131823985 0.0 
2458883.5 16.7578359466 0.0 15.3908404863 0.0 
2458888.5 15.72972334 0.0 14.2525334555 0.0 
2458893.5 15.6975044716 0.0 14.223327246 0.0 
2458898.5 15.9768735693 0.0 14.5398891681 0.0 
2458903.5 16.4074451151 0.0 15.0195495886 0.0 
2458908.5 16.4919506797 0.0 15.1163420779 0.0 
2458913.5 15.569190598 0.0 14.0903164552 0.0 
2458918.5 15.9255262711 0.0 14.4890196357 0.0 
2458923.5 16.3637396298 0.0 14.9679016677 0.0 
2458928.5 16.0342939901 0.0 14.6069589141 0.0 
2458933.5 15.9994821392 0.0 14.5746839564 0.0 
2458938.5 15.6326098384 0.0 14.158490981 0.0 
2458943.5 15.7555483281 0.0 14.3009250226 0.0 
2458948.5 16.3597954337 0.0 14.9756123741 0.0 
2458953.5 15.4583539496 0.0 13.9531272174 0.0 
2458958.5 15.4239611053 0.0 13.9200459223 0.0 
2458963.5 15.7648455709 0.0 14.2984960331 0.0 
2458968.5 15.9527545814 0.0 14.5078096717 0.0 
2458973.5 16.6480715051 0.0 15.2777386305 0.0 
2458978.5 15.4636237573 0.0 13.952078295 0.0 
2458983.5 15.3787365251 0.0 13.860186017 0.0 
2458988.5 15.356864209 0.0 13.8176849009 0.0 
2458993.5 15.9009879789 0.0 14.4458881074 0.0 
2458998.5 16.2733837983 0.0 14.8619403647 0.0 
2459003.5 15.9834482535 0.0 14.5364626605 0.0 
2459008.5 16.4546488172 0.0 15.0373208429 0.0 
2459013.5 15.4794696972 0.0 13.9374086227 0.0 
2459018.5 16.1720089849 0.0 14.7279804775 0.0 
2459023.5 15.5473887791 0.0 14.0308452822 0.0 
2459028.5 15.6394436218 0.0 14.1247057239 0.0 
2459033.5 15.7110206546 0.0 14.2125999664 0.0 
2459038.5 16.0562667664 0.0 14.6127461858 0.0 
2459043.5 16.4097198601 0.0 15.0086493516 0.0 
2459048.5 15.6695085159 0.0 14.1827380434 0.0 
2459053.5 16.4270151055 0.0 15.0334205068 0.0 
2459058.5 15.734830885 0.0 14.2681611881 0.0 
2459063.5 15.9720411109 0.0 14.5349978653 0.0 
2459068.5 15.3823042344 0.0 13.855277478 0.0 
2459073.5 15.60749494 0.0 14.118948402 0.0 
2459078.5 16.0311297447 0.0 14.5883410191 0.0 
2459083.5 15.2280179252 0.0 13.6717450753 0.0 
