2457258.5 14.7541721776 0.0 13.2438859604 0.0 
2457263.5 14.9043976689 0.0 13.4174775714 0.0 
2457268.5 14.8797562636 0.0 13.3862380072 0.0 
2457273.5 14.8824030871 0.0 13.386939899 0.0 
2457278.5 15.403611731 0.0 13.9753484445 0.0 
2457283.5 15.8637344246 0.0 14.4807794667 0.0 
2457288.5 14.9682769949 0.0 13.4941480488 0.0 
2457293.5 14.8142665903 0.0 13.3151921604 0.0 
2457298.5 15.7402624631 0.0 14.3506904666 0.0 
2457303.5 15.4675662861 0.0 14.0592475884 0.0 
2457308.5 15.5779459492 0.0 14.1900345762 0.0 
2457313.5 14.1655105515 0.0 12.5860491112 0.0 
2457318.5 15.7812175046 0.0 14.4197419033 0.0 
2457323.5 14.525706581 0.0 13.018228653 0.0 
2457328.5 14.393869438 0.0 12.8844348758 0.0 
2457333.5 15.5362456528 0.0 14.1638887445 0.0 
2457338.5 15.2736850635 0.0 13.8722102308 0.0 
2457343.5 14.9601438102 0.0 13.5274014477 0.0 
2457348.5 15.2309213445 0.0 13.8299444338 0.0 
2457353.5 14.6257677951 0.0 13.152116816 0.0 
2457358.5 15.2992449409 0.0 13.8964067258 0.0 
2457363.5 14.4854928345 0.0 12.9817385979 0.0 
2457368.5 14.376538716 0.0 12.8500384583 0.0 
2457373.5 14.6060997097 0.0 13.1125090295 0.0 
2457378.5 14.3306343495 0.0 12.7885150808 0.0 
2457383.5 14.8414170152 0.0 13.3641441706 0.0 
2457388.5 15.2430226835 0.0 13.8252175313 0.0 
2457393.5 15.2169025369 0.0 13.7907269385 0.0 
2457398.5 14.593487434 0.0 13.091860652 0.0 
2457403.5 14.8332443124 0.0 13.3684083907 0.0 
2457408.5 14.8965824461 0.0 13.4473832465 0.0 
2457413.5 14.5582174675 0.0 13.064039744 0.0 
2457418.5 14.3899272654 0.0 12.8794947129 0.0 
2457423.5 14.1730800888 0.0 12.6223044377 0.0 
2457428.5 14.1646153405 0.0 12.6085682425 0.0 
2457433.5 14.4152333359 0.0 12.8999556991 0.0 
2457438.5 14.7222152155 0.0 13.2610723365 0.0 
2457443.5 14.2357930781 0.0 12.7023400888 0.0 
2457448.5 14.3531566358 0.0 12.8393818005 0.0 
2457453.5 14.8285076307 0.0 13.3794006045 0.0 
2457458.5 14.9175772078 0.0 13.490375706 0.0 
2457463.5 15.1481503748 0.0 13.7488266383 0.0 
2457468.5 14.9814243498 0.0 13.56126429 0.0 
2457473.5 14.7202574482 0.0 13.275319751 0.0 
2457478.5 14.5906210836 0.0 13.1258553182 0.0 
2457483.5 14.5981558293 0.0 13.1290180122 0.0 
2457488.5 14.5018225321 0.0 13.0176481879 0.0 
2457493.5 15.2953424244 0.0 13.9166825106 0.0 
2457498.5 14.4605988511 0.0 12.9871826017 0.0 
2457503.5 15.4437403158 0.0 14.0804737982 0.0 
2457508.5 14.2623798615 0.0 12.7561186496 0.0 
2457513.5 14.7673147237 0.0 13.3297810343 0.0 
2457518.5 15.2956552904 0.0 13.9064540628 0.0 
2457523.5 14.8920886485 0.0 13.4556910932 0.0 
2457528.5 14.7822331398 0.0 13.3275243839 0.0 
2457533.5 15.6358978001 0.0 14.2769772169 0.0 
2457538.5 14.5772708657 0.0 13.101172213 0.0 
2457543.5 14.6667380667 0.0 13.2027400175 0.0 
2457548.5 13.9766074864 0.0 12.384314365 0.0 
2457553.5 15.0011646422 0.0 13.5640012273 0.0 
2457558.5 15.7131475725 0.0 14.3554497065 0.0 
2457563.5 13.9764640899 0.0 12.4006043864 0.0 
2457568.5 14.3381495942 0.0 12.8178611607 0.0 
2457573.5 14.5250656298 0.0 13.0310479311 0.0 
2457578.5 15.1123622854 0.0 13.6843628347 0.0 
2457583.5 14.7048708471 0.0 13.2379858256 0.0 
2457588.5 14.2999405815 0.0 12.7743770815 0.0 
2457593.5 14.4332045188 0.0 12.9151350918 0.0 
2457598.5 14.8982064381 0.0 13.4437215067 0.0 
2457603.5 15.3664872095 0.0 13.9647381847 0.0 
2457608.5 14.9032390244 0.0 13.44539249 0.0 
2457613.5 15.422843424 0.0 14.0252030008 0.0 
2457618.5 14.6204679827 0.0 13.1176919328 0.0 
2457623.5 14.7814374085 0.0 13.2953885553 0.0 
2457628.5 15.1303874289 0.0 13.687359462 0.0 
2457633.5 15.4034774263 0.0 13.9885331293 0.0 
2457638.5 15.3354880064 0.0 13.9162330546 0.0 
2457643.5 15.0719840402 0.0 13.6242333966 0.0 
2457648.5 15.0545490502 0.0 13.6102104836 0.0 
2457653.5 15.5277770792 0.0 14.1349037845 0.0 
2457658.5 14.2437808881 0.0 12.6860866957 0.0 
2457663.5 14.314076498 0.0 12.7821104644 0.0 
2457668.5 14.5479039867 0.0 13.0494301918 0.0 
2457673.5 15.1333091733 0.0 13.7135233781 0.0 
2457678.5 14.6418195594 0.0 13.1606154276 0.0 
2457683.5 14.7767176562 0.0 13.3084131889 0.0 
2457688.5 14.3913029501 0.0 12.8606389461 0.0 
2457693.5 14.6245754424 0.0 13.1346314814 0.0 
2457698.5 14.7930554177 0.0 13.3212345807 0.0 
2457703.5 15.3003691539 0.0 13.8944106424 0.0 
2457708.5 15.3883545319 0.0 14.0042127412 0.0 
2457713.5 14.5790347586 0.0 13.0991945199 0.0 
2457718.5 15.3887596869 0.0 14.0081233173 0.0 
2457723.5 15.4673937751 0.0 14.0983120224 0.0 
2457728.5 14.1399944597 0.0 12.583169484 0.0 
2457733.5 14.8164071024 0.0 13.3623573875 0.0 
2457738.5 14.4646534838 0.0 12.9585482183 0.0 
2457743.5 14.8166482546 0.0 13.3554311942 0.0 
2457748.5 14.8558299866 0.0 13.4007007237 0.0 
2457753.5 14.6301509923 0.0 13.1475788426 0.0 
2457758.5 14.8103254373 0.0 13.3468337658 0.0 
2457763.5 14.1938769922 0.0 12.6387570468 0.0 
2457768.5 15.3653217829 0.0 13.9680341099 0.0 
2457773.5 14.544231626 0.0 13.0382565764 0.0 
2457778.5 14.8103910821 0.0 13.3191405867 0.0 
2457783.5 15.5046532032 0.0 14.1021004769 0.0 
2457788.5 16.0034326705 0.0 14.6474948042 0.0 
2457793.5 15.7278339012 0.0 14.3405880013 0.0 
2457798.5 14.5153200018 0.0 12.9694960005 0.0 
2457803.5 14.9045716717 0.0 13.4190104032 0.0 
2457808.5 14.7355511647 0.0 13.2272590546 0.0 
2457813.5 14.8107157174 0.0 13.3186759309 0.0 
2457818.5 14.7411893842 0.0 13.2316064879 0.0 
2457823.5 15.430325065 0.0 14.0028987598 0.0 
2457828.5 15.5657335059 0.0 14.1477411259 0.0 
2457833.5 14.7266856865 0.0 13.2101169254 0.0 
2457838.5 15.876790666 0.0 14.5062768873 0.0 
2457843.5 15.5601429227 0.0 14.1469020087 0.0 
2457848.5 15.4824894622 0.0 14.058783902 0.0 
2457853.5 15.5053246307 0.0 14.0791214505 0.0 
2457858.5 15.2253790393 0.0 13.7625081158 0.0 
2457863.5 15.0098410628 0.0 13.522796537 0.0 
2457868.5 14.6954612817 0.0 13.1663987143 0.0 
2457873.5 15.5065729916 0.0 14.0935982663 0.0 
2457878.5 14.9753862725 0.0 13.4927140381 0.0 
2457883.5 14.8083178959 0.0 13.2891201903 0.0 
2457888.5 15.6211636916 0.0 14.2096865925 0.0 
2457893.5 15.303972438 0.0 13.8581161591 0.0 
2457898.5 15.0475219729 0.0 13.5856002781 0.0 
2457903.5 14.8448854111 0.0 13.3614176876 0.0 
2457908.5 15.2472377212 0.0 13.815837423 0.0 
2457913.5 14.4530797952 0.0 12.9121722978 0.0 
2457918.5 15.6447057115 0.0 14.2590347517 0.0 
2457923.5 15.2649442099 0.0 13.8385149751 0.0 
2457928.5 14.378602385 0.0 12.8307644001 0.0 
2457933.5 15.0028857011 0.0 13.5415209692 0.0 
2457938.5 14.6405689102 0.0 13.130621452 0.0 
2457943.5 15.0751116919 0.0 13.6276820188 0.0 
2457948.5 15.5563629806 0.0 14.1689412204 0.0 
2457953.5 15.4317393668 0.0 14.0251481458 0.0 
2457958.5 15.7572216633 0.0 14.3846950506 0.0 
2457963.5 15.1329529895 0.0 13.6854160031 0.0 
2457968.5 14.8048480756 0.0 13.3122794084 0.0 
2457973.5 15.342792975 0.0 13.930991829 0.0 
2457978.5 15.5225579765 0.0 14.1259126991 0.0 
2457983.5 14.6618001586 0.0 13.1503479275 0.0 
2457988.5 14.9314129321 0.0 13.4569490753 0.0 
2457993.5 15.3933895464 0.0 13.9709519976 0.0 
2457998.5 15.6938113129 0.0 14.3062600374 0.0 
2458003.5 15.8597051227 0.0 14.493213328 0.0 
2458008.5 14.7824792596 0.0 13.2940072683 0.0 
2458013.5 15.8868337385 0.0 14.5190706854 0.0 
2458018.5 14.8467270035 0.0 13.3634015447 0.0 
2458023.5 15.7473461004 0.0 14.3659838796 0.0 
2458028.5 15.5607964271 0.0 14.1601883957 0.0 
2458033.5 14.9497486379 0.0 13.4799184352 0.0 
2458038.5 14.6303587603 0.0 13.1170694048 0.0 
2458043.5 15.2687997039 0.0 13.8478098691 0.0 
2458048.5 14.3818994095 0.0 12.8371386044 0.0 
2458053.5 14.7124689892 0.0 13.2119527472 0.0 
2458058.5 14.535969691 0.0 12.9921091216 0.0 
2458063.5 15.855641292 0.0 14.4885219803 0.0 
2458068.5 15.7348808749 0.0 14.370439233 0.0 
2458073.5 15.459652384 0.0 14.0639164646 0.0 
2458078.5 14.4176716441 0.0 12.8933700486 0.0 
2458083.5 15.1657586524 0.0 13.7396390668 0.0 
2458088.5 14.5666583941 0.0 13.0604115906 0.0 
2458093.5 14.910239498 0.0 13.4536226021 0.0 
2458098.5 15.3596336967 0.0 13.9462073518 0.0 
2458103.5 14.6708964076 0.0 13.1699386674 0.0 
2458108.5 15.7992618614 0.0 14.4322116499 0.0 
2458113.5 15.7662370661 0.0 14.3905569776 0.0 
2458118.5 15.0725512747 0.0 13.6293096737 0.0 
2458123.5 15.185655704 0.0 13.7533646727 0.0 
2458128.5 14.3643532681 0.0 12.8143616648 0.0 
2458133.5 15.5592193726 0.0 14.1716550029 0.0 
2458138.5 14.4610190984 0.0 12.9302151696 0.0 
2458143.5 14.7431612998 0.0 13.2584420624 0.0 
2458148.5 14.7976495224 0.0 13.3236566839 0.0 
2458153.5 14.6275953803 0.0 13.1223333026 0.0 
2458158.5 14.9241808846 0.0 13.4655645269 0.0 
2458163.5 14.6231618457 0.0 13.1159067878 0.0 
2458168.5 15.8736704947 0.0 14.5006408457 0.0 
2458173.5 14.6236300253 0.0 13.0977499497 0.0 
2458178.5 15.45318442 0.0 14.0430390032 0.0 
2458183.5 14.5648875694 0.0 13.0318585032 0.0 
2458188.5 15.7483514492 0.0 14.3609058963 0.0 
2458193.5 15.4247245799 0.0 14.0110637738 0.0 
2458198.5 15.5198329304 0.0 14.1146554012 0.0 
2458203.5 15.276176967 0.0 13.857048605 0.0 
2458208.5 14.6632880922 0.0 13.1611781991 0.0 
2458213.5 15.8758425316 0.0 14.5217197593 0.0 
2458218.5 14.4758372123 0.0 12.9502990415 0.0 
2458223.5 14.8648776298 0.0 13.3929496996 0.0 
2458228.5 15.020820841 0.0 13.5729164423 0.0 
2458233.5 15.6652776598 0.0 14.2893772955 0.0 
2458238.5 14.9581006722 0.0 13.4983174224 0.0 
2458243.5 15.6005690877 0.0 14.2133583365 0.0 
2458248.5 14.691816787 0.0 13.2033341895 0.0 
2458253.5 14.4561605169 0.0 12.9329328953 0.0 
2458258.5 14.4461886047 0.0 12.9094280924 0.0 
2458263.5 15.5295148848 0.0 14.1316207982 0.0 
2458268.5 15.094777702 0.0 13.6523652964 0.0 
2458273.5 15.0925479979 0.0 13.650816481 0.0 
2458278.5 14.5154596632 0.0 12.9914724484 0.0 
2458283.5 14.7980118343 0.0 13.3104437453 0.0 
2458288.5 14.6107218711 0.0 13.1025421018 0.0 
2458293.5 15.8652902591 0.0 14.506139091 0.0 
2458298.5 15.7919234287 0.0 14.4146068827 0.0 
2458303.5 14.919501067 0.0 13.4362355446 0.0 
2458308.5 14.9613103521 0.0 13.4826132332 0.0 
2458313.5 15.0054720881 0.0 13.5372729968 0.0 
2458318.5 15.7710476174 0.0 14.3972574693 0.0 
2458323.5 14.4175694094 0.0 12.8679162327 0.0 
2458328.5 14.3127018105 0.0 12.7486386877 0.0 
2458333.5 15.7593694613 0.0 14.3883443821 0.0 
2458338.5 14.9536419359 0.0 13.4949083816 0.0 
2458343.5 15.3618296569 0.0 13.9489627498 0.0 
2458348.5 14.9242801145 0.0 13.4634310107 0.0 
2458353.5 14.509462095 0.0 12.9904923807 0.0 
2458358.5 14.6555350618 0.0 13.1492492387 0.0 
2458363.5 15.2147615899 0.0 13.7675503631 0.0 
2458368.5 14.9174866388 0.0 13.4378046369 0.0 
2458373.5 15.3232130869 0.0 13.8972439351 0.0 
2458378.5 14.7033703017 0.0 13.1955292954 0.0 
2458383.5 14.9302281671 0.0 13.4643073487 0.0 
2458388.5 14.9591865909 0.0 13.4939370301 0.0 
2458393.5 15.4398600912 0.0 14.0398202031 0.0 
2458398.5 14.5894488374 0.0 13.0723824192 0.0 
2458403.5 14.3808461448 0.0 12.8265507331 0.0 
2458408.5 14.994589167 0.0 13.5328928609 0.0 
2458413.5 14.80534892 0.0 13.3230017037 0.0 
2458418.5 14.4292763479 0.0 12.8683911119 0.0 
2458423.5 15.391108027 0.0 13.9700152168 0.0 
2458428.5 15.5011453406 0.0 14.0937170038 0.0 
2458433.5 15.4126531246 0.0 14.0094876791 0.0 
2458438.5 14.7283507016 0.0 13.2414443782 0.0 
2458443.5 14.4788966089 0.0 12.9491375099 0.0 
2458448.5 14.9329674128 0.0 13.4666829775 0.0 
2458453.5 15.8869752881 0.0 14.5229351196 0.0 
2458458.5 14.63148789 0.0 13.1264519719 0.0 
2458463.5 14.3828700543 0.0 12.8405783857 0.0 
2458468.5 14.1280184131 0.0 12.5661676387 0.0 
2458473.5 14.4930771796 0.0 12.9975239522 0.0 
2458478.5 14.3623363949 0.0 12.8556004377 0.0 
2458483.5 14.4025093919 0.0 12.8968613685 0.0 
2458488.5 14.61838263 0.0 13.1436176248 0.0 
2458493.5 15.5162895601 0.0 14.1531000119 0.0 
2458498.5 14.2484634711 0.0 12.7246774865 0.0 
2458503.5 15.1464851825 0.0 13.731457401 0.0 
2458508.5 14.732078565 0.0 13.2666118352 0.0 
2458513.5 15.0675531609 0.0 13.6409183422 0.0 
2458518.5 15.5022264607 0.0 14.1288012013 0.0 
2458523.5 15.699180971 0.0 14.3432305164 0.0 
2458528.5 14.7366938478 0.0 13.266498995 0.0 
2458533.5 14.977947263 0.0 13.5433436284 0.0 
2458538.5 15.062245492 0.0 13.6410360362 0.0 
2458543.5 14.5188406363 0.0 13.0349332254 0.0 
2458548.5 14.2968818038 0.0 12.7907043532 0.0 
2458553.5 15.319394961 0.0 13.9298040077 0.0 
2458558.5 14.4610878336 0.0 12.9621708245 0.0 
2458563.5 14.142056744 0.0 12.5817586346 0.0 
2458568.5 14.3775419085 0.0 12.8857096016 0.0 
2458573.5 14.6046842994 0.0 13.1325900065 0.0 
2458578.5 14.8063385852 0.0 13.3672901411 0.0 
2458583.5 14.9582072302 0.0 13.5348030187 0.0 
2458588.5 13.9853484579 0.0 12.4249820706 0.0 
2458593.5 15.5068481181 0.0 14.1431988369 0.0 
2458598.5 14.3802122221 0.0 12.9056831967 0.0 
2458603.5 14.2659738431 0.0 12.7798756299 0.0 
2458608.5 14.1224351271 0.0 12.6096187989 0.0 
2458613.5 13.9625031581 0.0 12.4217697546 0.0 
2458618.5 14.966200617 0.0 13.5650220126 0.0 
2458623.5 14.053490667 0.0 12.5284280569 0.0 
2458628.5 14.4710794333 0.0 12.9988709744 0.0 
2458633.5 15.4763017195 0.0 14.100715248 0.0 
2458638.5 15.3956980668 0.0 14.0089597715 0.0 
2458643.5 15.5092111185 0.0 14.1324520901 0.0 
2458648.5 15.8568420167 0.0 14.5132459575 0.0 
2458653.5 15.4496929843 0.0 14.0689292373 0.0 
2458658.5 15.3091108186 0.0 13.9047391179 0.0 
2458663.5 15.4247048322 0.0 14.045289923 0.0 
2458668.5 14.4300050943 0.0 12.9325610502 0.0 
2458673.5 15.2098169138 0.0 13.8062443667 0.0 
2458678.5 14.9493599713 0.0 13.5156260399 0.0 
2458683.5 15.1144212321 0.0 13.7018312238 0.0 
2458688.5 14.8467194612 0.0 13.4049660778 0.0 
2458693.5 14.9903248122 0.0 13.571943286 0.0 
2458698.5 14.0042739256 0.0 12.4514863831 0.0 
2458703.5 15.013099067 0.0 13.6023953959 0.0 
2458708.5 15.2469787085 0.0 13.8605349252 0.0 
2458713.5 14.7630869568 0.0 13.3247751887 0.0 
2458718.5 15.6843846939 0.0 14.3399830587 0.0 
2458723.5 15.6127148023 0.0 14.246184723 0.0 
2458728.5 14.1701984152 0.0 12.6081214849 0.0 
2458733.5 15.6970312816 0.0 14.3331546085 0.0 
2458738.5 14.6200929815 0.0 13.1337712198 0.0 
2458743.5 15.5786324609 0.0 14.2054489051 0.0 
2458748.5 15.3689532802 0.0 13.9680655877 0.0 
2458753.5 14.3697718597 0.0 12.8315561114 0.0 
2458758.5 14.9185910898 0.0 13.4589372573 0.0 
2458763.5 15.3362236799 0.0 13.9146839979 0.0 
2458768.5 14.5093660434 0.0 12.9714430623 0.0 
2458773.5 15.2979171623 0.0 13.8769730062 0.0 
2458778.5 14.749298563 0.0 13.265389914 0.0 
2458783.5 14.6782483755 0.0 13.1853911401 0.0 
2458788.5 14.4145062025 0.0 12.876987709 0.0 
2458793.5 15.3274402177 0.0 13.9067745284 0.0 
2458798.5 14.9253844059 0.0 13.4515932561 0.0 
2458803.5 15.230051798 0.0 13.7915838584 0.0 
2458808.5 15.1626483727 0.0 13.7240544236 0.0 
2458813.5 14.4801012617 0.0 12.9501719846 0.0 
2458818.5 15.1904231278 0.0 13.7493031269 0.0 
2458823.5 15.4924793766 0.0 14.1120629962 0.0 
2458828.5 14.6562642088 0.0 13.1702955127 0.0 
2458833.5 15.5490616044 0.0 14.1701235896 0.0 
2458838.5 15.0210690045 0.0 13.5891339038 0.0 
2458843.5 14.1134757444 0.0 12.5678728013 0.0 
2458848.5 15.4998641437 0.0 14.1310915048 0.0 
2458853.5 14.5172163439 0.0 13.0342915476 0.0 
2458858.5 14.4643604287 0.0 12.9917569241 0.0 
2458863.5 15.4934095862 0.0 14.1357390642 0.0 
2458868.5 14.1094944559 0.0 12.5851736404 0.0 
2458873.5 14.8210037019 0.0 13.3973149044 0.0 
2458878.5 14.8682372568 0.0 13.4448402213 0.0 
2458883.5 13.8946616684 0.0 12.3345943952 0.0 
2458888.5 15.1999828624 0.0 13.8151944644 0.0 
2458893.5 14.5265886826 0.0 13.0738634138 0.0 
2458898.5 15.486370028 0.0 14.1387859813 0.0 
2458903.5 14.6861154882 0.0 13.2602386064 0.0 
2458908.5 14.4792379707 0.0 13.0290983778 0.0 
2458913.5 14.317232222 0.0 12.8412729146 0.0 
2458918.5 13.9932063672 0.0 12.4737444682 0.0 
2458923.5 13.7778324604 0.0 12.2254438683 0.0 
2458928.5 14.6533884259 0.0 13.2309930262 0.0 
2458933.5 13.7453968829 0.0 12.1909727091 0.0 
2458938.5 13.8397568666 0.0 12.294710436 0.0 
2458943.5 14.3629575477 0.0 12.8868200721 0.0 
2458948.5 14.732328846 0.0 13.302393311 0.0 
2458953.5 14.7865728411 0.0 13.3554300006 0.0 
2458958.5 14.4666712126 0.0 13.0105635185 0.0 
2458963.5 14.8589356992 0.0 13.4502289166 0.0 
2458968.5 14.7467770645 0.0 13.325600076 0.0 
2458973.5 15.0952700871 0.0 13.7155687428 0.0 
2458978.5 14.126823184 0.0 12.6294559098 0.0 
2458983.5 15.353135617 0.0 14.0036015203 0.0 
2458988.5 13.948666281 0.0 12.4374894683 0.0 
2458993.5 13.8716121259 0.0 12.3420026041 0.0 
2458998.5 13.5960120689 0.0 12.0215967607 0.0 
2459003.5 14.1246136065 0.0 12.647170921 0.0 
2459008.5 14.7430927407 0.0 13.3473082631 0.0 
2459013.5 14.445905053 0.0 13.0192615912 0.0 
2459018.5 13.6964267414 0.0 12.1391911978 0.0 
2459023.5 15.1754754521 0.0 13.8083958158 0.0 
2459028.5 14.5644832978 0.0 13.1283601005 0.0 
2459033.5 14.2405421341 0.0 12.7693273377 0.0 
2459038.5 14.8782382273 0.0 13.4755019077 0.0 
2459043.5 14.9277548238 0.0 13.535363564 0.0 
2459048.5 15.1542935007 0.0 13.7900231512 0.0 
2459053.5 14.8562274637 0.0 13.4651812251 0.0 
2459058.5 14.5868921532 0.0 13.1531714495 0.0 
2459063.5 14.5478094847 0.0 13.1069900738 0.0 
2459068.5 14.5654142208 0.0 13.128402903 0.0 
2459073.5 14.5073757493 0.0 13.0623540878 0.0 
2459078.5 15.4686910344 0.0 14.126115125 0.0 
2459083.5 14.7579847066 0.0 13.3435662484 0.0 
