2457274.5 22.6504341376 0.0 21.1779899991 0.0 
2457290.5 26.6922896832 0.0 25.1455052427 0.0 
2457295.5 25.689010868 0.0 24.1608187814 0.0 
2457316.5 19.3874614696 0.0 17.9731427906 0.0 
2457391.5 21.6425569087 0.0 20.1828677359 0.0 
2457425.5 20.9867799528 0.0 19.5376123753 0.0 
2457427.5 20.5505489644 0.0 19.1073403465 0.0 
2457433.5 24.3893523606 0.0 22.8750653112 0.0 
2457434.5 24.4017994887 0.0 22.8871830886 0.0 
2457462.5 16.5176656784 0.0 15.1469480116 0.0 
2457465.5 24.1797204802 0.0 22.6678169421 0.0 
2457468.5 23.8898911346 0.0 22.3833154001 0.0 
2457497.5 19.6779521445 0.0 18.2567873377 0.0 
2457500.5 19.4945355355 0.0 18.0767873359 0.0 
2457503.5 17.7641774379 0.0 16.3771381987 0.0 
2457512.5 16.6391249468 0.0 15.2717109337 0.0 
2457541.5 21.6571683278 0.0 20.1978679533 0.0 
2457599.5 23.7026217396 0.0 22.2021375214 0.0 
2457617.5 24.93467644 0.0 23.4116664331 0.0 
2457634.5 20.5187164625 0.0 19.0802596922 0.0 
2457680.5 23.9258025587 0.0 22.4282211955 0.0 
2457685.5 25.5759820245 0.0 24.0501688001 0.0 
2457714.5 23.0908623993 0.0 21.6213301239 0.0 
2457726.5 27.1211502046 0.0 25.5761042044 0.0 
2457733.5 19.5347813934 0.0 18.1270114273 0.0 
2457739.5 18.9459971743 0.0 17.5479213247 0.0 
2457809.5 28.2049151827 0.0 26.6409020712 0.0 
2457823.5 19.6566432107 0.0 18.2527723939 0.0 
2457847.5 18.7745565035 0.0 17.383135996 0.0 
2457870.5 27.0659615106 0.0 25.5196604983 0.0 
2457875.5 20.4549270937 0.0 19.0282407162 0.0 
2457881.5 26.6131451712 0.0 25.0718361299 0.0 
2457901.5 28.2103827852 0.0 26.6468193697 0.0 
2457926.5 26.5318351801 0.0 25.0094630295 0.0 
2457939.5 25.5232006657 0.0 24.0194979105 0.0 
2457957.5 23.0128893524 0.0 21.5500746466 0.0 
2457986.5 26.6531373398 0.0 25.1275292047 0.0 
2457996.5 20.3778121755 0.0 18.966788738 0.0 
2458005.5 27.0991416074 0.0 25.5643062742 0.0 
2458028.5 23.6917565574 0.0 22.2176282951 0.0 
2458074.5 24.7980587094 0.0 23.2946233142 0.0 
2458087.5 26.4661588362 0.0 24.9316412727 0.0 
2458098.5 27.4758236571 0.0 25.9216054629 0.0 
2458117.5 16.5413098673 0.0 15.1888387654 0.0 
2458170.5 25.6987192416 0.0 24.1752311359 0.0 
2458179.5 27.9142037288 0.0 26.35348733 0.0 
2458216.5 23.755816162 0.0 22.274043568 0.0 
2458218.5 27.3100082102 0.0 25.7612065019 0.0 
2458243.5 19.4581018686 0.0 18.0540335644 0.0 
2458244.5 19.1044412031 0.0 17.7070535272 0.0 
2458246.5 22.2190514547 0.0 20.7620731764 0.0 
2458270.5 24.5011598612 0.0 23.0019309545 0.0 
2458293.5 21.4270425873 0.0 19.9772601972 0.0 
2458312.5 20.9844734407 0.0 19.5435390018 0.0 
2458334.5 22.81236016 0.0 21.3408168774 0.0 
2458337.5 23.7743166646 0.0 22.2849916266 0.0 
2458352.5 25.3933572582 0.0 23.8748582168 0.0 
2458393.5 26.4319612916 0.0 24.9004884743 0.0 
2458416.5 25.0778455327 0.0 23.5673522551 0.0 
2458424.5 24.2255973132 0.0 22.7299345155 0.0 
2458430.5 23.1177878266 0.0 21.6415065825 0.0 
2458437.5 22.7418896646 0.0 21.2722011445 0.0 
2458458.5 25.3812321503 0.0 23.8683814545 0.0 
2458487.5 23.9039178709 0.0 22.4116248078 0.0 
2458517.5 20.048702641 0.0 18.6340545801 0.0 
2458531.5 21.3412227239 0.0 19.9046850371 0.0 
2458535.5 20.8152975233 0.0 19.388545903 0.0 
2458537.5 23.1800009331 0.0 21.7096902627 0.0 
2458547.5 26.1141175627 0.0 24.5886316191 0.0 
2458559.5 27.0284661469 0.0 25.4891402038 0.0 
2458562.5 26.8904293958 0.0 25.3533759841 0.0 
2458580.5 24.3197621452 0.0 22.8346796808 0.0 
2458621.5 26.892485536 0.0 25.3604113409 0.0 
2458637.5 22.8148039627 0.0 21.3565262045 0.0 
2458646.5 18.9590437091 0.0 17.5742951008 0.0 
2458654.5 22.1449732466 0.0 20.7011261507 0.0 
2458656.5 22.5713338492 0.0 21.119606026 0.0 
2458726.5 19.4682142502 0.0 18.0803852926 0.0 
2458747.5 25.8968170549 0.0 24.3842454413 0.0 
2458763.5 27.5974595478 0.0 26.0545066074 0.0 
2458764.5 26.990514651 0.0 25.4582410149 0.0 
2458781.5 19.0834416494 0.0 17.6940388044 0.0 
2458833.5 18.1420751073 0.0 16.7743017342 0.0 
2458849.5 22.7753568901 0.0 21.319884428 0.0 
2458868.5 21.75962422 0.0 20.319879547 0.0 
2458887.5 21.9836503779 0.0 20.5362134499 0.0 
2458896.5 17.3111964652 0.0 15.9530405362 0.0 
2458927.5 21.0339804707 0.0 19.6133315559 0.0 
2458934.5 27.7800426966 0.0 26.2365080564 0.0 
2458977.5 21.4247228279 0.0 19.9941311999 0.0 
2458985.5 26.3324052609 0.0 24.8114036082 0.0 
2459006.5 21.7686166791 0.0 20.3338554183 0.0 
2459007.5 21.8054390994 0.0 20.3709301165 0.0 
2459010.5 23.59400997 0.0 22.126374083 0.0 
2459019.5 28.146269497 0.0 26.5929379081 0.0 
2459038.5 17.1993303921 0.0 15.8433971926 0.0 
2459042.5 19.0695991133 0.0 17.679416316 0.0 
2459047.5 22.8331150021 0.0 21.3738445021 0.0 
2459059.5 24.8939392745 0.0 23.3932096987 0.0 
