0 0.0
1 1.0
2 1.9972
3 3.008
4 4.0088
5 5.036
6 6.0024
7 6.9128
8 7.9554
9 9.0224
10 9.957
11 11.1664
12 12.0658
13 13.1132
14 14.0206
15 15.0916
16 16.089
17 16.9392
18 18.113
19 19.2124
20 20.0136
21 20.7108
22 22.3274
23 22.7732
24 24.449
25 25.2436
26 26.1834
27 27.2312
28 27.975
29 29.7396
30 29.792
31 30.9368
32 31.7508
33 32.4112
34 34.621
35 34.4056
36 35.7744
37 36.916
38 37.6778
39 38.8884
40 39.609
41 40.1712
42 41.5652
43 43.152
44 44.7874
45 44.642
46 46.1618
47 47.132
48 47.6002
49 49.5564
50 50.0696
51 50.404
52 52.6246
53 52.7404
54 54.7726
55 55.938
56 55.0014
57 57.2656
58 58.7536
59 58.4752
60 59.5182
61 60.2228
62 62.021
63 62.7816
64 63.3224
65 66.0296
66 65.5128
67 66.9836
68 68.423
69 69.0792
70 69.752
71 71.4364
72 72.4238
73 73.0232
74 74.7374
75 75.5088
76 76.0726
77 75.9352
78 79.5254
79 78.266
80 81.364
81 81.2404
82 81.2048
83 82.3232
84 83.7072
85 83.4076
86 86.7344
87 87.6396
88 88.4612
89 88.868
90 89.309
91 91.6956
92 92.6614
93 92.506
94 93.3142
95 95.084
96 96.6788
97 96.73
98 100.3012
99 99.4708
100 99.312
101 102.1148
102 102.3076
103 103.2896
104 105.1298
105 105.4364
106 106.4444
107 108.7992
108 109.4424
109 110.7384
110 111.3186
111 109.9048
112 110.1684
113 113.328
114 114.8128
115 114.3628
116 115.6642
117 116.4248
118 116.899
119 119.3664
120 117.9402
121 120.31
122 122.3872
123 125.0164
124 123.1328
125 125.0756
126 126.1926
127 128.9764
128 127.9782
129 130.432
130 132.9792
131 130.2008
132 131.564
133 131.7636
134 133.5662
135 135.1324
136 136.5098
137 136.3212
138 138.3614
139 139.0168
140 139.3194
141 140.6764
142 142.4092
143 144.6964
144 144.0528
145 145.8216
146 143.461
147 146.9672
148 148.273
149 147.8912
150 151.3684
151 149.6804
152 152.5872
153 152.5
154 154.8974
155 153.7176
156 157.0374
157 157.0632
158 157.4386
159 159.1224
160 159.5728
161 158.3584
162 162.068
163 164.9256
164 163.7608
165 161.8932
166 164.9604
167 165.7988
168 169.9374
169 168.8544
170 170.0676
171 171.032
172 173.5122
173 172.5252
174 173.1102
175 176.2528
176 176.4296
177 178.9468
178 177.0774
179 176.7324
180 181.0624
181 181.112
182 178.4358
183 182.8212
184 184.393
185 184.368
186 186.4836
187 187.064
188 190.708
189 189.6412
190 189.6884
191 190.5404
192 191.9628
193 191.9596
194 192.8586
195 191.4632
196 193.9044
197 195.224
198 199.9954
199 198.17
200 198.9112
201 201.9836
202 205.502
203 202.6388
204 204.413
205 206.4336
206 207.6946
207 205.4124
208 208.3702
209 207.918
210 208.4676
211 209.7792
212 213.3812
213 212.0648
214 214.305
215 216.272
216 211.837
217 219.7112
218 217.9006
219 224.8948
220 218.9918
221 223.0496
222 220.7376
223 222.4296
224 225.1696
225 224.1976
226 224.0852
227 223.4464
228 232.6626
229 230.3592
230 230.6886
231 231.928
232 236.5634
233 231.206
234 232.2528
235 237.4768
236 235.714
237 238.8844
238 233.533
239 238.326
240 240.725
241 238.204
242 239.3346
243 238.7216
244 249.6982
245 239.8684
246 248.585
247 249.7832
248 255.0986
249 246.1236
250 250.2806
251 250.3932
252 250.9596
253 252.2312
254 248.4158
255 254.4648
256 259.2826
257 261.6744
258 257.6908
259 256.752
260 260.8944
261 262.2852
262 264.466
263 258.57
264 264.8786
265 266.7812
266 265.8676
267 268.5192
268 269.734
269 270.3608
270 273.3324
271 274.5328
272 277.1216
273 272.4244
274 273.9878
275 278.15
276 276.3974
277 274.0272
278 272.2994
279 278.1844
280 278.2976
281 282.4928
282 278.843
283 281.7756
284 284.6016
285 284.4188
286 282.6342
287 287.378
288 284.55
289 288.4516
290 287.2746
291 285.036
292 291.9192
293 291.406
294 295.623
295 294.5548
296 294.0884
297 302.136
298 300.2014
299 296.2056
300 291.3514
301 299.2656
302 304.9286
303 307.2052
304 300.8544
305 304.066
306 306.908
307 301.5944
308 308.4656
309 306.3404
310 312.9854
311 306.5944
312 315.3956
313 313.4228
314 317.7086
315 322.6684
316 314.6972
317 320.0356
318 317.2646
319 319.706
320 318.9696
321 320.3076
322 324.8234
323 322.9516
324 326.0358
325 329.4396
326 323.6374
327 325.014
328 329.0406
329 325.1732
330 330.987
331 329.6324
332 331.8998
333 331.1736
334 334.4162
335 333.5888
336 335.414
337 334.8188
338 341.319
339 343.0592
340 343.2654
341 338.5688
342 338.6756
343 339.146
344 342.0696
345 344.7156
346 347.6788
347 350.904
348 349.211
349 350.7892
350 350.3628
351 353.3488
352 346.9896
353 355.7892
354 352.35
355 352.0464
356 355.403
357 351.79
358 356.8874
359 353.8316
360 360.4704
361 362.9872
362 363.0264
363 357.27
364 364.6542
365 363.54
366 363.9786
367 368.4068
368 365.0858
369 369.2528
370 373.3532
371 369.8204
372 373.1366
373 369.066
374 376.8464
375 372.418
376 369.5424
377 382.786
378 374.3188
379 377.1704
380 387.5496
381 380.234
382 387.8454
383 388.9436
384 378.3184
385 383.5268
386 389.3938
387 393.0584
388 387.0216
389 394.892
390 392.0908
391 392.5476
392 392.749
393 396.5296
394 399.3466
395 390.66
396 390.0422
397 404.766
398 401.258
399 405.2396
400 393.1272
401 400.8548
402 403.1754
403 402.4492
404 406.3978
405 406.9928
406 393.0492
407 406.4
408 407.4218
409 410.8512
410 408.5906
411 408.334
412 419.811
413 420.5892
414 410.9602
415 411.1584
416 416.399
417 425.1732
418 421.4358
419 422.3112
420 410.2998
421 415.0612
422 421.495
423 417.3088
424 428.225
425 420.1244
426 419.8372
427 426.6604
428 421.1378
429 428.78
430 428.5992
431 432.9376
432 438.2972
433 440.6072
434 434.4486
435 431.198
436 438.9182
437 434.3208
438 435.7406
439 433.114
440 443.8906
441 438.528
442 440.5126
443 442.1172
444 439.9654
445 439.582
446 447.2046
447 451.9212
448 442.2116
449 454.746
450 451.0562
451 450.5368
452 448.4822
453 453.4244
454 455.041
455 454.8632
456 448.643
457 460.7288
458 461.104
459 458.5564
460 456.9356
461 455.1976
462 471.8824
463 461.1556
464 463.1446
465 466.9768
466 465.0428
467 470.0304
468 469.6792
469 472.042
470 472.0764
471 472.3436
472 471.2844
473 471.5344
474 474.7952
475 476.166
476 473.815
477 465.8584
478 480.5602
479 473.2908
480 487.3638
481 482.36
482 483.7664
483 478.3432
484 489.3986
485 487.5504
486 476.6012
487 474.1932
488 488.077
489 491.6456
490 490.1184
491 490.5352
492 490.3486
493 489.1288
494 495.7318
495 499.9228
496 493.917
497 498.6852
498 498.267
499 497.2852
500 503.2644
501 500.9424
502 505.408
503 501.9716
504 494.1794
505 497.5776
506 503.6278
507 503.2544
508 505.361
509 516.4864
510 511.219
511 520.3456
512 505.5594
513 516.5844
514 505.4856
515 511.4604
516 507.584
517 515.162
518 509.137
519 526.0624
520 519.2908
521 524.2564
522 527.6946
523 530.6536
524 519.0594
525 520.2716
526 528.7258
527 529.5964
528 532.0312
529 525.7328
530 529.2254
531 535.7012
532 532.138
533 531.6848
534 533.093
535 540.798
536 538.5812
537 538.1744
538 543.8242
539 537.1172
540 543.5768
541 540.3252
542 546.9144
543 552.9616
544 540.3136
545 541.816
546 544.97
547 549.652
548 547.15
549 550.0884
550 545.0692
551 556.2912
552 548.3512
553 548.9924
554 552.5514
555 547.044
556 561.0488
557 558.5488
558 548.6154
559 555.3976
560 554.0138
561 548.9024
562 553.4522
563 543.5472
564 561.7866
565 570.6164
566 566.6188
567 559.732
568 565.3716
569 566.596
570 573.0222
571 572.0724
572 575.8608
573 564.5336
574 579.1614
575 575.0084
576 581.8028
577 581.5364
578 583.7
579 590.0728
580 589.27
581 589.4524
582 581.6914
583 593.1064
584 585.8036
585 591.284
586 584.0074
587 600.7812
588 594.1926
589 599.3316
590 584.9636
591 590.3848
592 599.4478
593 600.9168
594 592.5846
595 593.32
596 590.1964
597 593.184
598 599.8966
599 601.4876
600 595.9608
601 607.5696
602 602.1956
603 602.8692
604 596.9784
605 595.0024
606 603.511
607 609.7516
608 611.4496
609 599.268
610 618.7844
611 603.3212
612 603.1648
613 613.7272
614 614.3546
615 615.0684
616 620.9858
617 625.4128
618 625.2378
619 616.6724
620 627.9022
621 634.6344
622 618.0452
623 616.154
624 619.0016
625 621.6376
626 630.5152
627 643.662
628 640.3022
629 628.24
630 625.9204
631 636.0476
632 631.0818
633 633.4216
634 641.0602
635 633.9032
636 637.0712
637 635.8032
638 633.253
639 641.5084
640 649.7712
641 635.0944
642 642.7614
643 643.714
644 648.4136
645 636.4856
646 652.3706
647 646.9128
648 662.6356
649 657.6908
650 649.0528
651 651.7952
652 656.946
653 652.806
654 662.0116
655 665.556
656 666.128
657 659.032
658 642.569
659 658.418
660 644.6464
661 650.5936
662 668.7996
663 663.6472
664 661.1574
665 679.6228
666 664.6292
667 675.5624
668 669.5848
669 668.7152
670 681.5086
671 669.8892
672 660.5364
673 680.876
674 680.959
675 682.1028
676 681.0072
677 683.5992
678 666.7618
679 688.2148
680 670.524
681 684.1172
682 682.6518
683 678.2752
684 675.3242
685 678.802
686 692.0926
687 697.542
688 687.1028
689 680.51
690 694.1656
691 697.1736
692 698.104
693 706.1708
694 703.9634
695 698.8912
696 702.0776
697 690.8956
698 692.2484
699 693.6184
700 684.7496
701 701.5672
702 708.4624
703 699.5404
704 695.3796
705 696.5788
706 698.6892
707 705.9408
708 698.5994
709 713.9648
710 719.6058
711 699.6664
712 706.5402
713 715.338
714 702.732
715 720.582
716 702.4168
717 706.1384
718 723.1836
719 714.9536
720 708.8504
721 727.8184
722 725.565
723 730.8452
724 727.717
725 722.4168
726 714.8024
727 724.086
728 731.9682
729 725.6368
730 727.8232
731 715.0864
732 729.149
733 721.6408
734 722.9188
735 728.0784
736 734.3192
737 734.6608
738 743.0978
739 732.0524
740 748.9096
741 743.3996
742 739.3324
743 744.0156
744 736.4652
745 736.0812
746 732.6282
747 749.0672
748 754.246
749 754.468
750 742.1524
751 753.9856
752 760.6942
753 740.3744
754 757.474
755 764.9668
756 753.5322
757 756.9196
758 762.4356
759 752.7936
760 769.881
761 758.8148
762 786.0544
763 754.622
764 763.792
765 757.4812
766 790.0134
767 768.9812
768 763.1356
769 756.7176
770 757.7712
771 787.5308
772 772.0698
773 793.1544
774 781.2112
775 770.6096
776 788.262
777 773.6856
778 778.5498
779 767.9292
780 784.1226
781 792.6536
782 789.5328
783 778.7384
784 775.0136
785 796.2032
786 780.108
787 783.952
788 782.0256
789 791.4012
790 785.1834
791 791.5552
792 791.8396
793 806.6896
794 793.1662
795 804.4244
796 802.0032
797 785.5232
798 788.9688
799 796.3908
800 790.7714
801 808.9472
802 793.3718
803 797.192
804 807.0028
805 810.426
806 809.8838
807 814.9496
808 809.5582
809 812.3064
810 806.8298
811 815.4572
812 812.7116
813 809.9984
814 813.4782
815 812.084
816 816.3626
817 821.92
818 821.3122
819 820.1428
820 813.9042
821 823.032
822 816.5432
823 808.5164
824 823.321
825 832.7096
826 822.724
827 824.084
828 823.4826
829 828.0696
830 825.5488
831 827.9364
832 831.2386
833 827.804
834 825.7668
835 846.212
836 832.779
837 834.3224
838 831.7956
839 830.6428
840 827.4016
841 846.1788
842 848.8146
843 830.4128
844 849.8842
845 847.0404
846 845.5734
847 828.3808
848 852.9528
849 847.4884
850 857.0502
851 858.3548
852 860.0826
853 859.5004
854 856.294
855 855.0276
856 855.5768
857 862.4304
858 862.014
859 858.1284
860 860.6584
861 858.7452
862 859.4786
863 877.3616
864 857.0052
865 874.3844
866 860.795
867 857.0532
868 883.1948
869 865.5636
870 866.2306
871 875.6736
872 882.5616
873 880.704
874 878.4848
875 871.9228
876 879.4318
877 870.3192
878 890.9624
879 879.9032
880 874.6458
881 873.366
882 883.7892
883 876.1372
884 883.0828
885 881.0404
886 879.27
887 890.1976
888 879.6264
889 890.4652
890 879.5232
891 879.9092
892 889.8754
893 888.906
894 880.9694
895 898.2928
896 895.6286
897 878.8952
898 894.8578
899 912.7268
900 891.9988
901 893.1784
902 915.2664
903 909.5324
904 906.4724
905 890.6124
906 915.4202
907 911.1292
908 914.3582
909 904.5268
910 897.316
911 906.0184
912 909.4356
913 907.5204
914 922.4748
915 911.5792
916 918.6674
917 925.7136
918 908.3148
919 936.3808
920 905.5102
921 916.624
922 923.0374
923 917.7988
924 930.2066
925 920.5484
926 932.6346
927 928.4612
928 927.292
929 921.2768
930 942.3692
931 926.2556
932 927.0928
933 924.9652
934 937.0712
935 927.57
936 929.1446
937 939.9204
938 934.844
939 944.6044
940 933.723
941 934.6024
942 949.3522
943 941.1776
944 936.212
945 946.5992
946 944.8126
947 940.3048
948 956.234
949 952.4272
950 963.3824
951 963.6596
952 948.46
953 952.3068
954 919.0396
955 973.8368
956 960.9538
957 958.4924
958 956.2478
959 958.7148
960 949.934
961 966.1876
962 951.628
963 959.832
964 946.7658
965 979.294
966 959.8678
967 972.4368
968 963.956
969 985.5568
970 966.0844
971 974.2788
972 1004.2042
973 971.642
974 968.5904
975 964.3984
976 978.0794
977 999.05
978 988.8454
979 978.2932
980 989.9388
981 965.4504
982 980.871
983 965.7248
984 980.9942
985 977.5684
986 981.2302
987 982.0376
988 993.5234
989 989.248
990 999.3024
991 985.3728
992 982.3468
993 983.1268
994 989.7104
995 1000.8672
996 1010.35
997 994.5044
998 1013.4562
999 997.8744
