2457258.5 15.0824296254 0.0 13.5715205352 0.0 
2457263.5 15.1152458811 0.0 13.6082567801 0.0 
2457268.5 16.2068020381 0.0 14.839206076 0.0 
2457273.5 15.7999296637 0.0 14.3928876729 0.0 
2457278.5 14.8941234273 0.0 13.3684093571 0.0 
2457283.5 15.6694974525 0.0 14.2534343313 0.0 
2457288.5 15.2621060531 0.0 13.8064052882 0.0 
2457293.5 15.875999199 0.0 14.4852738453 0.0 
2457298.5 15.0506286474 0.0 13.5761090785 0.0 
2457303.5 14.9972121545 0.0 13.5154990521 0.0 
2457308.5 14.6209771201 0.0 13.0757480387 0.0 
2457313.5 14.6038540295 0.0 13.0489337894 0.0 
2457318.5 15.6785162217 0.0 14.2727841772 0.0 
2457323.5 14.9708339349 0.0 13.4897479394 0.0 
2457328.5 15.3251724597 0.0 13.8852884649 0.0 
2457333.5 15.6818461015 0.0 14.2669821166 0.0 
2457338.5 15.8995062191 0.0 14.5048536056 0.0 
2457343.5 14.9547088226 0.0 13.4252372877 0.0 
2457348.5 16.221108044 0.0 14.8411243392 0.0 
2457353.5 15.8960393585 0.0 14.4830317492 0.0 
2457358.5 15.800774018 0.0 14.3886139093 0.0 
2457363.5 15.1077089612 0.0 13.5975033896 0.0 
2457368.5 16.1173053364 0.0 14.729225202 0.0 
2457373.5 16.1839039897 0.0 14.8028777909 0.0 
2457378.5 16.1581756803 0.0 14.7731410389 0.0 
2457383.5 14.8706633356 0.0 13.318377345 0.0 
2457388.5 16.0759344531 0.0 14.665617976 0.0 
2457393.5 16.1698937616 0.0 14.7583835576 0.0 
2457398.5 15.6474477581 0.0 14.1731535976 0.0 
2457403.5 15.7308957473 0.0 14.2672623895 0.0 
2457408.5 15.8872417266 0.0 14.4441519367 0.0 
2457413.5 15.4394124691 0.0 13.9515564872 0.0 
2457418.5 16.28921872 0.0 14.9028815451 0.0 
2457423.5 16.1506460237 0.0 14.7458195864 0.0 
2457428.5 16.4105785482 0.0 15.0316916481 0.0 
2457433.5 15.613544397 0.0 14.1448305094 0.0 
2457438.5 15.4131835669 0.0 13.9038142203 0.0 
2457443.5 15.387679661 0.0 13.871875989 0.0 
2457448.5 16.5096717006 0.0 15.1285513442 0.0 
2457453.5 15.8439202647 0.0 14.3866644376 0.0 
2457458.5 15.6936360647 0.0 14.2369145497 0.0 
2457463.5 16.423734017 0.0 15.0484172018 0.0 
2457468.5 16.4860134903 0.0 15.1151060824 0.0 
2457473.5 15.2193063929 0.0 13.6838387331 0.0 
2457478.5 16.2544032077 0.0 14.8417013242 0.0 
2457483.5 16.0846867479 0.0 14.6615942365 0.0 
2457488.5 15.7741688437 0.0 14.3046376656 0.0 
2457493.5 15.6097847881 0.0 14.1153747709 0.0 
2457498.5 16.43047519 0.0 15.0294001476 0.0 
2457503.5 15.9503651692 0.0 14.4913774437 0.0 
2457508.5 15.5007722912 0.0 13.9739596123 0.0 
2457513.5 15.7693841697 0.0 14.295259759 0.0 
2457518.5 16.4372103402 0.0 15.0440713222 0.0 
2457523.5 16.4450857794 0.0 15.0455275275 0.0 
2457528.5 15.4759192675 0.0 13.9467582838 0.0 
2457533.5 15.2092892408 0.0 13.6646058891 0.0 
2457538.5 15.3482425998 0.0 13.8168524165 0.0 
2457543.5 16.2677820806 0.0 14.8663847676 0.0 
2457548.5 15.532966756 0.0 14.0420509735 0.0 
2457553.5 16.6499730147 0.0 15.2778883992 0.0 
2457558.5 15.4626036573 0.0 13.9271593926 0.0 
2457563.5 16.3344414783 0.0 14.9079129573 0.0 
2457568.5 15.4394612916 0.0 13.8890123539 0.0 
2457573.5 15.5580587773 0.0 14.0336081282 0.0 
2457578.5 15.4726872782 0.0 13.9308924562 0.0 
2457583.5 16.7173054596 0.0 15.339818673 0.0 
2457588.5 16.606310655 0.0 15.2234668651 0.0 
2457593.5 16.1905928748 0.0 14.7618019518 0.0 
2457598.5 16.1353605937 0.0 14.7107574271 0.0 
2457603.5 15.4740632938 0.0 13.970061469 0.0 
2457608.5 16.2139092268 0.0 14.8066074941 0.0 
2457613.5 15.5579716466 0.0 14.0718901329 0.0 
2457618.5 14.9829548955 0.0 13.4023690592 0.0 
2457623.5 15.0121763709 0.0 13.4705136201 0.0 
2457628.5 15.4605067573 0.0 13.9963969727 0.0 
2457633.5 15.2282488736 0.0 13.7296170819 0.0 
2457638.5 15.8519316499 0.0 14.4281017526 0.0 
2457643.5 15.0526987106 0.0 13.5095332853 0.0 
2457648.5 16.1204890887 0.0 14.7191428218 0.0 
2457653.5 16.0500719575 0.0 14.6335776727 0.0 
2457658.5 15.1452718767 0.0 13.6074552652 0.0 
2457663.5 15.8015247534 0.0 14.365976008 0.0 
2457668.5 15.8066344837 0.0 14.3737566528 0.0 
2457673.5 14.8123887624 0.0 13.2396704857 0.0 
2457678.5 14.9086303581 0.0 13.3647690722 0.0 
2457683.5 15.2410599596 0.0 13.7442928063 0.0 
2457688.5 15.8149563961 0.0 14.3880656527 0.0 
2457693.5 15.638458921 0.0 14.182688432 0.0 
2457698.5 15.6389031481 0.0 14.1847325585 0.0 
2457703.5 15.5987920629 0.0 14.1431628355 0.0 
2457708.5 16.4015028513 0.0 15.0390338223 0.0 
2457713.5 15.5954387197 0.0 14.1534056404 0.0 
2457718.5 15.8493759175 0.0 14.4354175929 0.0 
2457723.5 15.5735289735 0.0 14.135149014 0.0 
2457728.5 15.2384759102 0.0 13.7483825842 0.0 
2457733.5 15.7799500938 0.0 14.353446297 0.0 
2457738.5 14.8232036789 0.0 13.2601388905 0.0 
2457743.5 15.7807057275 0.0 14.3592148888 0.0 
2457748.5 15.6784286029 0.0 14.2352491491 0.0 
2457753.5 15.5785257198 0.0 14.1226359377 0.0 
2457758.5 16.4888488165 0.0 15.1304667649 0.0 
2457763.5 15.7646316867 0.0 14.3445826863 0.0 
2457768.5 15.0020175426 0.0 13.4811852536 0.0 
2457773.5 15.7001921289 0.0 14.2753122049 0.0 
2457778.5 14.9622411332 0.0 13.423111615 0.0 
2457783.5 14.9975067574 0.0 13.4507998329 0.0 
2457788.5 16.2335547871 0.0 14.8552806048 0.0 
2457793.5 14.9960669954 0.0 13.4655698111 0.0 
2457798.5 16.0882534862 0.0 14.7062450649 0.0 
2457803.5 16.2543704584 0.0 14.8860589028 0.0 
2457808.5 15.4257744514 0.0 13.9712668229 0.0 
2457813.5 14.9822283382 0.0 13.4801053245 0.0 
2457818.5 15.1197533396 0.0 13.6386957323 0.0 
2457823.5 16.3321908129 0.0 14.9859678122 0.0 
2457828.5 15.2395241433 0.0 13.774774968 0.0 
2457833.5 15.2519008269 0.0 13.7901603094 0.0 
2457838.5 15.9884152403 0.0 14.6122598844 0.0 
2457843.5 15.1948745143 0.0 13.7331399212 0.0 
2457848.5 14.9873180405 0.0 13.4740805813 0.0 
2457853.5 15.8594189992 0.0 14.4688611033 0.0 
2457858.5 15.255078312 0.0 13.7935823983 0.0 
2457863.5 16.392656258 0.0 15.0541756712 0.0 
2457868.5 15.749079124 0.0 14.3432287376 0.0 
2457873.5 14.9077703319 0.0 13.403461416 0.0 
2457878.5 14.7508208372 0.0 13.2016920885 0.0 
2457883.5 15.5966616217 0.0 14.1617219029 0.0 
2457888.5 15.3531279514 0.0 13.8874938306 0.0 
2457893.5 15.8734867344 0.0 14.4920844936 0.0 
2457898.5 15.8686178737 0.0 14.4821951037 0.0 
2457903.5 15.623187437 0.0 14.2083551043 0.0 
2457908.5 15.4749864279 0.0 14.0470746148 0.0 
2457913.5 15.0092037075 0.0 13.5207272211 0.0 
2457918.5 14.6968556615 0.0 13.1663389437 0.0 
2457923.5 15.905074526 0.0 14.5300834232 0.0 
2457928.5 15.2906609303 0.0 13.846929571 0.0 
2457933.5 15.2044473518 0.0 13.7574788055 0.0 
2457938.5 14.6289191044 0.0 13.0884950111 0.0 
2457943.5 15.6194427519 0.0 14.2088390929 0.0 
2457948.5 14.6206210816 0.0 13.0852047269 0.0 
2457953.5 15.2044151091 0.0 13.7475148884 0.0 
2457958.5 16.2872381379 0.0 14.9446789323 0.0 
2457963.5 15.274091948 0.0 13.8248349109 0.0 
2457968.5 16.0584191082 0.0 14.6939114293 0.0 
2457973.5 15.1195007166 0.0 13.6472709075 0.0 
2457978.5 14.693498727 0.0 13.1568298972 0.0 
2457983.5 15.8327690047 0.0 14.447965258 0.0 
2457988.5 16.0647177315 0.0 14.6942734918 0.0 
2457993.5 14.9403241912 0.0 13.4349956698 0.0 
2457998.5 15.7887346537 0.0 14.3842343574 0.0 
2458003.5 14.9242304984 0.0 13.4000552992 0.0 
2458008.5 15.1503209077 0.0 13.6630493506 0.0 
2458013.5 14.9315790859 0.0 13.4175506227 0.0 
2458018.5 15.6608005911 0.0 14.2455813684 0.0 
2458023.5 15.604925568 0.0 14.179057618 0.0 
2458028.5 15.0970073644 0.0 13.6066895445 0.0 
2458033.5 15.1060666574 0.0 13.612244523 0.0 
2458038.5 14.8746560059 0.0 13.3418995074 0.0 
2458043.5 14.946586343 0.0 13.4376176784 0.0 
2458048.5 14.8976549568 0.0 13.3699307804 0.0 
2458053.5 14.8548331306 0.0 13.3112160969 0.0 
2458058.5 15.3099760126 0.0 13.8217013988 0.0 
2458063.5 15.6089428407 0.0 14.1662130465 0.0 
2458068.5 15.3260427831 0.0 13.8553576803 0.0 
2458073.5 15.2840137677 0.0 13.8111053017 0.0 
2458078.5 15.9606226359 0.0 14.5588291189 0.0 
2458083.5 14.7602041429 0.0 13.199332719 0.0 
2458088.5 15.1542021428 0.0 13.6640569768 0.0 
2458093.5 15.2674437505 0.0 13.7998370487 0.0 
2458098.5 15.709526753 0.0 14.2982860874 0.0 
2458103.5 16.0305800764 0.0 14.6532937494 0.0 
2458108.5 15.5466847292 0.0 14.1232695813 0.0 
2458113.5 15.3171581775 0.0 13.8587440647 0.0 
2458118.5 15.5919516692 0.0 14.1612148388 0.0 
2458123.5 15.6131425067 0.0 14.1798571822 0.0 
2458128.5 16.3157028188 0.0 14.9608086064 0.0 
2458133.5 15.6622970249 0.0 14.2324532661 0.0 
2458138.5 14.8573931575 0.0 13.3145937642 0.0 
2458143.5 16.0524839279 0.0 14.6679040921 0.0 
2458148.5 16.1674930362 0.0 14.8057401385 0.0 
2458153.5 15.3998491487 0.0 13.9571680963 0.0 
2458158.5 14.8140204776 0.0 13.2741438134 0.0 
2458163.5 15.3111274486 0.0 13.8333298354 0.0 
2458168.5 15.2030143922 0.0 13.7165177972 0.0 
2458173.5 15.0664479721 0.0 13.5461065583 0.0 
2458178.5 15.6184449265 0.0 14.1765363231 0.0 
2458183.5 15.1901357954 0.0 13.6679949783 0.0 
2458188.5 15.1182367877 0.0 13.5891235418 0.0 
2458193.5 16.126621458 0.0 14.7327081953 0.0 
2458198.5 16.0522910248 0.0 14.6552805293 0.0 
2458203.5 15.0756223588 0.0 13.5583592473 0.0 
2458208.5 16.3410856824 0.0 14.9706098829 0.0 
2458213.5 16.1974233147 0.0 14.8337677477 0.0 
2458218.5 16.2117413555 0.0 14.8436578491 0.0 
2458223.5 15.1000920753 0.0 13.5942618896 0.0 
2458228.5 15.1566380208 0.0 13.6466567013 0.0 
2458233.5 16.03442404 0.0 14.6374334141 0.0 
2458238.5 15.5534372585 0.0 14.0998415507 0.0 
2458243.5 15.5001181282 0.0 14.0340237196 0.0 
2458248.5 15.0616009902 0.0 13.5179548448 0.0 
2458253.5 15.3996577295 0.0 13.9124191752 0.0 
2458258.5 16.4223210934 0.0 15.0600957699 0.0 
2458263.5 16.1000474126 0.0 14.699611108 0.0 
2458268.5 14.9306731937 0.0 13.3748631434 0.0 
2458273.5 15.2028994706 0.0 13.6899900588 0.0 
2458278.5 15.9491824519 0.0 14.5439184281 0.0 
2458283.5 15.4374660767 0.0 13.9709940812 0.0 
2458288.5 15.0241983805 0.0 13.4897652298 0.0 
2458293.5 14.800478225 0.0 13.2282398085 0.0 
2458298.5 15.9195304386 0.0 14.5135726272 0.0 
2458303.5 15.9982716766 0.0 14.6124369033 0.0 
2458308.5 16.1897957991 0.0 14.8128172501 0.0 
2458313.5 15.5985879696 0.0 14.1574461213 0.0 
2458318.5 15.6254787852 0.0 14.1879542417 0.0 
2458323.5 16.2529686785 0.0 14.8826018593 0.0 
2458328.5 15.1037726966 0.0 13.5875733161 0.0 
2458333.5 15.7469113863 0.0 14.3301450591 0.0 
2458338.5 15.3122339308 0.0 13.8474710351 0.0 
2458343.5 15.0091066967 0.0 13.5161114417 0.0 
2458348.5 14.6669785219 0.0 13.1176119639 0.0 
2458353.5 15.3334303848 0.0 13.8780954976 0.0 
2458358.5 14.7837347164 0.0 13.2388676036 0.0 
2458363.5 15.0077185087 0.0 13.5029441518 0.0 
2458368.5 15.63135997 0.0 14.2084111396 0.0 
2458373.5 15.4934920288 0.0 14.054064306 0.0 
2458378.5 16.3672299417 0.0 15.0224524315 0.0 
2458383.5 14.7720755401 0.0 13.2298041404 0.0 
2458388.5 15.4042726323 0.0 13.9530593275 0.0 
2458393.5 14.9310939473 0.0 13.4343405782 0.0 
2458398.5 15.8647091181 0.0 14.4765234845 0.0 
2458403.5 14.9115527482 0.0 13.3942357211 0.0 
2458408.5 16.3732008824 0.0 15.0239993388 0.0 
2458413.5 14.8101339961 0.0 13.2597158556 0.0 
2458418.5 15.0768799163 0.0 13.5693502301 0.0 
2458423.5 16.275701648 0.0 14.9154066384 0.0 
2458428.5 15.721842163 0.0 14.3005122125 0.0 
2458433.5 15.9143442837 0.0 14.5114970685 0.0 
2458438.5 14.9225277125 0.0 13.3916382959 0.0 
2458443.5 15.6620119164 0.0 14.2229551124 0.0 
2458448.5 15.0564883241 0.0 13.5430916146 0.0 
2458453.5 14.9366298412 0.0 13.400330441 0.0 
2458458.5 16.1302292625 0.0 14.7467074169 0.0 
2458463.5 14.9938256359 0.0 13.4760019725 0.0 
2458468.5 14.7387318625 0.0 13.183245942 0.0 
2458473.5 15.2343598935 0.0 13.7555255559 0.0 
2458478.5 14.9678342069 0.0 13.4349630471 0.0 
2458483.5 16.2500654632 0.0 14.8735441151 0.0 
2458488.5 15.1052616287 0.0 13.5835777993 0.0 
2458493.5 16.2859558351 0.0 14.9158647207 0.0 
2458498.5 15.9554481525 0.0 14.5426558515 0.0 
2458503.5 14.935551915 0.0 13.3861906084 0.0 
2458508.5 15.311382991 0.0 13.8176286269 0.0 
2458513.5 15.299851837 0.0 13.7914682792 0.0 
2458518.5 16.1446036482 0.0 14.7458608248 0.0 
2458523.5 16.3077384187 0.0 14.9241231734 0.0 
2458528.5 15.8324249156 0.0 14.3996688123 0.0 
2458533.5 15.2492994839 0.0 13.7395958776 0.0 
2458538.5 14.9751262607 0.0 13.4100229218 0.0 
2458543.5 15.5264603841 0.0 14.0515689381 0.0 
2458548.5 15.5696191061 0.0 14.1045811219 0.0 
2458553.5 15.0422923578 0.0 13.5031227392 0.0 
2458558.5 16.2014798493 0.0 14.8113689295 0.0 
2458563.5 15.780330741 0.0 14.34312972 0.0 
2458568.5 15.0252839276 0.0 13.4832336645 0.0 
2458573.5 15.5437111254 0.0 14.0850887217 0.0 
2458578.5 14.8956125688 0.0 13.3661728008 0.0 
2458583.5 15.4740599335 0.0 14.0248093449 0.0 
2458588.5 15.7258064255 0.0 14.307917553 0.0 
2458593.5 15.5375005295 0.0 14.0837114748 0.0 
2458598.5 15.3588955938 0.0 13.8933906619 0.0 
2458603.5 16.1008303077 0.0 14.7288106991 0.0 
2458608.5 15.326794968 0.0 13.8701330685 0.0 
2458613.5 14.824936751 0.0 13.2939325993 0.0 
2458618.5 14.6914334796 0.0 13.1253939916 0.0 
2458623.5 15.5021492144 0.0 14.0629092613 0.0 
2458628.5 15.956000607 0.0 14.5697980911 0.0 
2458633.5 16.0509593832 0.0 14.6797566125 0.0 
2458638.5 15.3173979814 0.0 13.8674158461 0.0 
2458643.5 15.2204452067 0.0 13.7650468519 0.0 
2458648.5 14.6236814606 0.0 13.0634246012 0.0 
2458653.5 14.8794550128 0.0 13.3807789154 0.0 
2458658.5 15.0002346529 0.0 13.5189989992 0.0 
2458663.5 15.5471578191 0.0 14.1330631513 0.0 
2458668.5 14.8100774818 0.0 13.3124154645 0.0 
2458673.5 14.7927010349 0.0 13.2945057195 0.0 
2458678.5 15.2886027483 0.0 13.8705596162 0.0 
2458683.5 15.363632517 0.0 13.9521705265 0.0 
2458688.5 14.750112477 0.0 13.2695764935 0.0 
2458693.5 15.4586608537 0.0 14.0706273058 0.0 
2458698.5 14.8342914355 0.0 13.372632427 0.0 
2458703.5 15.5121126507 0.0 14.1362652383 0.0 
2458708.5 14.531222169 0.0 13.0393066137 0.0 
2458713.5 14.452376706 0.0 12.9397000654 0.0 
2458718.5 15.7269220123 0.0 14.3653216589 0.0 
2458723.5 14.9044702495 0.0 13.4476914404 0.0 
2458728.5 14.83090405 0.0 13.3731925885 0.0 
2458733.5 14.4547488306 0.0 12.9312984716 0.0 
2458738.5 14.5892539579 0.0 13.067209114 0.0 
2458743.5 15.5817039558 0.0 14.2062786036 0.0 
2458748.5 14.6638527674 0.0 13.1731294779 0.0 
2458753.5 14.6672462007 0.0 13.178015146 0.0 
2458758.5 15.1190272675 0.0 13.6934715045 0.0 
2458763.5 14.9003171055 0.0 13.4564658294 0.0 
2458768.5 15.0735045662 0.0 13.6528998509 0.0 
2458773.5 15.0339024105 0.0 13.614387828 0.0 
2458778.5 15.269579908 0.0 13.8785425777 0.0 
2458783.5 15.1725370539 0.0 13.7673190439 0.0 
2458788.5 14.3033508849 0.0 12.7899319404 0.0 
2458793.5 15.2600159882 0.0 13.8694295542 0.0 
2458798.5 14.3113052546 0.0 12.7989574919 0.0 
2458803.5 14.3570579826 0.0 12.8433494888 0.0 
2458808.5 15.2620163529 0.0 13.8660261588 0.0 
2458813.5 14.4574660032 0.0 12.9781488781 0.0 
2458818.5 13.9760340142 0.0 12.4131772534 0.0 
2458823.5 15.33211913 0.0 13.9520811901 0.0 
2458828.5 14.4623913208 0.0 12.9837192858 0.0 
2458833.5 14.3605383238 0.0 12.8632067423 0.0 
2458838.5 14.3273319663 0.0 12.8365516613 0.0 
2458843.5 15.894312916 0.0 14.5662272493 0.0 
2458848.5 14.8691261897 0.0 13.4243318802 0.0 
2458853.5 14.2258021769 0.0 12.674395569 0.0 
2458858.5 14.7333135615 0.0 13.2549059594 0.0 
2458863.5 14.8724594272 0.0 13.4097689046 0.0 
2458868.5 14.6284131695 0.0 13.1282690782 0.0 
2458873.5 14.3327375845 0.0 12.7876055413 0.0 
2458878.5 14.8368809699 0.0 13.3965539591 0.0 
2458883.5 15.0957868872 0.0 13.6919108113 0.0 
2458888.5 14.9120382426 0.0 13.4895936881 0.0 
2458893.5 13.9252520684 0.0 12.3658165871 0.0 
2458898.5 14.8265106371 0.0 13.3955832138 0.0 
2458903.5 14.3802294 0.0 12.8797403716 0.0 
2458908.5 15.1878255414 0.0 13.7860094264 0.0 
2458913.5 14.8646954952 0.0 13.4260267635 0.0 
2458918.5 14.5698382715 0.0 13.0825404458 0.0 
2458923.5 14.2821731456 0.0 12.7408484984 0.0 
2458928.5 14.2658805215 0.0 12.7270196789 0.0 
2458933.5 15.1458217324 0.0 13.7343162944 0.0 
2458938.5 14.4466907055 0.0 12.9316042843 0.0 
2458943.5 14.2447324693 0.0 12.6906198152 0.0 
2458948.5 14.7889346863 0.0 13.331742203 0.0 
2458953.5 15.0344824793 0.0 13.6133286639 0.0 
2458958.5 14.1567967154 0.0 12.6140686574 0.0 
2458963.5 15.5891303182 0.0 14.2324238176 0.0 
2458968.5 14.8520943548 0.0 13.418982054 0.0 
2458973.5 13.9809182095 0.0 12.4285759347 0.0 
2458978.5 15.0486200898 0.0 13.6394933631 0.0 
2458983.5 14.5601693045 0.0 13.0729717404 0.0 
2458988.5 14.2881744067 0.0 12.7495589144 0.0 
2458993.5 15.5362228794 0.0 14.1604564403 0.0 
2458998.5 14.6255524444 0.0 13.1426846687 0.0 
2459003.5 14.4950557316 0.0 12.987500827 0.0 
2459008.5 14.7394217311 0.0 13.2636567856 0.0 
2459013.5 15.2772894484 0.0 13.8706244569 0.0 
2459018.5 14.4089421729 0.0 12.8613276516 0.0 
2459023.5 14.5789426649 0.0 13.0558480004 0.0 
2459028.5 15.0452716733 0.0 13.5755993213 0.0 
2459033.5 16.1533925772 0.0 14.8039059893 0.0 
2459038.5 14.9695367652 0.0 13.4825885415 0.0 
2459043.5 14.9061957161 0.0 13.4221181122 0.0 
2459048.5 14.8564652587 0.0 13.3690845837 0.0 
2459053.5 15.0162363811 0.0 13.5548565177 0.0 
2459058.5 14.5805388325 0.0 13.0768857792 0.0 
2459063.5 15.7822507096 0.0 14.4273954263 0.0 
2459068.5 15.3767730876 0.0 13.9776812347 0.0 
2459073.5 14.2564911976 0.0 12.6998005243 0.0 
2459078.5 14.459082424 0.0 12.94506882 0.0 
2459083.5 14.3536318644 0.0 12.8107791574 0.0 
