2457258.5 18.5873539782 0.0 17.0902949605 0.0 
2457263.5 18.7370205571 0.0 17.2208584289 0.0 
2457268.5 19.4529066041 0.0 18.0304529639 0.0 
2457273.5 19.4160383108 0.0 17.9628655351 0.0 
2457278.5 19.6156975359 0.0 18.2064499893 0.0 
2457283.5 19.4919267271 0.0 18.0656993196 0.0 
2457288.5 19.2657855516 0.0 17.8053441803 0.0 
2457293.5 19.797667545 0.0 18.3919498269 0.0 
2457298.5 19.1050800268 0.0 17.6330094409 0.0 
2457303.5 19.9634718692 0.0 18.6059448094 0.0 
2457308.5 18.7346943708 0.0 17.2119309217 0.0 
2457313.5 18.7780928081 0.0 17.2630014171 0.0 
2457318.5 18.8693437068 0.0 17.389603486 0.0 
2457323.5 19.1009500288 0.0 17.6660884404 0.0 
2457328.5 18.5327978487 0.0 17.071219189 0.0 
2457333.5 17.9457148582 0.0 16.4122832127 0.0 
2457338.5 18.8445644907 0.0 17.4211405464 0.0 
2457343.5 19.0605525404 0.0 17.6641809279 0.0 
2457348.5 18.9077480069 0.0 17.4762219153 0.0 
2457353.5 18.9963181379 0.0 17.5540204674 0.0 
2457358.5 19.2181400445 0.0 17.7123047879 0.0 
2457363.5 19.0364598207 0.0 17.4678205044 0.0 
2457368.5 20.0515234825 0.0 18.6120794098 0.0 
2457373.5 19.3487643469 0.0 17.8282621198 0.0 
2457378.5 20.0235874949 0.0 18.5948084618 0.0 
2457383.5 20.0218498386 0.0 18.5891315354 0.0 
2457388.5 19.8693600884 0.0 18.4033306743 0.0 
2457393.5 20.1565245183 0.0 18.7200146866 0.0 
2457398.5 19.8189846083 0.0 18.3479809214 0.0 
2457403.5 20.371517755 0.0 18.9420524904 0.0 
2457408.5 20.7279627476 0.0 19.3122349397 0.0 
2457413.5 21.2654169786 0.0 19.8910088531 0.0 
2457418.5 19.9610107433 0.0 18.4158519993 0.0 
2457423.5 21.2642353131 0.0 19.8708590058 0.0 
2457428.5 20.6519343149 0.0 19.2302922663 0.0 
2457433.5 20.472509254 0.0 19.0010769965 0.0 
2457438.5 20.9575015075 0.0 19.5506502819 0.0 
2457443.5 21.5357953339 0.0 20.1743751704 0.0 
2457448.5 19.8792189294 0.0 18.3227477908 0.0 
2457453.5 20.1220574166 0.0 18.6242832409 0.0 
2457458.5 19.8497339508 0.0 18.30163834 0.0 
2457463.5 19.9723485553 0.0 18.4529744596 0.0 
2457468.5 20.8027518902 0.0 19.4092130822 0.0 
2457473.5 19.8462425174 0.0 18.3217325011 0.0 
2457478.5 19.9550139889 0.0 18.435830579 0.0 
2457483.5 20.4931185215 0.0 18.9668922897 0.0 
2457488.5 20.5802833816 0.0 19.0977750677 0.0 
2457493.5 20.7716344156 0.0 19.3155170849 0.0 
2457498.5 20.0807847379 0.0 18.523407763 0.0 
2457503.5 20.683734764 0.0 19.1950744304 0.0 
2457508.5 21.5349879513 0.0 20.1659867229 0.0 
2457513.5 20.5365326742 0.0 19.0543691892 0.0 
2457518.5 19.9567309753 0.0 18.4009237506 0.0 
2457523.5 20.8426464402 0.0 19.4075653611 0.0 
2457528.5 20.5030100967 0.0 19.0003667874 0.0 
2457533.5 20.1211536502 0.0 18.5842643121 0.0 
2457538.5 20.455382976 0.0 18.9878225272 0.0 
2457543.5 20.8844743492 0.0 19.4643511477 0.0 
2457548.5 21.3697132054 0.0 19.9873996013 0.0 
2457553.5 20.688712721 0.0 19.2259660957 0.0 
2457558.5 21.868004513 0.0 20.4988087488 0.0 
2457563.5 21.5611061457 0.0 20.1669148048 0.0 
2457568.5 20.718712671 0.0 19.2348101239 0.0 
2457573.5 20.7930344924 0.0 19.3227639594 0.0 
2457578.5 20.9738124594 0.0 19.5257879541 0.0 
2457583.5 21.4597157252 0.0 20.0077659669 0.0 
2457588.5 21.3827045687 0.0 19.8996091343 0.0 
2457593.5 22.1731735888 0.0 20.7425645391 0.0 
2457598.5 22.6623102978 0.0 21.2771809839 0.0 
2457603.5 21.3456723283 0.0 19.8217681654 0.0 
2457608.5 21.479335623 0.0 19.9544120709 0.0 
2457613.5 21.8298474909 0.0 20.356060314 0.0 
2457618.5 21.6985807488 0.0 20.2170729185 0.0 
2457623.5 22.5669810247 0.0 21.1722531424 0.0 
2457628.5 21.7725396981 0.0 20.2799255084 0.0 
2457633.5 21.6412210222 0.0 20.1376866796 0.0 
2457638.5 21.6193801328 0.0 20.1360342465 0.0 
2457643.5 21.5233081284 0.0 20.0227759173 0.0 
2457648.5 21.383056521 0.0 19.8940288851 0.0 
2457653.5 21.4129388604 0.0 19.9873158942 0.0 
2457658.5 21.8571186396 0.0 20.4674109749 0.0 
2457663.5 20.5253997916 0.0 19.0078851329 0.0 
2457668.5 20.8370943671 0.0 19.3574916646 0.0 
2457673.5 20.4286001356 0.0 18.8820506362 0.0 
2457678.5 20.6758008952 0.0 19.1838710273 0.0 
2457683.5 20.7775634578 0.0 19.2839643729 0.0 
2457688.5 21.4115275555 0.0 20.0027912125 0.0 
2457693.5 21.079466346 0.0 19.6371356743 0.0 
2457698.5 20.9115543079 0.0 19.437581503 0.0 
2457703.5 21.8635192454 0.0 20.5022630166 0.0 
2457708.5 20.5929629217 0.0 19.0795264664 0.0 
2457713.5 20.540222123 0.0 18.9840400584 0.0 
2457718.5 22.2083652659 0.0 20.8262096832 0.0 
2457723.5 22.2284825927 0.0 20.8540059905 0.0 
2457728.5 21.3189723254 0.0 19.856253143 0.0 
2457733.5 20.735576914 0.0 19.195818065 0.0 
2457738.5 22.0055288637 0.0 20.6124206623 0.0 
2457743.5 20.7896550486 0.0 19.2153519774 0.0 
2457748.5 21.433497403 0.0 19.973120428 0.0 
2457753.5 21.2187379355 0.0 19.749996043 0.0 
2457758.5 21.5878030081 0.0 20.1784974546 0.0 
2457763.5 20.9509804728 0.0 19.4102494612 0.0 
2457768.5 21.6278652297 0.0 20.1886267702 0.0 
2457773.5 21.6508040801 0.0 20.1865580834 0.0 
2457778.5 21.2686710224 0.0 19.8214015242 0.0 
2457783.5 20.7565320998 0.0 19.2064652163 0.0 
2457788.5 21.6178811479 0.0 20.1782923309 0.0 
2457793.5 21.5614084391 0.0 20.1450311154 0.0 
2457798.5 20.4634766627 0.0 18.9146800022 0.0 
2457803.5 20.5253832336 0.0 19.0251910564 0.0 
2457808.5 21.0635170734 0.0 19.62019552 0.0 
2457813.5 20.9443177692 0.0 19.4144485847 0.0 
2457818.5 21.2744441273 0.0 19.748612728 0.0 
2457823.5 21.8683503489 0.0 20.3834959263 0.0 
2457828.5 21.971408337 0.0 20.4922471622 0.0 
2457833.5 21.1457118708 0.0 19.5951866538 0.0 
2457838.5 22.0489562348 0.0 20.6472256406 0.0 
2457843.5 21.3468105752 0.0 19.8802355219 0.0 
2457848.5 22.2559839746 0.0 20.8606107186 0.0 
2457853.5 22.1896862017 0.0 20.7422046456 0.0 
2457858.5 22.3437264806 0.0 20.8896327655 0.0 
2457863.5 22.3121695591 0.0 20.8571214843 0.0 
2457868.5 23.5095445657 0.0 22.1502621597 0.0 
2457873.5 22.3899399411 0.0 20.9387022803 0.0 
2457878.5 21.8993896585 0.0 20.3525573905 0.0 
2457883.5 22.1324502384 0.0 20.6166830687 0.0 
2457888.5 21.9170679002 0.0 20.4310744575 0.0 
2457893.5 22.3367557837 0.0 20.9273015775 0.0 
2457898.5 21.7750237212 0.0 20.2474826133 0.0 
2457903.5 21.8586981155 0.0 20.3535087425 0.0 
2457908.5 22.3626844606 0.0 20.9545261013 0.0 
2457913.5 21.5639256336 0.0 20.0548508378 0.0 
2457918.5 22.1343185759 0.0 20.5688099252 0.0 
2457923.5 23.4261200105 0.0 21.9668107337 0.0 
2457928.5 23.269286036 0.0 21.7508357742 0.0 
2457933.5 23.241575065 0.0 21.7138587722 0.0 
2457938.5 24.171673229 0.0 22.7534269764 0.0 
2457943.5 24.3240937766 0.0 22.9506243945 0.0 
2457948.5 22.7131323529 0.0 21.200328663 0.0 
2457953.5 22.4222386155 0.0 21.0288898862 0.0 
2457958.5 22.8408573031 0.0 21.4838092277 0.0 
2457963.5 22.1601340261 0.0 20.7479777399 0.0 
2457968.5 21.6833744977 0.0 20.2556331171 0.0 
2457973.5 22.1730755644 0.0 20.7865260163 0.0 
2457978.5 21.644381629 0.0 20.1783490143 0.0 
2457983.5 21.4537566434 0.0 19.9388884572 0.0 
2457988.5 21.3116280971 0.0 19.8851940978 0.0 
2457993.5 21.0836897331 0.0 19.5797105967 0.0 
2457998.5 21.2116038115 0.0 19.7131932193 0.0 
2458003.5 21.2779730193 0.0 19.7737632101 0.0 
2458008.5 21.2684279401 0.0 19.8068510232 0.0 
2458013.5 20.7868708759 0.0 19.3235905368 0.0 
2458018.5 21.390725678 0.0 20.0167103852 0.0 
2458023.5 19.8742323863 0.0 18.340950015 0.0 
2458028.5 21.2746390372 0.0 19.8975522027 0.0 
2458033.5 20.8517915027 0.0 19.4368179238 0.0 
2458038.5 19.9429077438 0.0 18.3854278461 0.0 
2458043.5 20.6191431352 0.0 19.1739620152 0.0 
2458048.5 20.3892510762 0.0 18.9171037193 0.0 
2458053.5 20.6351618418 0.0 19.2098989641 0.0 
2458058.5 20.3029382016 0.0 18.7754281653 0.0 
2458063.5 21.091415656 0.0 19.6641069273 0.0 
2458068.5 21.1961836221 0.0 19.7838147877 0.0 
2458073.5 21.1947541108 0.0 19.7909532429 0.0 
2458078.5 20.4687871708 0.0 18.9553160437 0.0 
2458083.5 20.0426710445 0.0 18.5207502938 0.0 
2458088.5 20.7146311604 0.0 19.2968823719 0.0 
2458093.5 19.8279552187 0.0 18.2798002326 0.0 
2458098.5 21.2644541461 0.0 19.9076137647 0.0 
2458103.5 21.3209277701 0.0 19.9532705931 0.0 
2458108.5 21.4172787371 0.0 20.0699538031 0.0 
2458113.5 20.5174892177 0.0 19.0808727997 0.0 
2458118.5 20.8731212483 0.0 19.431259555 0.0 
2458123.5 21.1859097951 0.0 19.7436070395 0.0 
2458128.5 20.4641192666 0.0 18.9204885237 0.0 
2458133.5 20.7414770484 0.0 19.2583567652 0.0 
2458138.5 20.5945490572 0.0 19.1443613869 0.0 
2458143.5 21.1454355666 0.0 19.7296220888 0.0 
2458148.5 21.1835674112 0.0 19.6781733011 0.0 
2458153.5 21.9821229976 0.0 20.6221925207 0.0 
2458158.5 21.5428910562 0.0 20.1370704641 0.0 
2458163.5 21.1248371862 0.0 19.6866628759 0.0 
2458168.5 21.4292656596 0.0 20.0040584575 0.0 
2458173.5 21.3687123241 0.0 19.9640966893 0.0 
2458178.5 20.2655958722 0.0 18.7281499632 0.0 
2458183.5 21.152757947 0.0 19.719106777 0.0 
2458188.5 21.7493191002 0.0 20.3818102683 0.0 
2458193.5 20.8136634787 0.0 19.3054476894 0.0 
2458198.5 20.4115438454 0.0 18.8623131334 0.0 
2458203.5 22.1489569623 0.0 20.794002982 0.0 
2458208.5 21.0354692268 0.0 19.5537489998 0.0 
2458213.5 20.943239711 0.0 19.4355570283 0.0 
2458218.5 22.1562230725 0.0 20.8020284867 0.0 
2458223.5 21.6418710271 0.0 20.2946584243 0.0 
2458228.5 20.1284637155 0.0 18.5753712802 0.0 
2458233.5 20.8534971018 0.0 19.404145689 0.0 
2458238.5 20.1473126719 0.0 18.5737602781 0.0 
2458243.5 20.4213889551 0.0 18.9404305842 0.0 
2458248.5 20.5687056119 0.0 19.0909484298 0.0 
2458253.5 21.8048019113 0.0 20.3992668371 0.0 
2458258.5 21.5075290423 0.0 20.117816531 0.0 
2458263.5 20.2371231065 0.0 18.7130842354 0.0 
2458268.5 20.5736505093 0.0 19.1244841705 0.0 
2458273.5 19.8715301431 0.0 18.3194968883 0.0 
2458278.5 20.4264356395 0.0 18.9313366621 0.0 
2458283.5 19.8535041465 0.0 18.3473826663 0.0 
2458288.5 20.1683153263 0.0 18.710388548 0.0 
2458293.5 21.078123248 0.0 19.7032166439 0.0 
2458298.5 20.772415464 0.0 19.3271531765 0.0 
2458303.5 20.1296168983 0.0 18.6292264205 0.0 
2458308.5 21.4143172503 0.0 20.0550368849 0.0 
2458313.5 21.5576492536 0.0 20.1701071901 0.0 
2458318.5 20.2570290068 0.0 18.7204609856 0.0 
2458323.5 20.653420552 0.0 19.1758947149 0.0 
2458328.5 21.100886571 0.0 19.6597720579 0.0 
2458333.5 20.8976394853 0.0 19.4242111326 0.0 
2458338.5 20.7088618105 0.0 19.2049194417 0.0 
2458343.5 22.80381199 0.0 21.4265601407 0.0 
2458348.5 21.8086151541 0.0 20.3080276994 0.0 
2458353.5 22.1355255632 0.0 20.6639594165 0.0 
2458358.5 22.197895841 0.0 20.6708059266 0.0 
2458363.5 22.2209516275 0.0 20.7758822399 0.0 
2458368.5 22.3744451426 0.0 20.9297690387 0.0 
2458373.5 22.7870354327 0.0 21.4155086335 0.0 
2458378.5 22.8435158878 0.0 21.4668906127 0.0 
2458383.5 21.5232516027 0.0 19.9950765091 0.0 
2458388.5 21.8768481387 0.0 20.3969998653 0.0 
2458393.5 21.9999508091 0.0 20.5398418314 0.0 
2458398.5 21.416329894 0.0 19.8269993573 0.0 
2458403.5 22.6879790268 0.0 21.2494009204 0.0 
2458408.5 23.0991307954 0.0 21.6943199318 0.0 
2458413.5 22.5672704627 0.0 21.1569557099 0.0 
2458418.5 21.883815715 0.0 20.36425494 0.0 
2458423.5 22.3120371451 0.0 20.8732120016 0.0 
2458428.5 22.4162355471 0.0 20.9284729415 0.0 
2458433.5 24.1807839445 0.0 22.7602658496 0.0 
2458438.5 24.6100567823 0.0 23.2371548578 0.0 
2458443.5 24.9896900964 0.0 23.6384779039 0.0 
2458448.5 24.5885914805 0.0 23.212020103 0.0 
2458453.5 24.1804873557 0.0 22.7179814968 0.0 
2458458.5 24.1399683986 0.0 22.6258833687 0.0 
2458463.5 25.0160249098 0.0 23.5902233543 0.0 
2458468.5 23.4982095961 0.0 22.0658057378 0.0 
2458473.5 23.1597295538 0.0 21.597432218 0.0 
2458478.5 23.4997242301 0.0 22.046309294 0.0 
2458483.5 23.2739469141 0.0 21.7987822848 0.0 
2458488.5 24.1022605161 0.0 22.6711726451 0.0 
2458493.5 23.5653637429 0.0 22.0259668562 0.0 
2458498.5 24.6859154718 0.0 23.2843914015 0.0 
2458503.5 25.3918826949 0.0 23.9663239248 0.0 
2458508.5 25.6729553164 0.0 24.2687395781 0.0 
2458513.5 25.0855001559 0.0 23.6713550795 0.0 
2458518.5 24.3256941606 0.0 22.802933322 0.0 
2458523.5 24.8605138543 0.0 23.4123829503 0.0 
2458528.5 27.0167918653 0.0 25.581307558 0.0 
2458533.5 26.5377058795 0.0 25.1388867216 0.0 
2458538.5 26.8740945654 0.0 25.3682929491 0.0 
2458543.5 27.719907292 0.0 26.2033493517 0.0 
2458548.5 30.391013392 0.0 29.0190196578 0.0 
2458553.5 31.0140854832 0.0 29.6070957544 0.0 
2458558.5 30.6283492549 0.0 29.0800698248 0.0 
2458563.5 29.0303984555 0.0 27.5829382387 0.0 
2458568.5 30.5046409333 0.0 29.027422971 0.0 
2458573.5 34.4642643079 0.0 33.1113442285 0.0 
2458578.5 nan 0.0 nan 0.0 
2458583.5 nan 0.0 nan 0.0 
2458588.5 nan 0.0 nan 0.0 
2458593.5 nan 0.0 nan 0.0 
2458598.5 nan 0.0 nan 0.0 
2458603.5 nan 0.0 nan 0.0 
2458608.5 nan 0.0 nan 0.0 
2458613.5 nan 0.0 nan 0.0 
2458618.5 nan 0.0 nan 0.0 
2458623.5 nan 0.0 nan 0.0 
2458628.5 nan 0.0 nan 0.0 
2458633.5 nan 0.0 nan 0.0 
2458638.5 nan 0.0 nan 0.0 
2458643.5 nan 0.0 nan 0.0 
2458648.5 nan 0.0 nan 0.0 
2458653.5 nan 0.0 nan 0.0 
2458658.5 nan 0.0 nan 0.0 
2458663.5 nan 0.0 nan 0.0 
2458668.5 nan 0.0 nan 0.0 
2458673.5 nan 0.0 nan 0.0 
2458678.5 nan 0.0 nan 0.0 
2458683.5 nan 0.0 nan 0.0 
2458688.5 nan 0.0 nan 0.0 
2458693.5 nan 0.0 nan 0.0 
2458698.5 nan 0.0 nan 0.0 
2458703.5 nan 0.0 nan 0.0 
2458708.5 nan 0.0 nan 0.0 
2458713.5 nan 0.0 nan 0.0 
2458718.5 nan 0.0 nan 0.0 
2458723.5 nan 0.0 nan 0.0 
2458728.5 nan 0.0 nan 0.0 
2458733.5 nan 0.0 nan 0.0 
2458738.5 nan 0.0 nan 0.0 
2458743.5 nan 0.0 nan 0.0 
2458748.5 nan 0.0 nan 0.0 
2458753.5 nan 0.0 nan 0.0 
2458758.5 nan 0.0 nan 0.0 
2458763.5 nan 0.0 nan 0.0 
2458768.5 nan 0.0 nan 0.0 
2458773.5 nan 0.0 nan 0.0 
2458778.5 nan 0.0 nan 0.0 
2458783.5 nan 0.0 nan 0.0 
2458788.5 nan 0.0 nan 0.0 
2458793.5 nan 0.0 nan 0.0 
2458798.5 nan 0.0 nan 0.0 
2458803.5 nan 0.0 nan 0.0 
2458808.5 nan 0.0 nan 0.0 
2458813.5 nan 0.0 nan 0.0 
2458818.5 nan 0.0 nan 0.0 
2458823.5 nan 0.0 nan 0.0 
2458828.5 nan 0.0 nan 0.0 
2458833.5 nan 0.0 nan 0.0 
2458838.5 nan 0.0 nan 0.0 
2458843.5 nan 0.0 nan 0.0 
2458848.5 nan 0.0 nan 0.0 
2458853.5 nan 0.0 nan 0.0 
2458858.5 nan 0.0 nan 0.0 
2458863.5 nan 0.0 nan 0.0 
2458868.5 nan 0.0 nan 0.0 
2458873.5 nan 0.0 nan 0.0 
2458878.5 nan 0.0 nan 0.0 
2458883.5 nan 0.0 nan 0.0 
2458888.5 nan 0.0 nan 0.0 
2458893.5 nan 0.0 nan 0.0 
2458898.5 nan 0.0 nan 0.0 
2458903.5 nan 0.0 nan 0.0 
2458908.5 nan 0.0 nan 0.0 
2458913.5 nan 0.0 nan 0.0 
2458918.5 nan 0.0 nan 0.0 
2458923.5 nan 0.0 nan 0.0 
2458928.5 nan 0.0 nan 0.0 
2458933.5 nan 0.0 nan 0.0 
2458938.5 nan 0.0 nan 0.0 
2458943.5 nan 0.0 nan 0.0 
2458948.5 nan 0.0 nan 0.0 
2458953.5 nan 0.0 nan 0.0 
2458958.5 nan 0.0 nan 0.0 
2458963.5 nan 0.0 nan 0.0 
2458968.5 nan 0.0 nan 0.0 
2458973.5 nan 0.0 nan 0.0 
2458978.5 nan 0.0 nan 0.0 
2458983.5 nan 0.0 nan 0.0 
2458988.5 nan 0.0 nan 0.0 
2458993.5 nan 0.0 nan 0.0 
2458998.5 nan 0.0 nan 0.0 
2459003.5 nan 0.0 nan 0.0 
2459008.5 nan 0.0 nan 0.0 
2459013.5 nan 0.0 nan 0.0 
2459018.5 nan 0.0 nan 0.0 
2459023.5 nan 0.0 nan 0.0 
2459028.5 nan 0.0 nan 0.0 
2459033.5 nan 0.0 nan 0.0 
2459038.5 nan 0.0 nan 0.0 
2459043.5 nan 0.0 nan 0.0 
2459048.5 nan 0.0 nan 0.0 
2459053.5 nan 0.0 nan 0.0 
2459058.5 nan 0.0 nan 0.0 
2459063.5 nan 0.0 nan 0.0 
2459068.5 nan 0.0 nan 0.0 
2459073.5 nan 0.0 nan 0.0 
2459078.5 nan 0.0 nan 0.0 
2459083.5 nan 0.0 nan 0.0 
