2457258.5 17.2692258509 0.0 15.827839693 0.0 
2457263.5 17.5733745701 0.0 16.1622206149 0.0 
2457268.5 17.9362157952 0.0 16.5732062167 0.0 
2457273.5 17.5067388627 0.0 16.0964602635 0.0 
2457278.5 17.5849945683 0.0 16.1749425052 0.0 
2457283.5 16.5861401179 0.0 15.0312593324 0.0 
2457288.5 16.8204435945 0.0 15.2952249982 0.0 
2457293.5 17.8665750132 0.0 16.4775821532 0.0 
2457298.5 18.0608426531 0.0 16.6981671948 0.0 
2457303.5 17.2864791876 0.0 15.8278499333 0.0 
2457308.5 17.5821105896 0.0 16.1689734296 0.0 
2457313.5 17.2656816627 0.0 15.8111642994 0.0 
2457318.5 16.576609173 0.0 15.0191224112 0.0 
2457323.5 17.6979105551 0.0 16.3046956768 0.0 
2457328.5 17.8911881932 0.0 16.5091515497 0.0 
2457333.5 16.6721193562 0.0 15.149679536 0.0 
2457338.5 16.7976581993 0.0 15.2870973804 0.0 
2457343.5 17.872368522 0.0 16.494291506 0.0 
2457348.5 16.5194675459 0.0 14.9562000563 0.0 
2457353.5 17.5104453569 0.0 16.0946248519 0.0 
2457358.5 17.2227306505 0.0 15.7755368602 0.0 
2457363.5 18.053314711 0.0 16.7082618932 0.0 
2457368.5 17.8391053391 0.0 16.4645787758 0.0 
2457373.5 17.6153104747 0.0 16.2301664566 0.0 
2457378.5 17.0652388845 0.0 15.628703149 0.0 
2457383.5 16.8907812112 0.0 15.4239163438 0.0 
2457388.5 16.7528209343 0.0 15.2487932334 0.0 
2457393.5 17.2113331964 0.0 15.7865585033 0.0 
2457398.5 16.4956381554 0.0 14.9678595042 0.0 
2457403.5 16.7244571685 0.0 15.2171835151 0.0 
2457408.5 16.9900102011 0.0 15.5104062771 0.0 
2457413.5 16.6212730908 0.0 15.0921019915 0.0 
2457418.5 16.9488759161 0.0 15.4819320193 0.0 
2457423.5 17.2235316159 0.0 15.7896656091 0.0 
2457428.5 17.267966006 0.0 15.8344088993 0.0 
2457433.5 16.9792278896 0.0 15.4936494055 0.0 
2457438.5 16.785436928 0.0 15.2501759767 0.0 
2457443.5 16.9554258427 0.0 15.4442180043 0.0 
2457448.5 18.4149737992 0.0 17.0838514473 0.0 
2457453.5 16.5969476841 0.0 15.05281269 0.0 
2457458.5 17.2194689559 0.0 15.7549795154 0.0 
2457463.5 17.1462705256 0.0 15.6614345365 0.0 
2457468.5 17.4238549073 0.0 15.979828215 0.0 
2457473.5 17.1043403504 0.0 15.6288513656 0.0 
2457478.5 17.0145816932 0.0 15.5582061895 0.0 
2457483.5 16.646247502 0.0 15.1380196382 0.0 
2457488.5 17.7692046222 0.0 16.4064826153 0.0 
2457493.5 17.6014330278 0.0 16.2168764043 0.0 
2457498.5 17.4016074932 0.0 15.9844919917 0.0 
2457503.5 17.0011591754 0.0 15.5430087394 0.0 
2457508.5 16.5054131927 0.0 14.97122508 0.0 
2457513.5 16.4991187759 0.0 14.9740317108 0.0 
2457518.5 17.8001216298 0.0 16.4390791413 0.0 
2457523.5 18.0541762708 0.0 16.7142414901 0.0 
2457528.5 16.5486628714 0.0 15.0258735301 0.0 
2457533.5 16.8829327857 0.0 15.4159584741 0.0 
2457538.5 16.7848462053 0.0 15.3202930371 0.0 
2457543.5 16.8959389562 0.0 15.4363684923 0.0 
2457548.5 17.4483324887 0.0 16.0494227048 0.0 
2457553.5 17.2169036112 0.0 15.7972912361 0.0 
2457558.5 16.9009105733 0.0 15.4362041126 0.0 
2457563.5 17.0651661391 0.0 15.6146069515 0.0 
2457568.5 17.7867405933 0.0 16.4055883269 0.0 
2457573.5 17.9368905183 0.0 16.5662805065 0.0 
2457578.5 17.0280386541 0.0 15.5429962073 0.0 
2457583.5 18.3277570755 0.0 16.9753448916 0.0 
2457588.5 17.692430624 0.0 16.2765773966 0.0 
2457593.5 16.9483296909 0.0 15.4414006699 0.0 
2457598.5 16.9630850354 0.0 15.4789375987 0.0 
2457603.5 17.9888385293 0.0 16.6358002911 0.0 
2457608.5 16.7336243553 0.0 15.2376340787 0.0 
2457613.5 17.7848272857 0.0 16.4047304075 0.0 
2457618.5 16.7930958883 0.0 15.3089180055 0.0 
2457623.5 16.4370349353 0.0 14.9116278104 0.0 
2457628.5 17.2077412963 0.0 15.7981195003 0.0 
2457633.5 16.2704136572 0.0 14.7189936208 0.0 
2457638.5 16.1594210281 0.0 14.5906560844 0.0 
2457643.5 16.4000314201 0.0 14.8500809698 0.0 
2457648.5 16.6534962504 0.0 15.1555334748 0.0 
2457653.5 17.2253764188 0.0 15.8029324752 0.0 
2457658.5 16.3352901639 0.0 14.7651454338 0.0 
2457663.5 16.2807710709 0.0 14.7073374008 0.0 
2457668.5 17.9532320528 0.0 16.5923146573 0.0 
2457673.5 16.959809675 0.0 15.5039713101 0.0 
2457678.5 17.2987440374 0.0 15.8958141115 0.0 
2457683.5 16.2958080773 0.0 14.7613242795 0.0 
2457688.5 16.5238373167 0.0 15.0167144648 0.0 
2457693.5 16.708978463 0.0 15.2362263118 0.0 
2457698.5 17.4798575898 0.0 16.0983250573 0.0 
2457703.5 16.5742845791 0.0 15.0885334525 0.0 
2457708.5 17.0748674304 0.0 15.6505740453 0.0 
2457713.5 16.0780318136 0.0 14.5179411244 0.0 
2457718.5 16.9179974624 0.0 15.4787199052 0.0 
2457723.5 16.1537890561 0.0 14.5916715979 0.0 
2457728.5 16.3802371241 0.0 14.8737683353 0.0 
2457733.5 16.5472637647 0.0 15.0671656971 0.0 
2457738.5 16.6831529242 0.0 15.2232920099 0.0 
2457743.5 16.5024035023 0.0 15.0479343742 0.0 
2457748.5 16.9537872789 0.0 15.5524933854 0.0 
2457753.5 16.3446764973 0.0 14.8703318369 0.0 
2457758.5 16.775840362 0.0 15.3545406917 0.0 
2457763.5 16.170989805 0.0 14.6857203694 0.0 
2457768.5 16.8108597027 0.0 15.4063576734 0.0 
2457773.5 16.4858701262 0.0 15.0313375567 0.0 
2457778.5 16.4782449861 0.0 15.0076595716 0.0 
2457783.5 16.2065598835 0.0 14.7077686704 0.0 
2457788.5 17.2021119394 0.0 15.8326862451 0.0 
2457793.5 16.3897919385 0.0 14.9335493853 0.0 
2457798.5 15.7426402761 0.0 14.1937772652 0.0 
2457803.5 16.1024127785 0.0 14.6216443365 0.0 
2457808.5 16.7538099625 0.0 15.3541590872 0.0 
2457813.5 16.6465190521 0.0 15.2289530067 0.0 
2457818.5 17.3269428841 0.0 15.9686419168 0.0 
2457823.5 16.2587441611 0.0 14.7672227166 0.0 
2457828.5 17.597527249 0.0 16.2509984314 0.0 
2457833.5 16.6767219619 0.0 15.2467575059 0.0 
2457838.5 16.6707213275 0.0 15.2343685163 0.0 
2457843.5 17.3544798418 0.0 15.9907926161 0.0 
2457848.5 16.4570717001 0.0 15.0014009603 0.0 
2457853.5 16.1407683707 0.0 14.6266373235 0.0 
2457858.5 16.433732826 0.0 14.9624519276 0.0 
2457863.5 16.6794665052 0.0 15.254157102 0.0 
2457868.5 15.9234162986 0.0 14.3969322077 0.0 
2457873.5 16.7418402572 0.0 15.3452053043 0.0 
2457878.5 15.6726702201 0.0 14.1372756782 0.0 
2457883.5 16.176818824 0.0 14.7093783205 0.0 
2457888.5 16.0734830121 0.0 14.5809624134 0.0 
2457893.5 16.4923493373 0.0 15.0423515119 0.0 
2457898.5 17.0495418954 0.0 15.669551966 0.0 
2457903.5 17.0995462305 0.0 15.7082256247 0.0 
2457908.5 16.5505310049 0.0 15.0962357152 0.0 
2457913.5 16.1483618471 0.0 14.6261370672 0.0 
2457918.5 17.4228199202 0.0 16.0538203076 0.0 
2457923.5 15.9222181324 0.0 14.3687393944 0.0 
2457928.5 17.2162487993 0.0 15.8309532492 0.0 
2457933.5 15.8935110494 0.0 14.3782606172 0.0 
2457938.5 16.7539967345 0.0 15.3467559874 0.0 
2457943.5 15.8184691734 0.0 14.2941653828 0.0 
2457948.5 16.3131801637 0.0 14.8731334869 0.0 
2457953.5 16.2259649173 0.0 14.7672306026 0.0 
2457958.5 15.8479323187 0.0 14.3413886047 0.0 
2457963.5 15.5575331944 0.0 14.0048573033 0.0 
2457968.5 15.617497678 0.0 14.1126665221 0.0 
2457973.5 16.7313208793 0.0 15.3675891501 0.0 
2457978.5 16.0562242571 0.0 14.624285048 0.0 
2457983.5 16.4443311793 0.0 15.0588987568 0.0 
2457988.5 15.6810874892 0.0 14.1997485788 0.0 
2457993.5 15.5449488385 0.0 14.038016051 0.0 
2457998.5 15.3949114569 0.0 13.8476595971 0.0 
2458003.5 15.5996299447 0.0 14.0919923455 0.0 
2458008.5 15.4648355497 0.0 13.9030620605 0.0 
2458013.5 16.4552953034 0.0 15.0442598286 0.0 
2458018.5 16.2060411155 0.0 14.7609269604 0.0 
2458023.5 17.1396928318 0.0 15.7950448188 0.0 
2458028.5 15.5093503095 0.0 13.9520828444 0.0 
2458033.5 16.7890325906 0.0 15.4184690884 0.0 
2458038.5 15.4318332559 0.0 13.8932006485 0.0 
2458043.5 15.3014231586 0.0 13.753698453 0.0 
2458048.5 15.1950322479 0.0 13.6267465006 0.0 
2458053.5 15.4840765159 0.0 13.9820221648 0.0 
2458058.5 16.4806022718 0.0 15.0919585235 0.0 
2458063.5 16.1737758913 0.0 14.7509425387 0.0 
2458068.5 15.7647320357 0.0 14.2943184157 0.0 
2458073.5 16.2942337805 0.0 14.8906121826 0.0 
2458078.5 15.4905691432 0.0 13.9727196528 0.0 
2458083.5 16.7671368935 0.0 15.4080215112 0.0 
2458088.5 16.1705901874 0.0 14.737517973 0.0 
2458093.5 15.7339197199 0.0 14.2459282699 0.0 
2458098.5 16.9040384489 0.0 15.5393615689 0.0 
2458103.5 16.0393119063 0.0 14.577431235 0.0 
2458108.5 16.2175090002 0.0 14.7578874058 0.0 
2458113.5 16.4677974254 0.0 15.0496225971 0.0 
2458118.5 15.9940414494 0.0 14.5046884688 0.0 
2458123.5 17.0679616084 0.0 15.7054248805 0.0 
2458128.5 16.9715110981 0.0 15.5933913532 0.0 
2458133.5 15.7764945217 0.0 14.2601689667 0.0 
2458138.5 16.069611031 0.0 14.6174563274 0.0 
2458143.5 15.6922307835 0.0 14.1935101662 0.0 
2458148.5 16.7985085515 0.0 15.4307013109 0.0 
2458153.5 15.6049160912 0.0 14.0778720151 0.0 
2458158.5 15.6150459243 0.0 14.1034346999 0.0 
2458163.5 15.7790817202 0.0 14.305593157 0.0 
2458168.5 15.4799946233 0.0 13.9863519217 0.0 
2458173.5 15.6061556031 0.0 14.1348861654 0.0 
2458178.5 15.4370327555 0.0 13.9272960182 0.0 
2458183.5 15.7992138045 0.0 14.3388970187 0.0 
2458188.5 16.4381461761 0.0 15.0515171069 0.0 
2458193.5 16.6424381295 0.0 15.2791317998 0.0 
2458198.5 15.7722765895 0.0 14.3129606933 0.0 
2458203.5 15.7648802707 0.0 14.3060462931 0.0 
2458208.5 16.0488075009 0.0 14.6247736927 0.0 
2458213.5 15.6862103695 0.0 14.2084153293 0.0 
2458218.5 15.7893802858 0.0 14.3096948789 0.0 
2458223.5 16.4167922013 0.0 15.000495969 0.0 
2458228.5 15.7080084352 0.0 14.2020031486 0.0 
2458233.5 15.9948274929 0.0 14.5376620205 0.0 
2458238.5 15.6292201541 0.0 14.1179630588 0.0 
2458243.5 15.6867710362 0.0 14.1946885829 0.0 
2458248.5 16.2900961813 0.0 14.8711424529 0.0 
2458253.5 15.9595516588 0.0 14.5043231928 0.0 
2458258.5 15.8226926606 0.0 14.3465049638 0.0 
2458263.5 16.1919287114 0.0 14.765557423 0.0 
2458268.5 15.7219388451 0.0 14.2495072769 0.0 
2458273.5 15.7634510314 0.0 14.2938299195 0.0 
2458278.5 15.9430911509 0.0 14.5068640955 0.0 
2458283.5 16.5300744544 0.0 15.1548820051 0.0 
2458288.5 16.4058910974 0.0 15.0175284739 0.0 
2458293.5 15.2361384544 0.0 13.690550293 0.0 
2458298.5 15.9120335608 0.0 14.4563283054 0.0 
2458303.5 16.9758727216 0.0 15.6313378305 0.0 
2458308.5 16.3698094336 0.0 14.9656040375 0.0 
2458313.5 15.8362607041 0.0 14.3802441241 0.0 
2458318.5 16.5731599789 0.0 15.2020651487 0.0 
2458323.5 15.6001147935 0.0 14.0919198973 0.0 
2458328.5 15.7519866796 0.0 14.268661519 0.0 
2458333.5 15.3930813657 0.0 13.845193226 0.0 
2458338.5 16.0224027933 0.0 14.5671239606 0.0 
2458343.5 15.8101375687 0.0 14.3216740723 0.0 
2458348.5 15.7787377683 0.0 14.2714663086 0.0 
2458353.5 16.9579331467 0.0 15.5913369837 0.0 
2458358.5 16.5649709504 0.0 15.177156343 0.0 
2458363.5 15.3696167601 0.0 13.8153271825 0.0 
2458368.5 16.0464964693 0.0 14.5917178141 0.0 
2458373.5 16.5677195325 0.0 15.1614526578 0.0 
2458378.5 15.8565286873 0.0 14.3479660303 0.0 
2458383.5 15.7637533149 0.0 14.2391415791 0.0 
2458388.5 17.2053805949 0.0 15.840273693 0.0 
2458393.5 16.7907973245 0.0 15.3778352401 0.0 
2458398.5 16.2678288489 0.0 14.7943132889 0.0 
2458403.5 15.9717904987 0.0 14.429481118 0.0 
2458408.5 16.1539153816 0.0 14.6495959985 0.0 
2458413.5 15.6945615794 0.0 14.1245942143 0.0 
2458418.5 16.533360276 0.0 15.1013463687 0.0 
2458423.5 17.3269067798 0.0 15.9612485187 0.0 
2458428.5 16.4810655935 0.0 15.0225866697 0.0 
2458433.5 16.1032771629 0.0 14.5727981736 0.0 
2458438.5 16.3434270982 0.0 14.8724690813 0.0 
2458443.5 16.136481374 0.0 14.6486034139 0.0 
2458448.5 15.9106152739 0.0 14.3882825734 0.0 
2458453.5 15.8967014932 0.0 14.3521296798 0.0 
2458458.5 16.2149911309 0.0 14.7181842696 0.0 
2458463.5 17.0685955591 0.0 15.6773840102 0.0 
2458468.5 17.2593243486 0.0 15.8841340699 0.0 
2458473.5 17.0701933848 0.0 15.6842028048 0.0 
2458478.5 16.1688692361 0.0 14.6578079459 0.0 
2458483.5 16.4046999214 0.0 14.931106175 0.0 
2458488.5 16.2717498808 0.0 14.7791352064 0.0 
2458493.5 17.3964353795 0.0 16.0197397257 0.0 
2458498.5 16.7867161484 0.0 15.3442881815 0.0 
2458503.5 16.6729893504 0.0 15.2226581788 0.0 
2458508.5 17.0457453808 0.0 15.6255299737 0.0 
2458513.5 16.4356811918 0.0 14.9325918487 0.0 
2458518.5 17.4460273011 0.0 16.070131948 0.0 
2458523.5 16.1621762814 0.0 14.6469228841 0.0 
2458528.5 16.6300692601 0.0 15.1783756297 0.0 
2458533.5 16.3162245488 0.0 14.806166918 0.0 
2458538.5 16.9503486951 0.0 15.5338932658 0.0 
2458543.5 16.9171129631 0.0 15.4995869968 0.0 
2458548.5 16.6365048937 0.0 15.1816667561 0.0 
2458553.5 15.8383992913 0.0 14.2913387229 0.0 
2458558.5 16.748461841 0.0 15.3297745055 0.0 
2458563.5 16.6078653451 0.0 15.1732612289 0.0 
2458568.5 16.0577657093 0.0 14.5584205901 0.0 
2458573.5 16.0299314386 0.0 14.5351209765 0.0 
2458578.5 16.0393172791 0.0 14.5434149325 0.0 
2458583.5 16.4269835831 0.0 14.9660248708 0.0 
2458588.5 16.791991812 0.0 15.3578175325 0.0 
2458593.5 16.0300547986 0.0 14.4941041595 0.0 
2458598.5 17.3129744351 0.0 15.9482519225 0.0 
2458603.5 16.6724481189 0.0 15.2386210356 0.0 
2458608.5 16.3568311286 0.0 14.8790149481 0.0 
2458613.5 16.4977967061 0.0 15.0481551044 0.0 
2458618.5 16.487930242 0.0 15.0429910101 0.0 
2458623.5 16.0484344394 0.0 14.5258384647 0.0 
2458628.5 16.0581802599 0.0 14.5352653315 0.0 
2458633.5 16.0599671405 0.0 14.5436402642 0.0 
2458638.5 16.1459947969 0.0 14.6425559549 0.0 
2458643.5 15.9341916905 0.0 14.4071690724 0.0 
2458648.5 16.4739389347 0.0 15.0125706177 0.0 
2458653.5 15.9358791669 0.0 14.3743087124 0.0 
2458658.5 16.8174059113 0.0 15.4005718251 0.0 
2458663.5 15.7525359034 0.0 14.1967994898 0.0 
2458668.5 15.8696731514 0.0 14.3253237345 0.0 
2458673.5 16.872668606 0.0 15.472930116 0.0 
2458678.5 15.988493224 0.0 14.4940244452 0.0 
2458683.5 17.2701145872 0.0 15.9229487625 0.0 
2458688.5 16.644943623 0.0 15.2346152392 0.0 
2458693.5 16.4772307829 0.0 15.0568676479 0.0 
2458698.5 16.1225305869 0.0 14.662859804 0.0 
2458703.5 16.1655260189 0.0 14.7166125349 0.0 
2458708.5 15.741839496 0.0 14.2300673203 0.0 
2458713.5 16.2829695538 0.0 14.8440198591 0.0 
2458718.5 16.5134610974 0.0 15.0862551586 0.0 
2458723.5 16.8144534999 0.0 15.4119732987 0.0 
2458728.5 16.6176388239 0.0 15.1640915126 0.0 
2458733.5 16.5638078176 0.0 15.0918644641 0.0 
2458738.5 16.7156614093 0.0 15.247584077 0.0 
2458743.5 17.0166492499 0.0 15.5837511284 0.0 
2458748.5 16.8015861878 0.0 15.3544663465 0.0 
2458753.5 16.9635353928 0.0 15.5012895311 0.0 
2458758.5 17.0125319264 0.0 15.5536120662 0.0 
2458763.5 16.7970528359 0.0 15.3290370131 0.0 
2458768.5 17.6882377679 0.0 16.3226543429 0.0 
2458773.5 17.957157306 0.0 16.6127926386 0.0 
2458778.5 16.4580144241 0.0 14.9438837051 0.0 
2458783.5 16.7766341951 0.0 15.3245642777 0.0 
2458788.5 16.8896648384 0.0 15.4572929586 0.0 
2458793.5 16.5564315561 0.0 15.079307483 0.0 
2458798.5 17.2278985043 0.0 15.8164161967 0.0 
2458803.5 16.9958682269 0.0 15.5580155741 0.0 
2458808.5 16.8511813411 0.0 15.3978752296 0.0 
2458813.5 16.3582527119 0.0 14.8671203886 0.0 
2458818.5 17.0937906178 0.0 15.69752986 0.0 
2458823.5 16.0154777506 0.0 14.4802573189 0.0 
2458828.5 16.3562437054 0.0 14.8641234077 0.0 
2458833.5 16.0819028218 0.0 14.5489648346 0.0 
2458838.5 16.3958811468 0.0 14.9083998202 0.0 
2458843.5 16.1197153418 0.0 14.5627791597 0.0 
2458848.5 16.4362932449 0.0 14.9108404154 0.0 
2458853.5 17.2741414458 0.0 15.8545897781 0.0 
2458858.5 17.6531419519 0.0 16.2785107633 0.0 
2458863.5 16.5012271428 0.0 14.9732094033 0.0 
2458868.5 16.5146210031 0.0 14.9891804409 0.0 
2458873.5 16.5196387426 0.0 15.0220945809 0.0 
2458878.5 16.1793589874 0.0 14.6343139243 0.0 
2458883.5 16.1919153676 0.0 14.6439105707 0.0 
2458888.5 17.0602547504 0.0 15.6356583396 0.0 
2458893.5 16.9553022401 0.0 15.511339808 0.0 
2458898.5 16.4427583521 0.0 14.9212061771 0.0 
2458903.5 17.6541878766 0.0 16.275136128 0.0 
2458908.5 16.4025190262 0.0 14.8941756261 0.0 
2458913.5 16.66677537 0.0 15.2050385073 0.0 
2458918.5 16.8263688358 0.0 15.3752811292 0.0 
2458923.5 17.2120225242 0.0 15.8050915854 0.0 
2458928.5 16.238852069 0.0 14.7219193503 0.0 
2458933.5 16.8152783953 0.0 15.3653597844 0.0 
2458938.5 16.4887170551 0.0 14.9708159668 0.0 
2458943.5 16.571066544 0.0 15.0719521363 0.0 
2458948.5 16.3798551271 0.0 14.8518811966 0.0 
2458953.5 16.717937678 0.0 15.2437924587 0.0 
2458958.5 16.303836648 0.0 14.7744007324 0.0 
2458963.5 16.4657223523 0.0 14.9580118818 0.0 
2458968.5 17.5220354122 0.0 16.1447226773 0.0 
2458973.5 17.0254849402 0.0 15.5954663396 0.0 
2458978.5 16.2523188724 0.0 14.7040959264 0.0 
2458983.5 17.4249050662 0.0 16.0408518881 0.0 
2458988.5 17.3242799448 0.0 15.9287860297 0.0 
2458993.5 17.2918393355 0.0 15.8887356318 0.0 
2458998.5 16.7736870043 0.0 15.312387666 0.0 
2459003.5 17.206254177 0.0 15.8122663314 0.0 
2459008.5 16.1376986657 0.0 14.5864091327 0.0 
2459013.5 16.8297602275 0.0 15.3667132004 0.0 
2459018.5 17.5254451917 0.0 16.1408444406 0.0 
2459023.5 17.6807397053 0.0 16.3064016717 0.0 
2459028.5 17.4955435255 0.0 16.0973032154 0.0 
2459033.5 16.4059160679 0.0 14.8357921464 0.0 
2459038.5 17.3306690004 0.0 15.8946106131 0.0 
2459043.5 16.6550577219 0.0 15.1731328589 0.0 
2459048.5 16.5579815901 0.0 15.0607663618 0.0 
2459053.5 17.4898094807 0.0 16.1030498318 0.0 
2459058.5 16.8933967635 0.0 15.4378405808 0.0 
2459063.5 17.4915695016 0.0 16.1044598726 0.0 
2459068.5 16.1831725006 0.0 14.628373075 0.0 
2459073.5 16.382288349 0.0 14.8521047769 0.0 
2459078.5 16.4117777888 0.0 14.8906229811 0.0 
2459083.5 17.018180039 0.0 15.6038697905 0.0 
