  4.67587672E-02
  5.03672622E-02
  5.41103035E-02
  5.67010306E-02
  6.01427108E-02
  6.51731193E-02
  6.90355301E-02
  7.38866404E-02
  7.93172717E-02
  8.48303363E-02
  9.03674290E-02
  9.70297009E-02
  0.10361681    
  0.11121951    
  0.12000000    
  0.12827988    
  0.13746370    
  0.14700194    
  0.15748793    
  0.16746873    
  0.17771374    
  0.18199234    
  0.18678162    
  0.19043063    
  0.19542421    
  0.19809523    
  0.20171265    
  0.20285714    
  0.20476191    
  0.20515268    
  0.20666666    
  0.20722434    
  0.20817490    
  0.20853080    
  0.20833333    
  0.20923656    
  0.20923656    
  0.20884290    
  0.20864661    
  0.20825516    
  0.20767072    
  0.20689656    
  0.20652173    
  0.20452489    
  0.20253165    
  0.19945604    
  0.19710669    
  0.19331527    
  0.18953069    
  0.18304779    
  0.17473118    
  0.16756272    
  0.16025068    
  0.15370867    
  0.14642857    
  0.14044444    
  0.13410302    
  0.12831858    
  0.12378426    
  0.11209179    
  0.10272168    
  9.45709273E-02
  8.74890611E-02
