2457258.5 14.182709913 14.182709913
2457259.5 14.1369971127 14.1369971127
2457260.5 14.0864106148 14.0864106148
2457261.5 14.2027442518 14.2027442518
2457262.5 13.9729510888 13.9729510888
2457263.5 14.0096712645 14.0096712645
2457264.5 13.9393725947 13.9393725947
2457265.5 13.9659682194 13.9659682194
2457266.5 14.2101921576 14.2101921576
2457267.5 14.2062409713 14.2062409713
2457268.5 14.3022072168 14.3022072168
2457269.5 14.2466495293 14.2466495293
2457270.5 14.2560834462 14.2560834462
2457271.5 14.2849642117 14.2849642117
2457272.5 14.2296079554 14.2296079554
2457273.5 14.1574026489 14.1574026489
2457274.5 15.060224989 15.060224989
2457275.5 15.2034819264 15.2034819264
2457276.5 15.2382287142 15.2382287142
2457277.5 15.2073102838 15.2073102838
2457278.5 14.5165031755 14.5165031755
2457279.5 14.4929567026 14.4929567026
2457280.5 14.4514997946 14.4514997946
2457281.5 14.3264021135 14.3264021135
2457282.5 14.1000709289 14.1000709289
2457283.5 14.132978139 14.132978139
2457284.5 14.2050708398 14.2050708398
2457285.5 14.0855881015 14.0855881015
2457286.5 15.25267254 15.25267254
2457287.5 15.0996777111 15.0996777111
2457288.5 15.1427536003 15.1427536003
2457289.5 15.1268082877 15.1268082877
2457290.5 13.9735199816 13.9735199816
2457291.5 14.0432216039 14.0432216039
2457292.5 13.9380996305 13.9380996305
2457293.5 13.902163869 13.902163869
2457294.5 14.6711193396 14.6711193396
2457295.5 14.6117138149 14.6117138149
2457296.5 14.5220650686 14.5220650686
2457297.5 14.4188610681 14.4188610681
2457298.5 13.8704222741 13.8704222741
2457299.5 13.8811115398 13.8811115398
2457300.5 13.9176416785 13.9176416785
2457301.5 13.8508799676 13.8508799676
2457302.5 14.4344355972 14.4344355972
2457303.5 14.3990525214 14.3990525214
2457304.5 14.3242388508 14.3242388508
2457305.5 14.4005417089 14.4005417089
2457306.5 14.2799400771 14.2799400771
2457307.5 14.3769502798 14.3769502798
2457308.5 14.4394762819 14.4394762819
2457309.5 14.3036795838 14.3036795838
2457310.5 13.9969532875 13.9969532875
2457311.5 13.9842377089 13.9842377089
2457312.5 14.009847466 14.009847466
2457313.5 14.0786952078 14.0786952078
2457314.5 13.9650771634 13.9650771634
2457315.5 13.9469327971 13.9469327971
2457316.5 13.9102096032 13.9102096032
2457317.5 13.9326634648 13.9326634648
2457318.5 15.3109266145 15.3109266145
2457319.5 15.2910632972 15.2910632972
2457320.5 15.3706565032 15.3706565032
2457321.5 15.23722874 15.23722874
2457322.5 14.9712007615 14.9712007615
2457323.5 14.8316290292 14.8316290292
2457324.5 14.8979168261 14.8979168261
2457325.5 14.8948406409 14.8948406409
2457326.5 15.4593087344 15.4593087344
2457327.5 15.2638197962 15.2638197962
2457328.5 15.3327095814 15.3327095814
2457329.5 15.4472062387 15.4472062387
2457330.5 14.567605766 14.567605766
2457331.5 14.6125561984 14.6125561984
2457332.5 14.6886579292 14.6886579292
2457333.5 14.5642070836 14.5642070836
2457334.5 14.4453538057 14.4453538057
2457335.5 14.4904270514 14.4904270514
2457336.5 14.6045092942 14.6045092942
2457337.5 14.6666014863 14.6666014863
2457338.5 14.186801076 14.186801076
2457339.5 14.1648170634 14.1648170634
2457340.5 14.2558820899 14.2558820899
2457341.5 14.3498591139 14.3498591139
2457342.5 14.495293755 14.495293755
2457343.5 14.3441897368 14.3441897368
2457344.5 14.4639627428 14.4639627428
2457345.5 14.4279812216 14.4279812216
2457346.5 14.2045326893 14.2045326893
2457347.5 14.0910866204 14.0910866204
2457348.5 14.1332459014 14.1332459014
2457349.5 14.1968207336 14.1968207336
2457350.5 15.2463345799 15.2463345799
2457351.5 15.1133871125 15.1133871125
2457352.5 15.1434617672 15.1434617672
2457353.5 15.120481232 15.120481232
2457354.5 13.9742546274 13.9742546274
2457355.5 14.0450740827 14.0450740827
2457356.5 14.0512852314 14.0512852314
2457357.5 14.0412748458 14.0412748458
2457358.5 14.3891111027 14.3891111027
2457359.5 14.4916364153 14.4916364153
2457360.5 14.6149737966 14.6149737966
2457361.5 14.6401635191 14.6401635191
2457362.5 15.5471687818 15.5471687818
2457363.5 15.5718798262 15.5718798262
2457364.5 15.4887014322 15.4887014322
2457365.5 15.5737880821 15.5737880821
2457366.5 14.2857973649 14.2857973649
2457367.5 14.2434893018 14.2434893018
2457368.5 14.1400165876 14.1400165876
2457369.5 14.1516631188 14.1516631188
2457370.5 14.8994280075 14.8994280075
2457371.5 14.8667064204 14.8667064204
2457372.5 14.9581988723 14.9581988723
2457373.5 15.100944513 15.100944513
2457374.5 15.0145268361 15.0145268361
2457375.5 14.9742978225 14.9742978225
2457376.5 15.0866359731 15.0866359731
2457377.5 15.0033395351 15.0033395351
2457378.5 14.5350516363 14.5350516363
2457379.5 14.6316402308 14.6316402308
2457380.5 14.5771458235 14.5771458235
2457381.5 14.455852643 14.455852643
2457382.5 14.2904324002 14.2904324002
2457383.5 14.3703237201 14.3703237201
2457384.5 14.3239120242 14.3239120242
2457385.5 14.2991625527 14.2991625527
2457386.5 14.5740853128 14.5740853128
2457387.5 14.5886910865 14.5886910865
2457388.5 14.6010947992 14.6010947992
2457389.5 14.6338589394 14.6338589394
2457390.5 14.1497204453 14.1497204453
2457391.5 14.2643647561 14.2643647561
2457392.5 14.3826585162 14.3826585162
2457393.5 14.3263413971 14.3263413971
2457394.5 15.092212028 15.092212028
2457395.5 15.1820428826 15.1820428826
2457396.5 15.296033986 15.296033986
2457397.5 15.469190033 15.469190033
2457398.5 13.9162786721 13.9162786721
2457399.5 13.8409322314 13.8409322314
2457400.5 13.8510642237 13.8510642237
2457401.5 13.7573108019 13.7573108019
2457402.5 14.307032274 14.307032274
2457403.5 14.423610766 14.423610766
2457404.5 14.359219101 14.359219101
2457405.5 14.4378111344 14.4378111344
2457406.5 14.2610201313 14.2610201313
2457407.5 14.3175900524 14.3175900524
2457408.5 14.2388571605 14.2388571605
2457409.5 14.2965568601 14.2965568601
2457410.5 14.6818305244 14.6818305244
2457411.5 14.8279496589 14.8279496589
2457412.5 14.6580321681 14.6580321681
2457413.5 14.5848798728 14.5848798728
2457414.5 14.7341249248 14.7341249248
2457415.5 14.6219248277 14.6219248277
2457416.5 14.4615988574 14.4615988574
2457417.5 14.5961772236 14.5961772236
2457418.5 14.183066968 14.183066968
2457419.5 14.3168108513 14.3168108513
2457420.5 14.3819375058 14.3819375058
2457421.5 14.3662139959 14.3662139959
2457422.5 15.1315800387 15.1315800387
2457423.5 15.2913069187 15.2913069187
2457424.5 15.2717989282 15.2717989282
2457425.5 15.341390373 15.341390373
2457426.5 14.9272652982 14.9272652982
2457427.5 15.0797628696 15.0797628696
2457428.5 15.0479323316 15.0479323316
2457429.5 14.8867815675 14.8867815675
2457430.5 14.1707673599 14.1707673599
2457431.5 14.312868434 14.312868434
2457432.5 14.269040795 14.269040795
2457433.5 14.1739148325 14.1739148325
2457434.5 14.5317179246 14.5317179246
2457435.5 14.4043175461 14.4043175461
2457436.5 14.5059193421 14.5059193421
2457437.5 14.627878184 14.627878184
2457438.5 13.7755975899 13.7755975899
2457439.5 13.8436213215 13.8436213215
2457440.5 13.7547262726 13.7547262726
2457441.5 13.7863690179 13.7863690179
2457442.5 13.858298992 13.858298992
2457443.5 13.8175599327 13.8175599327
2457444.5 13.8234071617 13.8234071617
2457445.5 13.7432993798 13.7432993798
2457446.5 14.6272779881 14.6272779881
2457447.5 14.6678817029 14.6678817029
2457448.5 14.6108440127 14.6108440127
2457449.5 14.6229823024 14.6229823024
2457450.5 14.4830101676 14.4830101676
2457451.5 14.4047027554 14.4047027554
2457452.5 14.4210603569 14.4210603569
2457453.5 14.53537998 14.53537998
2457454.5 13.7784850329 13.7784850329
2457455.5 13.8494905757 13.8494905757
2457456.5 13.9459507022 13.9459507022
2457457.5 13.9243510616 13.9243510616
2457458.5 13.6999374458 13.6999374458
2457459.5 13.6832677439 13.6832677439
2457460.5 13.7531521953 13.7531521953
2457461.5 13.7215390732 13.7215390732
2457462.5 13.9059438135 13.9059438135
2457463.5 14.0189655542 14.0189655542
2457464.5 13.9988424023 13.9988424023
2457465.5 14.1061500177 14.1061500177
2457466.5 13.9948063054 13.9948063054
2457467.5 13.9455518642 13.9455518642
2457468.5 13.8192837157 13.8192837157
2457469.5 13.7989904743 13.7989904743
2457470.5 14.3600401906 14.3600401906
2457471.5 14.4613423238 14.4613423238
2457472.5 14.4310325907 14.4310325907
2457473.5 14.4464044144 14.4464044144
2457474.5 15.093663402 15.093663402
2457475.5 15.1004204889 15.1004204889
2457476.5 15.1687141224 15.1687141224
2457477.5 15.2631874616 15.2631874616
2457478.5 14.7370943269 14.7370943269
2457479.5 14.7018685271 14.7018685271
2457480.5 14.6725502404 14.6725502404
2457481.5 14.645096954 14.645096954
2457482.5 14.4098427347 14.4098427347
2457483.5 14.38471846 14.38471846
2457484.5 14.3617608329 14.3617608329
2457485.5 14.4747637717 14.4747637717
2457486.5 14.675009564 14.675009564
2457487.5 14.782059912 14.782059912
2457488.5 14.8363756424 14.8363756424
2457489.5 14.9502815965 14.9502815965
2457490.5 14.4708173156 14.4708173156
2457491.5 14.5202230584 14.5202230584
2457492.5 14.5344001965 14.5344001965
2457493.5 14.5708191344 14.5708191344
2457494.5 13.8026329859 13.8026329859
2457495.5 13.9119782561 13.9119782561
2457496.5 13.7972300904 13.7972300904
2457497.5 13.8470313096 13.8470313096
2457498.5 14.525860213 14.525860213
2457499.5 14.6511861812 14.6511861812
2457500.5 14.7309466584 14.7309466584
2457501.5 14.8285391526 14.8285391526
2457502.5 13.8341015961 13.8341015961
2457503.5 13.767215786 13.767215786
2457504.5 13.658590322 13.658590322
2457505.5 13.6481848973 13.6481848973
2457506.5 14.3024316281 14.3024316281
2457507.5 14.321045878 14.321045878
2457508.5 14.4313328624 14.4313328624
2457509.5 14.5878870658 14.5878870658
2457510.5 14.3357643497 14.3357643497
2457511.5 14.3036092625 14.3036092625
2457512.5 14.3844363485 14.3844363485
2457513.5 14.3666513514 14.3666513514
2457514.5 13.5879399635 13.5879399635
2457515.5 13.472721218 13.472721218
2457516.5 13.4834299889 13.4834299889
2457517.5 13.4005160643 13.4005160643
2457518.5 14.2860656616 14.2860656616
2457519.5 14.1560339099 14.1560339099
2457520.5 14.2697360168 14.2697360168
2457521.5 14.2765460867 14.2765460867
2457522.5 14.7946034975 14.7946034975
2457523.5 14.6293318936 14.6293318936
2457524.5 14.710762418 14.710762418
2457525.5 14.7854923034 14.7854923034
2457526.5 14.0571725808 14.0571725808
2457527.5 14.151633297 14.151633297
2457528.5 14.3318746773 14.3318746773
2457529.5 14.2669865385 14.2669865385
2457530.5 14.569666602 14.569666602
2457531.5 14.5225174921 14.5225174921
2457532.5 14.4030493292 14.4030493292
2457533.5 14.5363018542 14.5363018542
2457534.5 14.1450276013 14.1450276013
2457535.5 14.2488439091 14.2488439091
2457536.5 14.2199037613 14.2199037613
2457537.5 14.1035269397 14.1035269397
2457538.5 14.1689826321 14.1689826321
2457539.5 14.1993532765 14.1993532765
2457540.5 14.3395427211 14.3395427211
2457541.5 14.3333173501 14.3333173501
2457542.5 14.5228119832 14.5228119832
2457543.5 14.5049616462 14.5049616462
2457544.5 14.4089560318 14.4089560318
2457545.5 14.5445256433 14.5445256433
2457546.5 13.5876578706 13.5876578706
2457547.5 13.6571517461 13.6571517461
2457548.5 13.679317809 13.679317809
2457549.5 13.7812741582 13.7812741582
2457550.5 13.6702679193 13.6702679193
2457551.5 13.6873568692 13.6873568692
2457552.5 13.7439615631 13.7439615631
2457553.5 13.8019423304 13.8019423304
2457554.5 14.814322408 14.814322408
2457555.5 14.9537272483 14.9537272483
2457556.5 14.8807850335 14.8807850335
2457557.5 14.7415461699 14.7415461699
2457558.5 13.7683661304 13.7683661304
2457559.5 13.8840415849 13.8840415849
2457560.5 13.8936771162 13.8936771162
2457561.5 13.8359280429 13.8359280429
2457562.5 13.6698577242 13.6698577242
2457563.5 13.701203427 13.701203427
2457564.5 13.6454103098 13.6454103098
2457565.5 13.5824617433 13.5824617433
2457566.5 13.5944323478 13.5944323478
2457567.5 13.6033161559 13.6033161559
2457568.5 13.4996587948 13.4996587948
2457569.5 13.4878239338 13.4878239338
2457570.5 14.2183683465 14.2183683465
2457571.5 14.2110627636 14.2110627636
2457572.5 14.3167055342 14.3167055342
2457573.5 14.2189197458 14.2189197458
2457574.5 14.2756715244 14.2756715244
2457575.5 14.374627876 14.374627876
2457576.5 14.3054373815 14.3054373815
2457577.5 14.1775605294 14.1775605294
2457578.5 13.6628741102 13.6628741102
2457579.5 13.6404520391 13.6404520391
2457580.5 13.7308935414 13.7308935414
2457581.5 13.8162913338 13.8162913338
2457582.5 13.9125746957 13.9125746957
2457583.5 13.9729544616 13.9729544616
2457584.5 13.8774949149 13.8774949149
2457585.5 13.9253622249 13.9253622249
2457586.5 14.5274799329 14.5274799329
2457587.5 14.4759852871 14.4759852871
2457588.5 14.4733377314 14.4733377314
2457589.5 14.3963405065 14.3963405065
2457590.5 14.4025381985 14.4025381985
2457591.5 14.3976526499 14.3976526499
2457592.5 14.4662786564 14.4662786564
2457593.5 14.3548999586 14.3548999586
2457594.5 14.564518193 14.564518193
2457595.5 14.4526396553 14.4526396553
2457596.5 14.3221985239 14.3221985239
2457597.5 14.4344220542 14.4344220542
2457598.5 14.9162275062 14.9162275062
2457599.5 14.9232255014 14.9232255014
2457600.5 15.0373491606 15.0373491606
2457601.5 15.2145504261 15.2145504261
2457602.5 13.6549079571 13.6549079571
2457603.5 13.6492110446 13.6492110446
2457604.5 13.7324376815 13.7324376815
2457605.5 13.6331816931 13.6331816931
2457606.5 14.1071399595 14.1071399595
2457607.5 14.1651889152 14.1651889152
2457608.5 14.2110911133 14.2110911133
2457609.5 14.185283026 14.185283026
2457610.5 15.1463186918 15.1463186918
2457611.5 15.0794471863 15.0794471863
2457612.5 15.254378445 15.254378445
2457613.5 15.2790665143 15.2790665143
2457614.5 14.5643982454 14.5643982454
2457615.5 14.5147920913 14.5147920913
2457616.5 14.4070854299 14.4070854299
2457617.5 14.4266165647 14.4266165647
2457618.5 14.3269189246 14.3269189246
2457619.5 14.3236930297 14.3236930297
2457620.5 14.2676467077 14.2676467077
2457621.5 14.2230071291 14.2230071291
2457622.5 13.7199191704 13.7199191704
2457623.5 13.7095027169 13.7095027169
2457624.5 13.6588141175 13.6588141175
2457625.5 13.5996195569 13.5996195569
2457626.5 14.3571336542 14.3571336542
2457627.5 14.2761803459 14.2761803459
2457628.5 14.4010437704 14.4010437704
2457629.5 14.2558695064 14.2558695064
2457630.5 13.7324461273 13.7324461273
2457631.5 13.6588747302 13.6588747302
2457632.5 13.6840206213 13.6840206213
2457633.5 13.5426742745 13.5426742745
2457634.5 14.0190860814 14.0190860814
2457635.5 14.0406850364 14.0406850364
2457636.5 14.1194766324 14.1194766324
2457637.5 14.0220652415 14.0220652415
2457638.5 14.634409286 14.634409286
2457639.5 14.6382181902 14.6382181902
2457640.5 14.6147590531 14.6147590531
2457641.5 14.7022117954 14.7022117954
2457642.5 14.5037634789 14.5037634789
2457643.5 14.5600295643 14.5600295643
2457644.5 14.6886139171 14.6886139171
2457645.5 14.5817074017 14.5817074017
2457646.5 14.3396272285 14.3396272285
2457647.5 14.2534916504 14.2534916504
2457648.5 14.3604196426 14.3604196426
2457649.5 14.386886634 14.386886634
2457650.5 14.6966257405 14.6966257405
2457651.5 14.7079578196 14.7079578196
2457652.5 14.7721732406 14.7721732406
2457653.5 14.935657306 14.935657306
2457654.5 14.3723481906 14.3723481906
2457655.5 14.3861819342 14.3861819342
2457656.5 14.3716266884 14.3716266884
2457657.5 14.475931013 14.475931013
2457658.5 14.7533621366 14.7533621366
2457659.5 14.7990534784 14.7990534784
2457660.5 14.8676527281 14.8676527281
2457661.5 14.7308754767 14.7308754767
2457662.5 14.7205150905 14.7205150905
2457663.5 14.8669109835 14.8669109835
2457664.5 14.7977108005 14.7977108005
2457665.5 14.9781547444 14.9781547444
2457666.5 14.3261534311 14.3261534311
2457667.5 14.4327536876 14.4327536876
2457668.5 14.3383201695 14.3383201695
2457669.5 14.3561425334 14.3561425334
2457670.5 14.4677965294 14.4677965294
2457671.5 14.4600783927 14.4600783927
2457672.5 14.5811358784 14.5811358784
2457673.5 14.5486395219 14.5486395219
2457674.5 14.1441441777 14.1441441777
2457675.5 14.0767056559 14.0767056559
2457676.5 14.0032711098 14.0032711098
2457677.5 14.0205537157 14.0205537157
2457678.5 13.8701353695 13.8701353695
2457679.5 13.8759704256 13.8759704256
2457680.5 13.8612091145 13.8612091145
2457681.5 13.8893070234 13.8893070234
2457682.5 14.4863191729 14.4863191729
2457683.5 14.3783255326 14.3783255326
2457684.5 14.4330518593 14.4330518593
2457685.5 14.4156845554 14.4156845554
2457686.5 15.1756317963 15.1756317963
2457687.5 15.0499506435 15.0499506435
2457688.5 15.0329710498 15.0329710498
2457689.5 15.1894673722 15.1894673722
2457690.5 14.5904133363 14.5904133363
2457691.5 14.5992069074 14.5992069074
2457692.5 14.537711668 14.537711668
2457693.5 14.488199372 14.488199372
2457694.5 14.9842970992 14.9842970992
2457695.5 14.966300605 14.966300605
2457696.5 14.9533142739 14.9533142739
2457697.5 14.8678853482 14.8678853482
2457698.5 14.634470539 14.634470539
2457699.5 14.6311824995 14.6311824995
2457700.5 14.7034801886 14.7034801886
2457701.5 14.6095444034 14.6095444034
2457702.5 15.4171223354 15.4171223354
2457703.5 15.5765112621 15.5765112621
2457704.5 15.7097075075 15.7097075075
2457705.5 15.6471807102 15.6471807102
2457706.5 14.2975291405 14.2975291405
2457707.5 14.2852890767 14.2852890767
2457708.5 14.2639650615 14.2639650615
2457709.5 14.263870259 14.263870259
2457710.5 14.1345064444 14.1345064444
2457711.5 14.1465714904 14.1465714904
2457712.5 14.1572087933 14.1572087933
2457713.5 14.0599494275 14.0599494275
2457714.5 14.2892458321 14.2892458321
2457715.5 14.3788517351 14.3788517351
2457716.5 14.3745998005 14.3745998005
2457717.5 14.4555836538 14.4555836538
2457718.5 14.073730229 14.073730229
2457719.5 14.1707820299 14.1707820299
2457720.5 14.2262349122 14.2262349122
2457721.5 14.206788859 14.206788859
2457722.5 15.1543047646 15.1543047646
2457723.5 14.8882498913 14.8882498913
2457724.5 14.7590842912 14.7590842912
2457725.5 14.6715236207 14.6715236207
2457726.5 14.6665631511 14.6665631511
2457727.5 14.5921383224 14.5921383224
2457728.5 14.4408137442 14.4408137442
2457729.5 14.3866409862 14.3866409862
2457730.5 13.9048448368 13.9048448368
2457731.5 13.809810841 13.809810841
2457732.5 13.8594851189 13.8594851189
2457733.5 13.8777297013 13.8777297013
2457734.5 14.3676703096 14.3676703096
2457735.5 14.2503827813 14.2503827813
2457736.5 14.1781292716 14.1781292716
2457737.5 14.2788235865 14.2788235865
2457738.5 14.0740268035 14.0740268035
2457739.5 14.1353355429 14.1353355429
2457740.5 14.1606473685 14.1606473685
2457741.5 14.069902859 14.069902859
2457742.5 15.0105040069 15.0105040069
2457743.5 15.1836066798 15.1836066798
2457744.5 15.2007897203 15.2007897203
2457745.5 15.2306738482 15.2306738482
2457746.5 14.6281664576 14.6281664576
2457747.5 14.6808574044 14.6808574044
2457748.5 14.8581684419 14.8581684419
2457749.5 14.7490564034 14.7490564034
2457750.5 14.956902093 14.956902093
2457751.5 14.786707538 14.786707538
2457752.5 14.7147266133 14.7147266133
2457753.5 14.7540916657 14.7540916657
2457754.5 14.4030217621 14.4030217621
2457755.5 14.3119157387 14.3119157387
2457756.5 14.2260022889 14.2260022889
2457757.5 14.2445315826 14.2445315826
2457758.5 14.6001290326 14.6001290326
2457759.5 14.4992215055 14.4992215055
2457760.5 14.3760099663 14.3760099663
2457761.5 14.3053142658 14.3053142658
2457762.5 14.1061133176 14.1061133176
2457763.5 14.0131534859 14.0131534859
2457764.5 13.93392234 13.93392234
2457765.5 13.8473985489 13.8473985489
2457766.5 13.8073325887 13.8073325887
2457767.5 13.8509123703 13.8509123703
2457768.5 13.695939904 13.695939904
2457769.5 13.6678781454 13.6678781454
2457770.5 14.4684797328 14.4684797328
2457771.5 14.5863267958 14.5863267958
2457772.5 14.6232201652 14.6232201652
2457773.5 14.7667741844 14.7667741844
2457774.5 14.610289555 14.610289555
2457775.5 14.5289430563 14.5289430563
2457776.5 14.6638838371 14.6638838371
2457777.5 14.7446861442 14.7446861442
2457778.5 14.3666392339 14.3666392339
2457779.5 14.3810689955 14.3810689955
2457780.5 14.4787850848 14.4787850848
2457781.5 14.3692876934 14.3692876934
2457782.5 14.5465509586 14.5465509586
2457783.5 14.5913391977 14.5913391977
2457784.5 14.4878592461 14.4878592461
2457785.5 14.3833670849 14.3833670849
2457786.5 14.8218787348 14.8218787348
2457787.5 14.9555703829 14.9555703829
2457788.5 14.9088549551 14.9088549551
2457789.5 15.0222984825 15.0222984825
2457790.5 13.5591878084 13.5591878084
2457791.5 13.5256762611 13.5256762611
2457792.5 13.4658380192 13.4658380192
2457793.5 13.3808331654 13.3808331654
2457794.5 14.2130821696 14.2130821696
2457795.5 14.2110664385 14.2110664385
2457796.5 14.0767747764 14.0767747764
2457797.5 14.0843550315 14.0843550315
2457798.5 14.7472543998 14.7472543998
2457799.5 14.6401214295 14.6401214295
2457800.5 14.5289655705 14.5289655705
2457801.5 14.6017205634 14.6017205634
2457802.5 13.6754751514 13.6754751514
2457803.5 13.6695901921 13.6695901921
2457804.5 13.6165614845 13.6165614845
2457805.5 13.7120261102 13.7120261102
2457806.5 13.4955106217 13.4955106217
2457807.5 13.5900141471 13.5900141471
2457808.5 13.6925778699 13.6925778699
2457809.5 13.6446382338 13.6446382338
2457810.5 13.8967875171 13.8967875171
2457811.5 13.8562259096 13.8562259096
2457812.5 13.9238633618 13.9238633618
2457813.5 13.9093547853 13.9093547853
2457814.5 14.0024355594 14.0024355594
2457815.5 13.9443742969 13.9443742969
2457816.5 13.971595214 13.971595214
2457817.5 14.0692903846 14.0692903846
2457818.5 14.1367735274 14.1367735274
2457819.5 14.0135818905 14.0135818905
2457820.5 13.9615531926 13.9615531926
2457821.5 13.9646796065 13.9646796065
2457822.5 14.2070921982 14.2070921982
2457823.5 14.299483721 14.299483721
2457824.5 14.2039275236 14.2039275236
2457825.5 14.0748609775 14.0748609775
2457826.5 14.9329817031 14.9329817031
2457827.5 14.8793034472 14.8793034472
2457828.5 15.0916085599 15.0916085599
2457829.5 14.9957543973 14.9957543973
2457830.5 14.2839144051 14.2839144051
2457831.5 14.3278211595 14.3278211595
2457832.5 14.3843285742 14.3843285742
2457833.5 14.2860414728 14.2860414728
2457834.5 14.2110197155 14.2110197155
2457835.5 14.1698602242 14.1698602242
2457836.5 14.021051154 14.021051154
2457837.5 13.8920084367 13.8920084367
2457838.5 13.605130577 13.605130577
2457839.5 13.6407689916 13.6407689916
2457840.5 13.5700539836 13.5700539836
2457841.5 13.6076263017 13.6076263017
2457842.5 14.4171523153 14.4171523153
2457843.5 14.4293212784 14.4293212784
2457844.5 14.4324343548 14.4324343548
2457845.5 14.441515225 14.441515225
2457846.5 14.7515391599 14.7515391599
2457847.5 14.6346783598 14.6346783598
2457848.5 14.5866153732 14.5866153732
2457849.5 14.5854207607 14.5854207607
2457850.5 13.9660499082 13.9660499082
2457851.5 14.0534211969 14.0534211969
2457852.5 13.9968093337 13.9968093337
2457853.5 14.0870735703 14.0870735703
2457854.5 14.5718118625 14.5718118625
2457855.5 14.5378953834 14.5378953834
2457856.5 14.6710086698 14.6710086698
2457857.5 14.7394191689 14.7394191689
2457858.5 13.9890695955 13.9890695955
2457859.5 13.8461561437 13.8461561437
2457860.5 13.8835211796 13.8835211796
2457861.5 14.016887026 14.016887026
2457862.5 13.7155374767 13.7155374767
2457863.5 13.8027115547 13.8027115547
2457864.5 13.8217325755 13.8217325755
2457865.5 13.8674189066 13.8674189066
2457866.5 13.6902048244 13.6902048244
2457867.5 13.6401100452 13.6401100452
2457868.5 13.7339894337 13.7339894337
2457869.5 13.6593439613 13.6593439613
2457870.5 14.9676845432 14.9676845432
2457871.5 15.0552494676 15.0552494676
2457872.5 14.9828052705 14.9828052705
2457873.5 14.9749734666 14.9749734666
2457874.5 15.114553462 15.114553462
2457875.5 15.2596817799 15.2596817799
2457876.5 15.4128651116 15.4128651116
2457877.5 15.2865941225 15.2865941225
2457878.5 13.7132282733 13.7132282733
2457879.5 13.8104996243 13.8104996243
2457880.5 13.8701384376 13.8701384376
2457881.5 13.8739649587 13.8739649587
2457882.5 13.5456047184 13.5456047184
2457883.5 13.5099166087 13.5099166087
2457884.5 13.5809107096 13.5809107096
2457885.5 13.6371953695 13.6371953695
2457886.5 14.906571224 14.906571224
2457887.5 14.8944573456 14.8944573456
2457888.5 14.9685248241 14.9685248241
2457889.5 14.9148925307 14.9148925307
2457890.5 14.5266631011 14.5266631011
2457891.5 14.6407287694 14.6407287694
2457892.5 14.5158905727 14.5158905727
2457893.5 14.497751377 14.497751377
2457894.5 14.4660236706 14.4660236706
2457895.5 14.5578055561 14.5578055561
2457896.5 14.5061638931 14.5061638931
2457897.5 14.3488901055 14.3488901055
2457898.5 13.5306252403 13.5306252403
2457899.5 13.5635520617 13.5635520617
2457900.5 13.5425341568 13.5425341568
2457901.5 13.5811499094 13.5811499094
2457902.5 14.0356403306 14.0356403306
2457903.5 14.1992224065 14.1992224065
2457904.5 14.1759923044 14.1759923044
2457905.5 14.0857873564 14.0857873564
2457906.5 14.2767858922 14.2767858922
2457907.5 14.3313179672 14.3313179672
2457908.5 14.3014309861 14.3014309861
2457909.5 14.2456214732 14.2456214732
2457910.5 15.156053453 15.156053453
2457911.5 15.2864651993 15.2864651993
2457912.5 15.385525924 15.385525924
2457913.5 15.5363387085 15.5363387085
2457914.5 13.8185176584 13.8185176584
2457915.5 13.7900812186 13.7900812186
2457916.5 13.8217329423 13.8217329423
2457917.5 13.9031344065 13.9031344065
2457918.5 14.8982776174 14.8982776174
2457919.5 14.8579445622 14.8579445622
2457920.5 14.8181614914 14.8181614914
2457921.5 14.8993033147 14.8993033147
2457922.5 14.0745738975 14.0745738975
2457923.5 14.0795525116 14.0795525116
2457924.5 13.9604856824 13.9604856824
2457925.5 14.0911792274 14.0911792274
2457926.5 14.3301333423 14.3301333423
2457927.5 14.3317426601 14.3317426601
2457928.5 14.2776607948 14.2776607948
2457929.5 14.2671562422 14.2671562422
2457930.5 14.1630034075 14.1630034075
2457931.5 14.1861164339 14.1861164339
2457932.5 14.1320307511 14.1320307511
2457933.5 14.1206618648 14.1206618648
2457934.5 14.3070758612 14.3070758612
2457935.5 14.2027916621 14.2027916621
2457936.5 14.2309476004 14.2309476004
2457937.5 14.1362534774 14.1362534774
2457938.5 14.8285474968 14.8285474968
2457939.5 14.8949145566 14.8949145566
2457940.5 15.0135363032 15.0135363032
2457941.5 15.1395786649 15.1395786649
2457942.5 13.6312047178 13.6312047178
2457943.5 13.6898328292 13.6898328292
2457944.5 13.5851140676 13.5851140676
2457945.5 13.5813779917 13.5813779917
2457946.5 13.550075099 13.550075099
2457947.5 13.5922597465 13.5922597465
2457948.5 13.6185010013 13.6185010013
2457949.5 13.6657604623 13.6657604623
2457950.5 14.2319506103 14.2319506103
2457951.5 14.1581614167 14.1581614167
2457952.5 14.1150018117 14.1150018117
2457953.5 14.0899905096 14.0899905096
2457954.5 14.5423801479 14.5423801479
2457955.5 14.4645778919 14.4645778919
2457956.5 14.5747441324 14.5747441324
2457957.5 14.6263263679 14.6263263679
2457958.5 13.472856333 13.472856333
2457959.5 13.4356046353 13.4356046353
2457960.5 13.3595035823 13.3595035823
2457961.5 13.438377559 13.438377559
2457962.5 13.9814640979 13.9814640979
2457963.5 13.9532240922 13.9532240922
2457964.5 14.0625777027 14.0625777027
2457965.5 13.9560733387 13.9560733387
2457966.5 13.6505805426 13.6505805426
2457967.5 13.5428047647 13.5428047647
2457968.5 13.5814056235 13.5814056235
2457969.5 13.5643079119 13.5643079119
2457970.5 14.3716443397 14.3716443397
2457971.5 14.446371812 14.446371812
2457972.5 14.4197469933 14.4197469933
2457973.5 14.5381869801 14.5381869801
2457974.5 13.7389050842 13.7389050842
2457975.5 13.7181979795 13.7181979795
2457976.5 13.667890242 13.667890242
2457977.5 13.61409878 13.61409878
2457978.5 14.0632510008 14.0632510008
2457979.5 14.2137924552 14.2137924552
2457980.5 14.2915439372 14.2915439372
2457981.5 14.4601186731 14.4601186731
2457982.5 13.5067937004 13.5067937004
2457983.5 13.5210616839 13.5210616839
2457984.5 13.4615227685 13.4615227685
2457985.5 13.3538875066 13.3538875066
2457986.5 14.4170526681 14.4170526681
2457987.5 14.2886767171 14.2886767171
2457988.5 14.3401296805 14.3401296805
2457989.5 14.233299581 14.233299581
