0.0 15.432227 0.16745916292 13.957738 0.0448441084935
1.0 16.342112 0.0851019823469 14.850389 0.166710002619
2.0 16.287549 0.162536665477 14.795813 0.163570753001
3.0 15.957451 0.0357161190922 14.471839 0.096348002696
4.0 15.28177 0.147664024228 13.808639 0.0837691386641
5.0 14.795597 0.159682387873 13.333477 0.139974538933
6.0 16.994857 0.168971220123 15.487044 0.0536020383471
7.0 17.460579 0.183076964912 15.946008 0.188451897102
8.0 18.358001 0.0921307343559 16.828389 0.171635724052
9.0 19.134764 0.0279934359982 17.589145 0.0540939714276
10.0 17.119612 0.162247411514 15.608733 0.0775112959666
11.0 16.969795 0.102178721094 15.461147 0.017687628792
12.0 17.374706 0.135697447159 15.85739 0.00788049210232
13.0 16.917588 0.0177261032677 15.410743 0.150470599269
14.0 16.424196 0.0458306363317 14.927473 0.158551063499
15.0 16.22967 0.0905175904079 14.738582 0.131385972558
16.0 16.533521 0.111244937779 15.034918 0.176340013256
17.0 16.754341 0.102146512454 15.2508 0.144913975672
18.0 17.139134 0.19621418858 15.636199 0.0470997205614
19.0 17.887325 0.0699558529358 16.371228 0.148976102191
20.0 18.542937 0.00750754326644 17.016269 0.171046208369
21.0 18.033413 0.0332737931927 16.515671 0.163373011067
22.0 17.882815 0.0429822965132 16.367198 0.127787476073
23.0 18.429831 0.0596109462463 16.905804 0.0204664012189
24.0 18.053432 0.168735508429 16.545201 0.0594660360986
25.0 17.410652 0.162669184873 15.914965 0.189308355637
26.0 18.034623 0.0386156430335 16.526183 0.174254102366
27.0 17.235542 0.193934315971 15.743146 0.132713059253
28.0 17.858334 0.195803041782 16.35303 0.127013171866
29.0 17.238147 0.0930993985825 15.744433 0.0772045077021
30.0 17.793096 0.0363340743445 16.290278 0.0656396127305
31.0 17.896589 0.141388962535 16.393633 0.0141224662745
32.0 17.346928 0.12584864308 15.855692 0.081014898133
33.0 17.88245 0.0136006722079 16.380509 0.188741124157
34.0 17.112884 0.14674370604 15.623634 0.142814123673
35.0 15.239246 0.104465959473 13.79578 0.175611870329
36.0 14.461319 0.0521215133478 13.03397 0.0616100450966
37.0 15.306318 0.0834089167728 13.861934 0.127977019479
38.0 14.918452 0.153736933938 13.481769 0.160285480345
39.0 15.703538 0.050236904673 14.250485 0.0449782782191
40.0 15.948164 0.125873671995 14.490832 0.0431579946459
41.0 15.876477 0.0452249818577 14.421365 0.0694550004679
42.0 15.43327 0.109073383013 13.986347 0.111542928458
43.0 14.611812 0.13751072414 13.181695 0.00127381198056
44.0 15.244874 0.0395856940241 13.802989 0.0997949726498
45.0 16.847519 0.093942348763 15.375749 0.120541589882
46.0 16.913568 0.099290204774 15.441731 0.0121071607836
47.0 17.218294 0.087007146104 15.741138 0.0604598134446
48.0 16.787735 0.123593550407 15.318765 0.0173741685473
49.0 16.548183 0.0922179798389 15.083664 0.119113473312
50.0 17.256162 0.0210330370509 15.776931 0.186708377255
51.0 17.130376 0.0266310519712 15.652208 0.0531518080034
52.0 12.746799 0.0614996409773 11.360641 0.0827620147697
53.0 13.607689 0.0844397160204 12.204768 0.183510273364
54.0 14.360375 0.0186730466209 12.943508 0.0627475717344
55.0 13.95456 0.0649971014436 12.544548 0.173934366441
56.0 14.673149 0.00678713969587 13.250767 0.154044080367
57.0 14.266061 5.43991961012e-05 12.85324 0.0807496972056
58.0 19.969529 0.126528756093 18.453002 0.120489799263
59.0 19.626069 0.0943460731033 18.116817 0.102143143471
60.0 19.061613 0.0818983658289 17.563957 0.101855079874
61.0 18.80801 0.0719191886131 17.314088 0.146671200648
62.0 18.166481 0.084935475699 16.685916 0.0320425783453
63.0 17.724809 0.0462393225113 16.251825 0.116551153566
64.0 17.567294 0.170532874401 16.097246 0.119942424301
65.0 18.07705 0.00568177748447 16.596037 0.122640127715
66.0 21.131868 0.132817269056 19.589617 0.148289355103
67.0 21.02615 0.0752581013341 19.486044 0.194225432958
68.0 21.655188 0.187589198479 20.103423 0.0324647342031
69.0 21.350266 0.184599746803 19.804077 0.0219718200906
70.0 21.121728 0.0221789509957 19.578679 0.148954861779
71.0 20.833936 0.122566595128 19.295564 0.124510101118
72.0 19.857174 0.0957586251235 18.349618 0.177359058708
73.0 20.683156 0.143594245835 19.161019 0.0762924707479
74.0 20.897483 0.0367071421453 19.370254 0.0144932546056
75.0 19.889884 0.00152068554482 18.382957 0.166468959121
76.0 20.45649 0.0214600710492 18.937522 0.140221830724
77.0 20.255115 0.130465142468 18.740007 0.0880318751674
78.0 19.817227 0.0523792299775 18.310508 0.0402450177793
79.0 19.8997 0.185926270817 18.391069 0.0465335956065
80.0 19.670748 0.170232655555 18.165277 0.113401484022
81.0 20.45072 0.0485342947631 18.931218 0.157745916631
82.0 19.635598 0.120372470995 18.130738 0.184647089275
83.0 18.845819 0.0383777145901 17.356417 0.0605687329469
84.0 19.396415 0.0963935273508 17.895544 0.0834640351496
85.0 11.954949 0.0016700499095 10.592869 0.139175197869
86.0 11.546719 0.000188162370173 10.19253 0.0683267520666
87.0 12.25323 0.0517769698379 10.886244 0.161302201407
88.0 12.635086 0.00895944615862 11.26227 0.0429738248499
89.0 13.048319 0.142720689815 11.668081 0.150098510253
90.0 12.999158 0.13121180699 11.620111 0.0546754526757
91.0 12.800722 0.154447106929 11.427146 0.117448262357
92.0 12.948079 0.018105396573 11.570671 0.151660750829
93.0 12.303259 0.0577899653578 10.936301 0.105323502694
94.0 11.456151 0.025010812113 10.104592 0.0454874671742
95.0 11.332208 0.000647491852137 9.981085 0.093727476154
96.0 17.614307 0.0651933435825 16.139286 0.141403229265
97.0 18.50435 0.186293315608 17.01245 0.151887862205
98.0 18.073981 0.0708105659785 16.590266 0.137389358627
99.0 18.992966 0.188441488721 17.49227 0.190541007151
100.0 18.412087 0.141398085313 16.92182 0.141510788733
101.0 22.257649 0.130893727267 20.707942 0.0607568936006
102.0 22.75859 0.080978334704 21.201078 0.06163432214
103.0 22.565272 0.0540938711706 21.012165 0.0191286709308
104.0 23.396097 0.100475642875 21.828266 0.14480829486
105.0 22.552764 0.0983666483708 21.000152 0.176967564311
106.0 22.006323 0.190773305987 20.463658 0.187246524714
107.0 21.458956 0.072224672018 19.927981 0.0621600800682
108.0 21.554211 0.0327033835905 20.022638 0.0696056661726
109.0 22.170709 0.176592086258 20.626692 0.0717237682772
110.0 21.387809 0.173264849085 19.858479 0.186564330685
111.0 20.715633 0.0911019214666 19.196947 0.162940532886
112.0 16.389251 0.174822968463 14.963139 0.178991878576
113.0 17.040503 0.0681587523923 15.603743 0.134242653343
114.0 17.247399 0.0231160225004 15.808404 0.124345397724
115.0 17.177744 0.178686932202 15.739123 0.0366160140668
116.0 16.919774 0.051623427169 15.486073 0.116303767526
117.0 17.282266 0.077444660834 15.841779 0.156198242876
118.0 17.585672 0.0550432395126 16.138191 0.0282646891951
119.0 18.304721 0.155412120109 16.842305 0.0580880631387
120.0 20.723283 0.136559643269 19.229387 0.19001722569
121.0 21.510464 0.19331443654 20.003377 0.0834097260969
122.0 21.150183 0.081147167438 19.649772 0.000333326298498
123.0 21.636507 0.0755950810354 20.127431 0.167587572427
124.0 21.093959 0.15362551168 19.593266 0.0488845365815
125.0 14.231075 0.00869118334779 12.86173 0.173619433488
126.0 14.397787 0.00130957704796 13.026853 0.141812330793
127.0 14.077863 0.159062489158 12.712538 0.123943650764
128.0 13.510374 0.105626378996 12.155216 0.0302032961681
129.0 13.634284 0.0870683549857 12.275128 0.078596318387
130.0 13.66603 0.188741928449 12.304709 0.0594786748987
131.0 13.681511 0.113087869646 12.318514 0.0289370098729
132.0 21.853605 0.123088904335 20.336197 0.0798173081386
133.0 21.528231 0.166375642638 20.017265 0.06258626047
134.0 22.084336 0.169723956516 20.562168 0.196300696304
135.0 21.524196 0.0467543443965 20.014198 0.14938298069
136.0 21.392525 0.168753239851 19.885236 0.0819818347385
137.0 21.888427 0.140916537989 20.370393 0.151419584595
138.0 21.686085 0.188375393658 20.173659 0.154957536431
139.0 21.498333 0.171055276235 19.991005 0.045873423024
140.0 21.905659 0.0175566985631 20.392678 0.0576830055119
141.0 21.31524 0.0837913046617 19.814472 0.00630566502331
142.0 21.866439 0.0483310696741 20.35755 0.0578382847934
143.0 15.443722 0.169676930128 14.05942 0.176007994815
144.0 14.85105 0.0956081799716 13.478226 0.0856403580869
145.0 13.987451 0.140086309835 12.628875 0.0240551533414
146.0 13.266783 0.0229473141134 11.922396 0.117229247261
147.0 13.057649 0.170519819099 11.718519 0.0745857986334
148.0 19.002378 0.198755146755 17.557907 0.191489898869
149.0 18.27962 0.0844037908899 16.849227 0.145043479963
150.0 17.806209 0.130473516743 16.385064 0.000395686028115
151.0 22.327638 0.129104347947 20.825091 0.0315331876779
152.0 22.091794 0.0544280377009 20.594821 0.0421404633129
153.0 21.440169 0.146189015391 19.956579 0.154082511381
154.0 21.625682 0.179951207886 20.138241 0.11184898797
155.0 21.351107 0.188241790229 19.86859 0.180246588736
156.0 21.552823 0.159230383116 20.065782 0.156903313407
157.0 21.791496 0.0711915906174 20.301729 0.153121980333
158.0 21.539447 0.194120967325 20.055034 0.165617597307
159.0 22.248495 0.0137188842563 20.751823 0.15131723541
160.0 21.304827 0.153951750336 19.825468 0.111977418288
161.0 21.881255 0.0641196324945 20.390128 0.051251509415
162.0 21.914279 0.125265508044 20.423156 0.0555135170183
163.0 21.776508 0.192715720339 20.286135 0.158821043779
164.0 22.201541 0.032907729304 20.705271 0.0731428405112
165.0 21.929402 0.0658665728606 20.436481 0.0609068476822
166.0 22.75693 0.0280901569274 21.250628 0.122164418193
167.0 19.942227 0.146747013238 18.496924 0.0833238075655
168.0 19.034421 0.0389897024114 17.604274 0.0664794682203
169.0 19.461828 0.00249382603206 18.023394 0.0590084273177
170.0 20.012423 0.17668423265 18.561993 0.00147138644003
171.0 20.398125 0.027821878369 18.940697 0.114398295062
172.0 19.772888 0.134984182291 18.325285 0.0906302103701
173.0 19.131553 0.116180309159 17.697931 0.0624711249932
174.0 19.282611 0.171781709051 17.844693 0.00946940429558
175.0 19.812157 0.0383614129926 18.364583 0.140487940989
176.0 19.649187 0.0135359742402 18.205058 0.0819936881142
177.0 19.259867 0.0964471948155 17.823504 0.161303013574
178.0 25.195445 0.129205046549 23.648128 0.0379856783131
179.0 26.147249 0.0105232723151 24.58455 0.181993443979
180.0 26.357484 0.0741051745884 24.789945 0.193332443827
181.0 18.153311 0.173239240471 16.737855 0.185361898457
182.0 18.192837 0.181800665048 16.776485 0.135949591391
183.0 18.397122 0.197989550036 16.977898 0.115420433381
184.0 19.039608 0.0322954937419 17.608332 0.073702412284
185.0 19.570983 0.016599850821 18.12979 0.0606041186297
186.0 18.610453 0.0872016899059 17.185512 0.097763894531
187.0 18.436921 0.138945929444 17.017031 0.163770030687
188.0 19.029519 0.159577127106 17.596906 0.0406020862608
189.0 19.62138 0.120719361013 18.175845 0.114814618834
190.0 19.482907 0.0823053265618 18.03922 0.000611905583775
191.0 18.972569 0.0678172571944 17.53943 0.151220013689
192.0 18.749172 0.127693180766 17.318877 0.185239095372
193.0 18.852815 0.0190499846707 17.420068 0.0333102416635
194.0 19.112506 0.152211003762 17.675922 0.03700420869
195.0 18.973111 0.034444927267 17.539319 0.127863562452
196.0 17.419436 0.10443897357 16.013486 0.116285498883
197.0 17.552139 0.0286711473141 16.145496 0.0228458995338
198.0 17.776945 0.172582504732 16.368213 0.110299362082
199.0 18.432376 0.0764989979859 17.01076 0.0438331174095
200.0 17.740874 0.174565417199 16.330735 0.0922515264416
201.0 17.63841 0.0954564914095 16.229816 0.0884935452559
202.0 18.479757 0.0556694394491 17.051295 0.0678988638726
203.0 18.275615 0.0907084937703 16.851941 0.0260470175504
204.0 19.103962 0.0949941721729 17.665347 0.138925257032
205.0 19.193041 0.161664531876 17.752876 0.0477084915727
206.0 19.573198 0.164711136906 18.127287 0.0541685224701
207.0 20.401674 0.120921556336 18.939204 0.179882115868
208.0 21.047547 0.164744722129 19.573461 0.0603971150169
209.0 20.976856 0.0927209998295 19.504563 0.0151164552157
210.0 21.240641 0.138255050375 19.764453 0.0208786547211
211.0 22.100843 0.178629090321 20.609527 0.139085684519
212.0 21.420056 0.158082590764 19.941833 0.196398570317
213.0 21.092782 0.000478597886895 19.617798 0.00690710050933
214.0 20.261186 0.116730519824 18.80215 0.163834774088
215.0 19.608373 0.0327467335691 18.160196 0.0901458841536
216.0 18.816284 0.136115267213 17.384222 0.109031297697
217.0 18.041428 0.18692468809 16.622539 0.0623101546846
218.0 18.862205 0.0332361137633 17.42959 0.0822309179406
219.0 18.661631 0.194277957263 17.234293 0.0957707973967
220.0 19.296551 0.171875546811 17.857332 0.153463350505
221.0 20.073347 0.149957699218 18.621437 0.0239954566414
222.0 20.943946 0.0965097789736 19.477062 0.143819278692
223.0 21.949592 0.08418671895 20.474491 0.133256766471
224.0 21.404 0.0867142660231 19.939366 0.0124240038256
225.0 21.039413 0.10208370765 19.581147 0.13251209212
226.0 21.286693 0.133368803555 19.824533 0.0636665922368
227.0 20.442734 0.156721788992 18.996739 0.185683597533
228.0 19.82744 0.071532074054 18.391828 0.0344387077055
229.0 19.598742 0.0940109730009 18.17398 0.118618478444
230.0 19.286192 0.0550245369559 17.867165 0.125638409854
231.0 19.337025 0.118494839905 17.917486 0.0390630767884
232.0 19.383667 0.149704539816 17.962571 0.131784435602
233.0 22.513444 0.174441386216 21.035698 0.15335497966
234.0 23.023838 0.17763556793 21.536237 0.0678852408414
235.0 23.186044 0.0094474451925 21.695096 0.00511077812204
236.0 22.434154 0.176257657976 20.955322 0.0118448029732
237.0 21.817113 0.0194798583334 20.351066 0.176666991283
238.0 22.172963 0.153920178442 20.698573 0.0372028152959
239.0 22.446089 0.143180882785 20.968544 0.13749814462
240.0 22.376465 0.178185294704 20.899729 0.0128863319004
241.0 25.051752 0.18425156696 23.538469 0.197390736075
242.0 25.383413 0.0525420270225 23.864065 0.13899183122
243.0 26.207466 0.163652917203 24.672108 0.197273333074
244.0 27.057126 0.103133106693 25.508848 0.169035385137
245.0 21.942574 0.128851945661 20.486862 0.104962145833
246.0 22.03237 0.020755458095 20.577056 0.16205628972
247.0 22.596882 0.0742221168579 21.132347 0.0214541862028
248.0 22.605958 0.071291307308 21.1427 0.104464463996
249.0 22.275311 0.129945173661 20.817003 0.169582817074
250.0 21.986982 0.190930028466 20.533033 0.178095277906
251.0 23.63026 0.0655973212058 22.156688 0.131918237642
252.0 24.434377 0.129407368133 22.947563 0.114961162765
253.0 24.614776 0.1221484131 23.125061 0.143588723153
254.0 24.473555 0.0513300933463 22.986452 0.0342551159027
255.0 24.021168 0.0319261913506 22.541071 0.144720750231
256.0 24.998517 0.142740540924 23.501234 0.0455753312996
257.0 25.511285 0.00547030299331 24.003926 0.124399882255
258.0 24.029825 0.0942312414582 22.546147 0.180714269641
259.0 24.851881 0.0932149401607 23.351595 0.0802818877074
260.0 24.569459 0.00541324094287 23.07557 0.0552765521826
261.0 25.127799 0.00841154230059 23.625691 0.0257837209529
262.0 25.892273 0.12949136721 24.377546 0.0763948784876
263.0 18.0483 0.105439428169 16.677967 0.119294081568
264.0 18.428192 0.185401396587 17.050556 0.106231911572
265.0 19.023617 0.147523235091 17.634776 0.170644954705
266.0 18.362153 0.063211111528 16.985709 0.197625429413
267.0 18.305339 0.182535879688 16.930442 0.096248564872
268.0 18.551668 0.133938115806 17.173872 0.144509664037
269.0 18.902517 0.137280676737 17.517696 0.0429148893558
270.0 27.697373 0.121199413115 26.145863 0.0554959412062
271.0 26.694253 0.140692742104 25.158041 0.15842366538
272.0 25.943439 0.15137434527 24.421122 0.00589873732013
273.0 21.498292 0.174726185986 20.063155 0.0245536769031
274.0 21.248541 0.196182463451 19.818034 0.122732216928
275.0 21.454778 0.0812690472504 20.019076 0.0961395043197
276.0 21.837347 0.0622002668247 20.393098 0.150664058495
277.0 21.959715 0.0539717526825 20.513763 0.16096127882
278.0 21.500874 0.172936169926 20.064397 0.170088995098
279.0 22.190422 0.0572868217191 20.740989 0.108236056349
280.0 21.404904 0.0623307028619 19.969616 0.0381012432175
281.0 22.300577 0.0777736021688 20.848707 0.0623000627203
282.0 23.00055 0.165593360706 21.535595 0.148380852566
283.0 27.578347 0.166047359512 26.028856 0.0571297946018
284.0 27.548297 0.058436860453 26.000085 0.190534430965
285.0 26.860266 0.126573969011 25.323654 0.0721846829204
286.0 27.386979 0.188869167623 25.840819 0.179299697862
287.0 26.825496 0.120916020399 25.287385 0.115685478001
288.0 26.894798 0.0332827814947 25.356464 0.197798823919
289.0 26.862495 0.0885739424438 25.325091 0.0883279590859
290.0 26.354467 0.0531413732826 24.827983 0.0635466922011
291.0 25.81718 0.123501761958 24.29943 0.073864625158
292.0 23.50834 0.00071604682708 22.025289 0.185167688494
293.0 24.119466 0.196257987071 22.626817 0.0948922520189
294.0 24.451292 0.0174656667281 22.952648 0.0502445819478
295.0 25.196915 0.19499155205 23.684945 0.0895359794466
296.0 24.583743 0.0643517461296 23.08419 0.122377140213
297.0 25.308571 0.109975759407 23.794464 0.078322555547
298.0 24.648564 0.0304535920918 23.145288 0.153159076427
299.0 24.395083 0.104322310801 22.89467 0.0879314219352
300.0 17.790355 0.0347557558463 16.418253 0.0165118132882
301.0 18.623481 0.18672348598 17.236931 0.184223234727
302.0 19.593868 0.0933286950082 18.19056 0.0422564625733
303.0 18.906604 0.129680314558 17.515635 0.012873174191
304.0 19.111432 0.0474118467001 17.716516 0.0836547206392
305.0 18.537809 0.0344039091127 17.154697 0.183790206896
306.0 18.778367 0.0410099628879 17.392847 0.075069094039
307.0 17.875565 0.0103623680718 16.505388 0.0592086293832
308.0 18.704631 0.0659678049023 17.317462 0.149630840049
309.0 19.555487 0.164023049139 18.152354 0.163142839019
310.0 19.867827 0.148310544217 18.460141 0.00748717097383
311.0 19.219194 0.197686400508 17.825329 0.193218356529
312.0 19.370633 0.149305186807 17.977118 0.00814276027009
313.0 19.49187 0.0344568752653 18.096001 0.118085844074
314.0 19.076888 0.064913254482 17.690654 0.0778708227649
315.0 18.668981 0.11422477443 17.289677 0.0894102438418
316.0 18.340375 0.18885696267 16.966918 0.0644338032367
317.0 17.658008 0.145381208764 16.297866 0.0892928394891
318.0 17.805219 0.0410831736245 16.44374 0.141803923011
319.0 17.769814 0.00437976713424 16.407134 0.07669594849
320.0 17.655878 0.102906496049 16.294054 0.0326966090685
321.0 21.17686 0.075953209677 19.747095 0.118948727115
322.0 20.593251 0.130498993811 19.174439 0.0824209645251
323.0 21.475561 0.0858519201386 20.040147 0.16299579823
324.0 21.651356 0.111280551352 20.214105 0.128812963269
325.0 21.818183 0.127856575935 20.379763 0.0929567800169
326.0 21.185729 0.112879607119 19.759282 0.153029034018
327.0 21.457431 0.193446413697 20.025962 0.137510346474
328.0 22.322864 0.173814106331 20.87569 0.00014706317747
329.0 21.830213 0.0308495067604 20.390881 0.0348111539099
330.0 18.693296 0.00382901878631 17.305923 0.0312843979568
331.0 18.258004 0.0986063300499 16.878678 0.124722719779
332.0 18.476876 0.158246668381 17.094774 0.0101431467263
333.0 17.512298 0.0977447350772 16.146645 0.15642686655
334.0 18.144729 0.082369819781 16.765868 0.151876751262
335.0 27.29868 0.0434891668649 25.755956 0.0149356335549
336.0 26.904709 0.124467847825 25.368432 0.105136585775
337.0 26.275669 0.0221047803014 24.750353 0.132267844494
338.0 25.407674 0.0813756976797 23.896226 0.0942510597963
339.0 25.218487 0.14407884433 23.708913 0.145533411474
340.0 25.672107 0.106067850974 24.155044 0.170812678727
341.0 26.65036 0.12076907134 25.116517 0.19705409206
342.0 26.209198 0.00462424398621 24.681414 0.144926917215
343.0 25.996812 0.142566890975 24.474926 0.105163129
344.0 17.572633 0.176962588146 16.208514 0.0989796851866
345.0 18.044264 0.0690736810661 16.670465 0.181662767864
346.0 18.060979 0.065646807339 16.685959 0.0714105019068
347.0 18.858153 0.163741439732 17.467379 0.144372143627
348.0 19.547972 0.190432242725 18.14445 0.0325668269822
349.0 19.62834 0.0360482490046 18.225254 0.175359132306
350.0 18.186924 0.0264262713829 16.802733 0.0984529689173
351.0 18.033869 0.0878740414127 16.654138 0.181031323452
352.0 17.874962 0.062555260268 16.497554 0.151450458873
353.0 17.916818 0.0523904721242 16.536787 0.0873396813124
354.0 16.94324 0.0688495088639 15.580497 0.189039389246
355.0 17.895728 0.151932978412 16.516292 0.0458477283119
356.0 16.981027 0.178479490803 15.617789 0.0554145501457
357.0 16.412905 0.141392778007 15.05837 0.149458108219
358.0 16.668922 0.189109223451 15.311002 0.0269424013957
359.0 15.994622 0.0989473890193 14.649726 0.0939443644714
360.0 25.354823 0.169946473821 23.838881 0.070285559848
361.0 24.364045 0.117699207611 22.864471 0.0302335258852
362.0 24.220118 0.140830405496 22.722899 0.0899751106133
363.0 23.714402 0.199965825999 22.226598 0.13709833616
364.0 23.213568 0.0314061267932 21.73524 0.139391668609
365.0 22.51886 0.13056128014 21.054416 0.0701041643103
366.0 22.124244 0.0629152505159 20.665521 0.0694272027411
367.0 17.867824 0.0547156212179 16.49089 0.177903716195
368.0 18.400967 0.00915186827886 17.01589 0.0633016461829
369.0 18.507164 0.0330509405169 17.119698 0.0786559429692
370.0 18.81574 0.146762682505 17.421112 0.124136277834
371.0 19.471103 0.148426938516 18.064464 0.108637530261
372.0 19.82505 0.00428290588912 18.410854 0.119088116551
373.0 19.681027 0.13567043673 18.268421 0.136068959868
374.0 19.335049 0.127222812076 17.930902 0.0466488715949
375.0 19.833334 0.125105198911 18.418082 0.0320406641207
376.0 20.784951 0.0502332058271 19.353482 0.176648205173
377.0 20.516546 0.195081871608 19.087953 0.198561824782
378.0 19.937632 0.193490122335 18.521082 0.112033138363
379.0 20.017556 0.197054487674 18.59803 0.0202471740906
380.0 27.18083 0.189432960218 25.623376 0.0625290844541
381.0 27.61886 0.0477236107524 26.052271 0.187817382407
382.0 28.27448 0.101065121672 26.69679 0.151297183224
383.0 19.207909 0.0196802342734 17.792508 0.144711473359
384.0 18.642148 0.014920545206 17.23605 0.034465424648
385.0 19.185949 0.0396503149479 17.768587 0.0674519484282
386.0 21.638937 0.0286145584951 20.185499 0.0715305394428
387.0 21.196902 0.140615707097 19.752321 0.108588558426
388.0 21.904913 0.0960950835861 20.446239 0.196947959242
389.0 21.088101 0.000409643315824 19.645417 0.0940106266871
390.0 21.382457 0.144131502307 19.932892 0.0408369162941
391.0 26.415627 0.160132860214 24.86923 0.043805484129
392.0 26.578759 0.0259787283644 25.031154 0.18344485437
393.0 26.143173 0.0653135851921 24.605418 0.0254637136089
394.0 26.562585 0.17704207631 25.017746 0.156222580087
395.0 27.434822 0.129105601645 25.876401 0.105121356541
396.0 27.623154 0.123100970846 26.063225 0.174582338338
397.0 27.993332 0.0752035566374 26.42928 0.0524960543905
398.0 28.405764 0.0295339895229 26.834174 0.0518590802723
399.0 24.711018 0.152315504455 23.214946 0.142234203351
400.0 25.498826 0.0231490238636 23.988418 0.0739206260979
401.0 26.42022 0.1727710349 24.894991 0.0995202814012
402.0 25.623675 0.159595977437 24.113923 0.0226577595732
403.0 25.82375 0.0265786887182 24.310342 0.149596479248
404.0 25.534243 0.0837996567672 24.025276 0.149979399097
405.0 25.759398 0.121527406051 24.247891 0.133417463331
406.0 22.002885 0.145306844016 20.560804 0.171941494413
407.0 22.249557 0.00417321236148 20.801371 0.0665994030707
408.0 21.855217 0.0656620542942 20.413735 0.106206309152
409.0 21.79296 0.00611508625075 20.353395 0.189034986558
410.0 23.339713 0.106833459537 21.866813 0.104316639489
411.0 22.487391 0.0595840373682 21.030422 0.191125123357
412.0 22.152329 0.118437005398 20.702097 0.172855707906
413.0 21.451954 0.169011048771 20.013101 0.144158502034
414.0 22.395547 0.154207568265 20.941277 0.0964088110914
415.0 23.140196 0.114828845851 21.670667 0.139919016926
416.0 22.161319 0.122634976488 20.70831 0.0589360283343
417.0 17.636274 0.133175123833 16.270322 0.0579972241748
418.0 17.776075 0.151562417795 16.406469 0.105045761219
419.0 17.728822 0.0177643205771 16.359392 0.165159207439
420.0 18.122146 0.0842206554826 16.747008 0.0592290635117
421.0 17.833978 0.18846460916 16.465665 0.155855551606
422.0 18.712616 0.174201426185 17.324319 0.101076872077
423.0 18.348256 0.15318211566 16.965148 0.152165345976
424.0 18.799829 0.140025670305 17.409729 0.00415425842343
425.0 18.973007 0.152661866367 17.577783 0.0229203209596
426.0 18.247907 0.0404951591438 16.865235 0.13568799656
427.0 19.20557 0.195028271622 17.806952 0.0656979197041
428.0 18.830763 0.0298877923587 17.439449 0.142593360931
429.0 18.306025 0.0947652294838 16.926352 0.101067612672
430.0 18.321732 0.0690339661392 16.941356 0.13949532114
431.0 17.664357 0.0993894141207 16.294356 0.0491016183165
432.0 24.316504 0.1894172195 22.836701 0.188109966792
433.0 23.586192 0.0918725770386 22.118487 0.0784403268202
434.0 22.896575 0.0889893507151 21.442329 0.148798387642
435.0 23.778687 0.0172469149704 22.309345 0.0581729691333
436.0 24.030646 0.00756670746858 22.558368 0.123841055998
437.0 23.464138 0.0586606805343 22.003807 0.140737698402
438.0 23.608388 0.129447846119 22.146446 0.193490460669
439.0 23.069221 0.0476590155163 21.6192 0.165584789808
440.0 21.744073 0.0977834526644 20.316512 0.0197763933937
441.0 21.585304 0.199028594891 20.160415 0.168351268491
442.0 20.92657 0.176357738255 19.513422 0.136047697333
443.0 21.048051 0.0914493911099 19.631666 0.138200982214
444.0 20.35224 0.0929836644148 18.948472 0.167000708497
445.0 20.376981 0.15950670148 18.973345 0.109311818343
446.0 20.988904 0.178762796102 19.572059 0.0406102096322
447.0 21.594165 0.124923836496 20.164193 0.0200278082409
448.0 21.183177 0.0308567461637 19.762426 0.0678249504115
449.0 21.138772 0.18912786056 19.719612 0.0796481274523
450.0 20.648176 0.0246446796192 19.236473 0.0920807788811
451.0 27.836036 0.0614028970538 26.291977 0.0525058451023
452.0 27.095612 0.15853173838 25.562095 0.143486513369
453.0 27.520806 0.195162807528 25.978246 0.15077906087
454.0 27.559183 0.0107431540965 26.017136 0.062703171189
455.0 27.291058 0.0742449423283 25.753353 0.14653192081
456.0 27.075864 0.118594506773 25.542175 0.116239181464
457.0 27.317785 0.157539478528 25.781535 0.150618349944
458.0 19.70012 0.134445764043 18.306492 0.190870684797
459.0 19.005031 0.0422582295818 17.625181 0.0742537151761
460.0 18.148713 0.0977281106796 16.782978 0.166931937417
461.0 17.590572 0.175618396894 16.234984 0.16619610025
462.0 17.81415 0.0252671954249 16.454086 0.193467867692
463.0 18.387503 0.0934691092881 17.018641 0.185399133938
464.0 18.772209 0.0599361551209 17.396189 0.195605381616
465.0 18.093918 0.11076732375 16.729739 0.166603037019
466.0 17.547898 0.121685021293 16.193624 0.0732722685896
467.0 17.934129 0.179209287996 16.574799 0.0748326213291
468.0 27.16265 0.0740402393301 25.628803 0.109963037508
469.0 26.789357 0.158120046785 25.260288 0.189590618313
470.0 27.314594 0.120464112773 25.776001 0.00804433553514
471.0 28.002913 0.0570494956914 26.457678 0.066931220277
472.0 27.434784 0.134289547745 25.8989 0.096980273993
473.0 26.550658 0.121185404264 25.030585 0.0985152042305
474.0 26.064887 0.189004274833 24.552654 0.0202416487732
475.0 25.659002 0.122863158809 24.154615 0.186632584715
476.0 24.628666 0.0311626194906 23.141361 0.00403418450317
477.0 24.33229 0.0918972040073 22.850517 0.139429188764
478.0 24.519204 0.0508875084357 23.033963 0.105706985165
479.0 24.597068 0.142373656972 23.124112 0.0592217857636
480.0 24.816956 0.167874863953 23.338452 0.0731406389658
481.0 24.954222 0.103194742501 23.474648 0.0145318058012
482.0 25.242094 0.00356264670416 23.755604 0.185931339364
483.0 25.457195 0.090051220138 23.967206 0.084218570802
484.0 24.904735 0.114094015907 23.423428 0.0223190643514
485.0 25.565218 0.114715977017 24.071661 0.0690711284683
486.0 25.668173 0.0599037922394 24.173909 0.0113818663198
487.0 26.427092 0.197753371685 24.920968 0.138456299855
488.0 27.015852 0.103571960149 25.499488 0.102127355959
489.0 29.135278 0.199029736695 27.586947 0.181256708762
490.0 29.230819 0.0741134252371 27.683365 0.15139218024
491.0 29.414657 0.0556896357732 27.866813 0.0247645519504
492.0 29.456376 0.157322834805 27.906472 0.150437393845
493.0 29.764527 0.0171318355637 28.214162 0.0665192731063
494.0 30.369233 0.0896389469349 28.820359 0.0908960277547
495.0 30.951118 0.022524995236 29.409183 0.133758222988
496.0 31.334174 0.161009769181 29.804627 0.187505283839
497.0 19.420903 0.120568539681 18.052118 0.00411348476664
498.0 18.885331 0.0496381262122 17.525373 0.0747075081342
499.0 18.565877 0.0873120977195 17.210794 0.192495329459
500.0 17.781344 0.197056756082 16.442442 0.161941942917
