0.0 14.764356 0.0827309128613 13.31706 0.152244672121
1.0 15.404824 0.0406525272484 13.944784 0.00995062322006
2.0 15.209237 0.117367347864 13.754337 0.189668097962
3.0 15.965999 0.096093407511 14.498788 0.0752129525812
4.0 15.705569 0.134329845878 14.244026 0.0479565487875
5.0 15.980675 0.0860289250262 14.512515 0.0887408561134
6.0 15.196523 0.0714799817565 13.742885 0.122367243257
7.0 16.027879 0.106053141776 14.559054 0.151218574818
8.0 16.459207 0.198979158234 14.984088 0.0167569904783
9.0 16.475554 0.0882786528754 15.00142 0.0243843904758
10.0 16.232999 0.0405823163975 14.764106 0.156271916174
11.0 16.769501 0.0898012400173 15.291308 0.111512373628
12.0 16.591524 0.0590680516432 15.115772 0.0676668038479
13.0 16.775928 0.0278587433768 15.295903 0.0103125112048
14.0 17.603362 0.0163432029829 16.109625 0.144013547091
15.0 19.532541 0.0970418949075 18.011567 0.0948726886067
16.0 18.984266 0.183753351376 17.473406 0.0470733613352
17.0 18.256463 0.018034667662 16.759181 0.039569087769
18.0 12.113141 0.119614563052 10.724208 0.124420587224
19.0 12.343353 0.0914239328794 10.949193 0.125501322747
20.0 12.476025 0.0495449209872 11.080757 0.158144704175
21.0 12.499934 0.00498321550353 11.102665 0.126874582721
22.0 11.821895 0.140478050282 10.437906 0.0372422829714
23.0 12.161781 0.182471215532 10.771115 0.0669846297894
24.0 11.576851 0.134830315362 10.197554 0.103978547911
25.0 11.449989 0.144681860556 10.073477 0.0342057139412
26.0 14.797017 0.18364330834 13.36683 0.0356686153422
27.0 15.119458 0.0540942309054 13.685029 0.0192275089724
28.0 14.909296 0.134121925811 13.480509 0.15325548162
29.0 14.080468 0.148469620099 12.667161 0.0512783454764
30.0 13.915626 0.0961525825714 12.506406 0.0796570270067
31.0 18.768781 0.0591912317223 17.264424 0.0718096319758
32.0 18.83025 0.181967798037 17.324528 0.148872421831
33.0 18.571217 0.170857218342 17.071402 0.0853028266972
34.0 19.551907 0.0453991711225 18.035546 0.0310526798442
35.0 19.485699 0.0794283448518 17.97038 0.179605641778
36.0 18.860534 0.178081972358 17.357568 0.131366619054
37.0 20.914682 0.146109093085 19.366862 0.19000056247
38.0 21.100837 0.120450499525 19.548999 0.103914663837
39.0 21.175457 0.0634090712825 19.620621 0.176907974109
40.0 21.958024 0.141872652326 20.390325 0.0996311411889
41.0 22.261669 0.0312086675991 20.688647 0.171541015079
42.0 21.343807 0.0524884095108 19.786282 0.0862325872413
43.0 21.477119 0.0934986946768 19.918524 0.131813287923
44.0 21.690806 0.0150534095657 20.126734 0.0111259013562
45.0 20.859225 0.106332998084 19.309084 0.159827404955
46.0 20.183699 0.173605045269 18.657046 0.0271252091894
47.0 20.490774 0.0366597735433 18.959838 0.123569582895
48.0 20.54985 0.0563671297148 19.017134 0.0354888472956
49.0 20.214792 0.0931436162009 18.688209 0.0633972967129
50.0 20.46893 0.000932533804277 18.93746 0.19741174301
51.0 21.248872 0.135537624131 19.701647 0.163547456882
52.0 21.485875 0.0780048431634 19.935196 0.130639951743
53.0 20.718789 0.104439606911 19.181969 0.156072819126
54.0 20.896819 0.0498441582155 19.355636 0.0228000228127
55.0 20.956367 0.117307757424 19.414019 0.0497036126742
56.0 20.705838 0.00402326911624 19.170185 0.055621431921
57.0 20.791707 0.0474522484764 19.248693 0.18477639559
58.0 20.524567 0.0320377520188 18.984858 0.163509792857
59.0 20.879402 0.00383871365252 19.331557 0.117260523589
60.0 20.314793 0.0676442467096 18.777915 0.107861963218
61.0 20.762021 0.107588480704 19.215819 0.116183877009
62.0 21.193326 0.0153741411597 19.640125 0.00151960638112
63.0 21.809573 0.0955868794923 20.243278 0.0742560114344
64.0 22.330396 0.0804526993195 20.752762 0.197991078516
65.0 21.792183 0.113367588567 20.222757 0.0531301396251
66.0 21.554946 0.0266090083015 19.988964 0.0568315221995
67.0 15.298371 0.0461321006701 13.841599 0.0529501708309
68.0 14.594273 0.0336021454193 13.151948 0.0588699842781
69.0 14.417921 0.134675199318 12.977878 0.0835533949499
70.0 14.423864 0.171180304465 12.982997 0.0163245197116
71.0 10.630981 0.186916540986 9.271246 0.137367425019
72.0 9.913294 0.00938969624563 8.56807 0.109600171216
73.0 10.018795 0.131744132775 8.672332 0.157315741428
74.0 9.933385 0.0652917078611 8.588422 0.138429252688
75.0 9.274979 0.114233424712 7.94104 0.0181731503112
76.0 9.326332 0.167893636609 7.991787 0.0154386568645
77.0 8.850704 0.0361772039246 7.524422 0.0805067353795
78.0 9.03389 0.0685165701982 7.705022 0.178146645193
79.0 8.842438 0.0810983059009 7.518239 0.138238614756
80.0 8.273203 0.167885014287 6.958943 0.143050269652
81.0 9.247338 0.0792069679231 7.916905 0.149764541496
82.0 12.214833 0.0998010541276 10.822523 0.10135461497
83.0 13.036463 0.171524646343 11.629274 0.12650920613
84.0 13.3702 0.185334338559 11.958851 0.0394756012602
85.0 13.250331 0.0881109360103 11.841447 0.16205218885
86.0 14.33359 0.0104885934576 12.901761 0.0978141588418
87.0 13.782479 0.169595797416 12.361354 0.115803693594
88.0 14.296275 0.170735669135 12.865946 0.0273712911001
89.0 13.693255 0.0519731667613 12.273547 0.04273472194
90.0 13.059994 0.130662124722 11.653643 0.00336080176987
91.0 13.423915 0.109867806896 12.010803 0.0569499833225
92.0 13.393486 0.043250246932 11.981031 0.190876637281
93.0 12.482743 0.0780211282612 11.100655 0.128463124654
94.0 13.369112 0.140669238429 11.969783 0.184557324054
95.0 13.937816 0.195292707392 12.528852 0.112450568951
96.0 14.805395 0.154648098462 13.380235 0.140698131578
97.0 15.618697 0.138194070391 14.177417 0.0375056049918
98.0 15.780014 0.0327270549043 14.335418 0.0895217761558
99.0 16.358708 0.131815747067 14.902697 0.0866123571951
100.0 19.885378 0.172147227636 18.363362 0.102525841199
101.0 19.415722 0.147496389029 17.904468 0.174933011301
102.0 18.62759 0.13461862885 17.131199 0.172598030649
103.0 17.92947 0.137518521989 16.445338 0.146311139844
104.0 17.416598 0.147080025043 15.943323 0.172557648268
105.0 18.25946 0.0982003819829 16.770537 0.124122079883
106.0 18.00959 0.074879666022 16.527088 0.1646957069
107.0 18.233686 0.149916843922 16.747728 0.0914251932618
108.0 17.264707 0.172650567904 15.795853 0.0860516582831
109.0 16.466473 0.133765737323 15.011462 0.159807040815
110.0 14.376671 0.0802829455704 12.967559 0.098480679755
111.0 13.423366 0.0650935727457 12.030797 0.0388106016871
112.0 13.235007 0.156175278945 11.844346 0.0464523109014
113.0 14.015499 0.0146606712012 12.611102 0.19343289956
114.0 13.884739 0.068765434859 12.484162 0.0739442679621
115.0 13.086767 0.0171658475984 11.699765 0.0169424799338
116.0 12.330638 0.100726281981 10.958846 0.177956585209
117.0 16.858971 0.0500991333248 15.411563 0.100676025555
118.0 17.786709 0.0263777550182 16.323956 0.0327845559314
119.0 18.491442 0.146452036255 17.016989 0.0572030138591
120.0 18.571745 0.161031092245 17.097009 0.0502031181628
121.0 12.852708 0.0134703412918 11.483984 0.101266895885
122.0 13.609634 0.0193730285514 12.226959 0.0241076156348
123.0 13.452684 0.151358304496 12.074205 0.0410817577641
124.0 13.852006 0.0967416829491 12.464339 0.0464786986008
125.0 13.255781 0.168942862616 11.877723 0.0225845469574
126.0 14.104771 0.0515256981059 12.712115 0.0183917944304
127.0 14.622697 0.0926637905934 13.221844 0.122259900547
128.0 14.743384 0.0324886041581 13.340638 0.116569730216
129.0 14.503841 0.14722120426 13.104827 0.071579209653
130.0 12.570206 0.11608414913 11.20905 0.00478522767717
131.0 12.660611 0.0417571000002 11.29703 0.069589773305
132.0 12.893242 0.00990551166001 11.527057 0.196351258312
133.0 12.985438 0.199436690097 11.618839 0.190946357178
134.0 12.384732 0.0440277063371 11.028872 0.0799318560252
135.0 11.651805 0.122619095527 10.309359 0.0911021481661
136.0 10.760605 0.129249949959 9.434917 0.0710196475298
137.0 10.939589 0.102718036483 9.612093 0.186311519291
138.0 16.922544 0.0743452544783 15.478613 0.136643853234
139.0 16.491189 0.1805702484 15.056227 0.0245152352696
140.0 16.585267 0.000911455829232 15.148163 0.133856327725
141.0 15.933865 0.0404299933834 14.508039 0.0713499060578
142.0 15.368102 0.0270602466522 13.954722 0.0341700489559
143.0 14.55841 0.197950718276 13.160671 0.158665363699
144.0 14.377059 0.155861333586 12.982266 0.178941384017
145.0 15.102684 0.0202476430435 13.693551 0.0190540111835
146.0 15.605441 0.0871050041268 14.187703 0.165367251192
147.0 15.652868 0.0914891989675 14.233024 0.14223874387
148.0 13.185276 0.148734435774 11.812434 0.116570944296
149.0 12.434426 0.169506070996 11.077538 0.147941523775
150.0 11.8784 0.10899317349 10.531047 0.102970277952
151.0 12.48285 0.15033336382 11.123217 0.0443250594538
152.0 11.90736 0.000131945098831 10.560259 0.0728143175261
153.0 12.362464 0.149544886691 11.006721 0.0826277019179
154.0 11.395025 0.171326276264 10.055734 0.0118062019681
155.0 10.669526 0.161127359183 9.345163 0.198092173648
156.0 10.828419 0.0234488616442 9.502784 0.0100319977604
157.0 20.80037 0.052719455618 19.283237 0.0179221153446
158.0 20.407214 0.121390557797 18.896426 0.16482224219
159.0 20.592831 0.139964004 19.078271 0.00783854623049
160.0 20.796482 0.144514526573 19.277301 0.00959622925612
161.0 17.906463 0.185172012864 16.453256 0.12055061093
162.0 18.202569 0.100326458914 16.745861 0.049518300262
163.0 17.788616 0.000465708690414 16.338017 0.111563935637
164.0 18.029547 0.073520763805 16.576132 0.0957945868825
165.0 17.456253 0.122438322991 16.01469 0.0947705156033
166.0 18.21195 0.0181476825708 16.755462 0.0698093025282
167.0 17.485078 0.00459930463614 16.040233 0.113214132356
168.0 17.982453 0.143261108856 16.526493 0.0230049472307
169.0 23.40413 0.141827079049 21.844649 0.0425136645933
170.0 23.669731 0.118451488215 22.104334 0.0302550346411
171.0 23.503732 0.126283848885 21.942687 0.0883942625142
172.0 24.064731 0.0718563562074 22.494761 0.0927565697834
173.0 23.452127 0.0636873490725 21.895452 0.110156286911
174.0 22.919782 0.152635737595 21.372899 0.0643418397272
175.0 23.323357 0.0365997640308 21.769464 0.167715151675
176.0 23.978364 0.16650326048 22.413719 0.0184795234188
177.0 20.078623 0.184407376674 18.583538 0.172556175994
178.0 20.039314 0.134117453826 18.543805 0.0283245667852
179.0 19.600202 0.0787076147675 18.113376 0.0800854010176
180.0 19.938421 0.155352894622 18.444702 0.0217018269503
181.0 19.904935 0.0102030147556 18.413204 0.176012725194
182.0 19.52465 0.164109381241 18.03889 0.0811053940282
183.0 14.658499 0.0391773548708 13.27139 0.0378147506961
184.0 14.955607 0.168419529804 13.564647 0.0717397983696
185.0 14.08322 0.06701847844 12.708142 0.0481165981625
186.0 13.297878 0.0240194840694 11.937323 0.0104279136019
187.0 12.864235 0.0768092338689 11.510984 0.0386183869504
188.0 13.778994 0.127485634719 12.409122 0.00691549716196
189.0 12.997518 0.195322563621 11.643768 0.130150032058
190.0 13.537306 0.0190483979735 12.173562 0.146240440498
191.0 20.182511 0.0980679552317 18.693146 0.16568218081
192.0 20.327906 0.0860303222214 18.834531 0.0773189708012
193.0 19.777378 0.0144521890666 18.293063 0.0894685445198
194.0 19.128666 0.109685603006 17.656902 0.15792195898
195.0 19.23016 0.144705591483 17.755092 0.047879310132
196.0 19.112264 0.178849664096 17.637964 0.0847331773927
197.0 18.680316 0.160156222082 17.213039 0.186373256221
198.0 18.939896 0.035099343496 17.467304 0.141387003716
199.0 19.495376 0.0160596796099 18.010639 0.140660183887
200.0 20.295888 0.16258413903 18.796672 0.0702710047904
201.0 21.071292 0.0772422137225 19.559111 0.0563705962268
202.0 23.052695 0.0868437024478 21.495862 0.0611122749323
203.0 22.484882 0.103927280838 20.939098 0.169969525561
204.0 23.374398 0.0754900046552 21.812632 0.100360674459
205.0 23.800161 0.170677374141 22.231576 0.073374136924
206.0 17.836679 0.0801936560944 16.376315 0.136726183522
207.0 18.627111 0.16465051013 17.154056 0.161209667638
208.0 18.579574 0.112415262626 17.108476 0.00789299743227
209.0 17.928611 0.0596537070172 16.469514 0.0461665235985
210.0 17.1216 0.0140305360845 15.678699 0.0693690919292
211.0 16.606294 0.0495682248282 15.174445 0.1255497053
212.0 18.080008 0.0267566824252 16.616582 0.0729295097934
213.0 18.568445 0.0495920555959 17.095677 0.116149212059
214.0 18.485474 0.187522706049 17.013966 0.0401007487267
215.0 18.806435 0.101150624015 17.327242 0.149490927451
216.0 17.806867 0.056394663403 16.344983 0.179232636121
217.0 18.521459 0.0247168502048 17.048449 0.0162801949632
218.0 17.93129 0.156108150101 16.46924 0.169905636386
219.0 17.179721 0.000540651495275 15.730987 0.146014356101
220.0 16.883541 0.187473108061 15.439544 0.00775991705852
221.0 20.454525 0.197364205232 18.941926 0.0888035814923
222.0 19.583595 0.162312408412 18.087606 0.0586475954182
223.0 18.923739 0.0146522673962 17.43922 0.0986171076854
224.0 19.651289 0.0791283693228 18.151978 0.0179252633506
225.0 20.397658 0.192963426769 18.885797 0.0161276749368
226.0 20.852561 0.1796186116 19.332279 0.183833378314
227.0 20.19964 0.18910114774 18.690136 0.187243172814
228.0 20.338341 0.185005365997 18.824801 0.173002846952
229.0 14.645528 0.176277776684 13.229492 0.0194916481007
230.0 15.498929 0.187472429323 14.067461 0.0245041335868
231.0 15.616707 0.17950938621 14.181678 0.158464304613
232.0 14.947201 0.129108177836 13.526048 0.0335644291846
233.0 14.206727 0.189410079223 12.798434 0.149102693479
234.0 14.770209 0.0958002259017 13.351651 0.0498445156963
235.0 15.27462 0.0860541812566 13.845035 0.0210582624155
236.0 15.114337 0.0413886412343 13.68668 0.152525271774
237.0 17.370314 0.158283010396 15.89834 0.189255992344
238.0 16.684956 0.0031217770034 15.227454 0.11113851346
239.0 16.417622 0.155481143605 14.964742 0.0595556923562
240.0 17.060204 0.167926417337 15.593564 0.0433383940455
241.0 17.239562 0.0234108944722 15.768176 0.116147531324
242.0 16.391176 0.138930865254 14.935356 0.0479564034707
243.0 19.4104 0.0477539694831 17.912011 0.0436673169629
244.0 19.313419 0.112394999777 17.81615 0.197397579543
245.0 18.765762 0.0385096318564 17.280568 0.100375217039
246.0 18.992512 0.140542489607 17.503431 0.198215762336
247.0 19.149432 0.0868920009785 17.658392 0.0351289183541
248.0 20.027419 0.114900311335 18.521321 0.0375149352448
249.0 19.64114 0.164468500534 18.140558 0.0218373222002
250.0 12.288574 0.165112632014 10.922403 0.0651736402279
251.0 12.306875 0.119293141993 10.94074 0.127541480264
252.0 12.353939 0.121791583303 10.988049 0.159293046407
253.0 12.178451 0.00419287662845 10.814617 0.136635350884
254.0 12.074281 0.109815137125 10.71411 0.141867744732
255.0 11.23137 0.0642744253765 9.887772 0.130245875483
256.0 10.986431 0.125385869984 9.648819 0.100636974406
257.0 11.907397 0.195911514035 10.55352 0.104036578903
258.0 17.801985 0.197760274608 16.339008 0.199373211406
259.0 17.490926 0.162107556879 16.033664 0.0201284796019
260.0 17.639963 0.0206554516086 16.178524 0.01295743475
261.0 18.350394 0.116277066423 16.877832 0.0245543074993
262.0 19.172661 0.00471478847724 17.685213 0.046277519729
263.0 19.007423 0.0511731470867 17.521417 0.128920063188
264.0 18.414598 0.0586940513485 16.93992 0.0844089183214
265.0 18.731079 0.128586374932 17.250348 0.0117326610978
266.0 18.879102 0.00539097673397 17.393729 0.180472440701
267.0 19.35052 0.124103207456 17.856841 0.181106031321
268.0 20.041894 0.0269819153541 18.535167 0.012463818228
269.0 19.471941 0.0268312999704 17.982396 0.000861398046255
270.0 19.008435 0.0148486016838 17.528112 0.188195561128
271.0 18.777679 0.141475571907 17.302201 0.143646419579
272.0 17.915115 0.0864541163081 16.455679 0.0955110418644
273.0 18.1808 0.151247762308 16.71555 0.136312834567
274.0 18.229451 0.0779761272701 16.761854 0.123515050301
275.0 17.473452 0.024347948708 16.018529 0.158147482122
276.0 17.854173 0.0553162193727 16.392876 0.0975631651342
277.0 18.668282 0.120229289825 17.191816 0.135748715683
278.0 17.98012 0.0715162414424 16.516552 0.0082054856317
279.0 17.658153 0.120821169691 16.200224 0.149378062613
280.0 23.269544 0.0763869614868 21.711199 0.186398204076
281.0 24.071452 0.177268141211 22.498112 0.0170777604728
282.0 24.368913 0.0970218586407 22.791858 0.0177873769037
283.0 24.648845 0.0900569344266 23.067351 0.177857825102
284.0 25.002277 0.0267275140269 23.414866 0.175810976852
285.0 24.587465 0.135430029399 23.008875 0.03771842212
286.0 23.828717 0.0723873594015 22.264332 0.0581427377035
287.0 24.228499 0.13027297124 22.657891 0.138936984175
288.0 23.710708 0.126122964906 22.150655 0.0830281807025
289.0 23.031094 0.0368676991421 21.485407 0.0428018872953
290.0 22.357165 0.0275688714324 20.823005 0.0524459209804
291.0 15.88509 0.173214205661 14.466057 0.133145559553
292.0 15.302646 0.0438153803667 13.893674 0.0648485833189
293.0 15.604515 0.163273057688 14.188045 0.0809057921381
294.0 16.106685 0.0341222383806 14.68033 0.0235135825017
295.0 16.841415 0.0959992569297 15.403177 0.177356876883
296.0 15.980491 0.197668529721 14.557506 0.0536081892251
297.0 16.821045 0.0248337407401 15.381514 0.0476673810205
298.0 17.066479 0.00694306739304 15.623085 0.0892139183125
299.0 18.640782 0.13972747736 17.166411 0.049149715664
300.0 18.423104 0.119085960928 16.953035 0.0238717410789
301.0 18.896126 0.0651655950741 17.416943 0.0926805816836
302.0 18.383106 0.0337495040961 16.91193 0.0660565594176
303.0 19.356294 0.0400193521567 17.867969 0.152117930624
304.0 18.910123 0.0768502854974 17.430102 0.101407727343
305.0 18.038137 0.171077706217 16.575169 0.0581699354697
306.0 17.372413 0.068783609303 15.923438 0.13706846954
307.0 16.399435 0.0105855189158 14.966692 0.00365138783229
308.0 16.069704 0.0047413162689 14.64212 0.129661612933
309.0 16.166219 0.0999156002209 14.735198 0.00840068189076
310.0 22.223162 0.0737981987794 20.690487 0.18530415103
311.0 21.81266 0.181631600902 20.288231 0.107294300158
312.0 22.312237 0.0659154193763 20.777121 0.0976758852245
313.0 21.675647 0.132013678038 20.154077 0.0856822466293
314.0 22.105725 0.00445521436596 20.578066 0.0610110187946
315.0 22.235905 0.163002261457 20.705409 0.181712629385
316.0 22.686765 0.0359804291947 21.14925 0.12365596064
317.0 23.703326 0.0620048737766 22.148695 0.0612928501875
318.0 23.309756 0.0983841722405 21.763164 0.162092804855
319.0 24.067057 0.0603604184782 22.507915 0.139016478331
320.0 15.794696 0.0287969523945 14.38916 0.0669627345239
321.0 15.551376 0.123514384461 14.14975 0.0506181886707
322.0 16.301088 0.0521643766639 14.886065 0.172284622186
323.0 16.942209 0.0418069328182 15.513586 0.115089943023
324.0 17.572879 0.113278943456 16.133106 0.114319972975
325.0 16.908221 0.188627531391 15.48132 0.0755438148401
326.0 17.354564 0.0990274627278 15.917616 0.0191631843594
327.0 18.049833 0.13403069786 16.598525 0.0252596884101
328.0 19.812836 0.160056164887 18.324466 0.0849769741962
329.0 20.59231 0.14828069321 19.090604 0.0214881679297
330.0 19.89771 0.104796358704 18.41086 0.0074143536282
331.0 20.121523 0.139280119198 18.631444 0.00576401874815
332.0 19.940293 0.133590133786 18.453657 0.0252612466068
333.0 19.36434 0.0945201534973 17.89002 0.0336376895048
334.0 19.19522 0.161419076901 17.723723 0.0561856359513
335.0 18.462217 0.114771813759 17.005621 0.0908489659817
336.0 22.341589 0.12501976966 20.815082 0.0465188718953
337.0 22.121039 0.0539061480504 20.597364 0.123735438524
338.0 22.115204 0.0565198815953 20.592556 0.0183503882485
339.0 16.533849 0.103136609569 15.121142 0.0715036904457
340.0 17.067965 0.0305176783184 15.645601 0.0629751564803
341.0 16.851807 0.0835198437393 15.435361 0.181346436458
342.0 16.944982 0.090092440225 15.525606 0.135798199904
343.0 16.632352 0.0972212067883 15.220804 0.11945174894
344.0 15.669992 0.0830458791828 14.274609 0.189671275122
345.0 23.713673 0.0217053197052 22.174422 0.0565897137647
346.0 23.674673 0.163649907585 22.134415 0.137801283048
347.0 24.00846 0.128305690184 22.462694 0.00625679933463
348.0 24.028846 0.123307450375 22.48379 0.105902152612
349.0 24.559358 0.131850877291 23.004887 0.145901870482
350.0 23.920445 0.151349124361 22.37606 0.0117069458664
351.0 24.156105 0.0824768145503 22.607254 0.0839439707825
352.0 24.326886 0.199587266073 22.773264 0.125185608188
353.0 23.716625 0.153354277684 22.173676 0.00512781647684
354.0 23.852467 0.0389662599566 22.305297 0.0331333964569
355.0 22.307428 0.197012570968 20.792171 0.0552317957085
356.0 22.374399 0.0624473533643 20.859369 0.0811310139381
357.0 21.818222 0.105773213787 20.312046 0.0742121573717
358.0 21.842508 0.146050158784 20.337456 0.0479864406373
359.0 21.732342 0.0301635844223 20.229355 0.155865133459
360.0 21.66664 0.154376828514 20.163349 0.10045227
361.0 21.789752 0.113031397314 20.285972 0.168735984934
362.0 24.976601 0.00841482657779 23.423958 0.165717031516
363.0 24.61601 0.13424536072 23.06994 0.103346949349
364.0 25.511714 0.113455661223 23.950265 0.0780645414524
365.0 25.60284 0.0370921460869 24.038831 0.158190289905
366.0 26.04881 0.013348575308 24.477763 0.10369371311
367.0 26.563983 0.1920336229 24.982917 0.00615417432417
368.0 26.787987 0.00496541938032 25.2041 0.0125526117792
369.0 26.001937 0.111287756338 24.432617 0.125726978214
370.0 26.663367 0.112244714951 25.082654 0.0919900019059
371.0 26.36045 0.157378714509 24.783948 0.0490258359011
372.0 23.330637 0.193999652759 21.804855 0.109523925005
373.0 23.861486 0.0259702203865 22.326173 0.140142771475
374.0 24.222398 0.17276835668 22.681716 0.0622946665718
375.0 23.645281 0.00772242247558 22.113386 0.136635259049
376.0 23.262268 0.0187884980881 21.736211 0.0333639151212
377.0 22.684691 0.0495776394537 21.167949 0.00128505590402
378.0 21.882847 0.103762073315 20.382658 0.156091440517
379.0 17.600068 0.099938147379 16.18268 0.0828160274552
380.0 18.195502 0.101893086863 16.765604 0.149714314606
381.0 18.295389 0.189182703424 16.862261 0.0397839711036
382.0 18.693386 0.198924421921 17.254595 0.00326989767668
383.0 15.806587 0.01585824965 14.429312 0.122150709832
384.0 15.322992 0.184665972982 13.954813 0.0563237928296
385.0 14.558579 0.147267160652 13.203204 0.15405530321
386.0 14.397016 0.0466754563799 13.043834 0.0122375389258
387.0 14.050371 0.0917197320119 12.705645 0.195077634605
388.0 13.216872 0.0747001633436 11.887328 0.157493158638
389.0 14.194688 0.183566442481 12.848766 0.089889168643
390.0 13.295507 0.181986356495 11.966358 0.0144958671126
391.0 15.622075 0.141319663421 14.256144 0.14767047888
392.0 16.464483 0.0435985941395 15.083469 0.0415403104969
393.0 16.867496 0.0842964048219 15.478585 0.11295903158
394.0 17.465277 0.122455149328 16.065357 0.184436441863
395.0 16.948812 0.146266999722 15.556811 0.17827953648
396.0 16.336442 0.164607108272 14.955625 0.00249125544185
397.0 15.692627 0.0103205500612 14.32413 0.124141057178
398.0 16.33388 0.147486920347 14.951636 0.0362079272969
399.0 17.08012 0.187068446689 15.68455 0.075074083161
400.0 17.397522 0.00818706996037 15.989058 0.0587051604226
401.0 18.067186 0.090142765109 16.647398 0.19454695328
402.0 18.39848 0.0894092588653 16.970741 0.13727549932
403.0 18.111072 0.0387138645851 16.687811 0.129640041175
404.0 17.994901 0.139216913772 16.574902 0.138848512859
405.0 17.266595 0.0576772661843 15.859561 0.0857542739469
406.0 16.872562 0.111729445702 15.467753 0.00180395223883
407.0 16.571166 0.0536403457517 15.171093 0.126721331482
408.0 16.050409 0.172276819695 14.661668 0.180319680859
409.0 16.112841 0.103409359489 14.724159 0.00854943348449
410.0 23.435509 0.0130143650821 21.914129 0.0442888422901
411.0 23.834173 0.0370746815846 22.306455 0.149459018259
412.0 23.758769 0.0262639239808 22.2311 0.0301200118515
413.0 24.499574 0.0501722759466 22.958719 0.061406317568
414.0 24.523898 0.158915018355 22.984549 0.0449408388939
415.0 24.277654 0.0794778837878 22.743418 0.0908860205549
416.0 16.742998 0.192012711771 15.3517 0.0959733662596
417.0 16.9246 0.106489813231 15.528947 0.0262655487167
418.0 16.604349 0.158104795724 15.214544 0.00112365548928
419.0 20.216277 0.0422823087139 18.771187 0.0170465208919
420.0 20.529818 0.0327626228245 19.080012 0.120280669965
421.0 20.817907 0.0797861899807 19.363212 0.0280737393373
422.0 20.578599 0.17235947968 19.127309 0.182945262578
423.0 20.924933 0.0948910894237 19.467709 0.155394661514
424.0 21.043118 0.17073728181 19.582213 0.122051423408
425.0 21.844258 0.144952334986 20.367793 0.0627681791817
426.0 22.502498 0.138645421874 21.015142 0.188123381694
427.0 24.595681 0.00231820765265 23.065077 0.175542237604
428.0 25.328953 0.157326837814 23.783887 0.180573429481
429.0 26.368199 0.168478352214 24.806403 0.12598184555
430.0 26.780017 0.197143343909 25.210334 0.0902942269964
431.0 26.31979 0.159834414 24.757615 0.113256394378
432.0 27.282791 0.134231466897 25.705381 0.101252434333
433.0 26.930485 0.158512772916 25.358965 0.0640616153004
434.0 26.508683 0.166387519226 24.94344 0.0338646304916
435.0 26.458591 0.102920746599 24.893324 0.0698348305139
436.0 25.762874 0.0397815241357 24.210974 0.0761096777374
437.0 25.228859 0.177328546718 23.686397 0.119049284937
438.0 24.734875 0.0924464595175 23.19547 0.0810707773981
439.0 25.64727 0.0763503576874 24.092766 0.163497936881
440.0 25.334461 0.08112277361 23.786972 0.193803813625
441.0 15.443274 0.173250553867 14.074216 0.187712770577
442.0 16.163881 0.042246255079 14.782008 0.115765838867
443.0 16.933455 0.179555071569 15.535999 0.198318494414
444.0 16.612035 0.0247111187339 15.219931 0.0524960816254
445.0 17.203633 0.117870254885 15.801278 0.129752908703
446.0 17.752841 0.0331660478919 16.338981 0.0166416606324
447.0 18.683633 0.183291067043 17.25427 0.165705556649
448.0 18.793544 0.15750773193 17.361729 0.162710145768
449.0 18.530893 0.180130725413 17.103868 0.189092030085
450.0 20.813397 0.0466570477952 19.345273 0.101468203269
451.0 21.204731 0.154588027334 19.730716 0.148311561549
452.0 20.512997 0.193470742682 19.052388 0.145636887582
453.0 21.216675 0.172369448535 19.744686 0.0818140092605
454.0 24.714548 0.0498726955692 23.175738 0.158580478642
455.0 23.863108 0.101312366772 22.338319 0.0534732065606
456.0 24.02161 0.0499115803489 22.496009 0.148307434138
457.0 24.683538 0.0054524748572 23.146787 0.0696213047483
458.0 24.085076 0.157990306717 22.560607 0.187294297484
459.0 23.412492 0.147933203656 21.899898 0.180515320135
460.0 21.970877 0.186712653862 20.485141 0.0746246164783
461.0 22.094377 0.0443328114723 20.606815 0.0674003078766
462.0 21.824248 0.170393490876 20.342448 0.0226717183068
463.0 21.092921 0.14045419568 19.625501 0.0713880757854
464.0 20.834964 0.0556041277169 19.371919 0.0781051321047
465.0 21.183142 0.0826423747635 19.714952 0.0365149886186
466.0 21.664182 0.040309282906 20.185395 0.0787172744054
467.0 21.242523 0.032980896722 19.770511 0.141902052965
468.0 20.912642 0.0415870451621 19.445211 0.133533802402
469.0 20.772929 0.133720716214 19.310171 0.117955378471
470.0 20.732494 0.0565525468377 19.271852 0.12880193931
471.0 21.057377 0.0571852165951 19.589986 0.188341545464
472.0 20.370357 0.0692580317264 18.916075 0.110135528924
473.0 20.023774 0.175730039954 18.574398 0.182762332409
474.0 19.668217 0.0541336802524 18.225225 0.189794244742
475.0 20.375145 0.171782370243 18.922054 0.159312076923
476.0 20.328925 0.173900690928 18.877698 0.092778373307
477.0 19.953843 0.169187922735 18.510426 0.177498056631
478.0 19.814077 0.0186827422998 18.373135 0.0737960920313
479.0 20.773489 0.0137053770321 19.317546 0.114750086577
480.0 20.774184 0.0334319083033 19.316874 0.112140382965
481.0 20.807127 0.143882760299 19.348144 0.143872829927
482.0 20.698907 0.0451935626043 19.242433 0.157469138094
483.0 19.396288 0.0452569936372 17.957878 0.100461301378
484.0 19.637918 0.0100344983995 18.196845 0.181628616668
485.0 19.988972 0.0518365055752 18.540703 0.173399923273
486.0 19.30448 0.00275204570992 17.867688 0.195659875684
487.0 19.846957 0.184932098787 18.39898 0.139443218832
488.0 19.942802 0.03700861493 18.493699 0.112988682547
489.0 20.357973 0.0273003325863 18.900455 0.140854152735
490.0 20.985447 0.00772084945894 19.516653 0.174543216848
491.0 20.47617 0.0341958605338 19.017128 0.119766300599
492.0 19.005502 0.178719436681 17.575588 0.153591444816
493.0 18.207649 0.192490783583 16.793132 0.132378551888
494.0 17.569336 0.0100141294662 16.16802 0.163048720041
495.0 18.210011 0.104783908932 16.795765 0.13414589387
496.0 19.040349 0.108686049037 17.610092 0.0595255896997
497.0 18.577639 0.139134790298 17.157864 0.113602302198
498.0 18.131456 0.0720235950186 16.719712 0.0913561811939
499.0 17.494904 0.062522665425 16.096901 0.00115759916707
500.0 18.304734 0.13312399066 16.890398 0.0732672948704
