2457258.5 16.2278952631 0 14.8061632851 0
2457259.5 16.3926308076 0 14.985405266 0
2457260.5 16.3671454154 0 14.9549598234 0
2457261.5 16.3088143668 0 14.8875908577 0
2457262.5 15.5437695288 0 14.0187131062 0
2457263.5 15.6566702578 0 14.1477203258 0
2457264.5 15.5546902776 0 14.0325489113 0
2457265.5 15.5615956488 0 14.0388816878 0
2457266.5 16.056232012 0 14.6013196417 0
2457267.5 15.9714320881 0 14.5055206012 0
2457268.5 15.9085300421 0 14.4358966542 0
2457269.5 15.9224164231 0 14.4526193253 0
2457270.5 15.4734350972 0 13.9280182367 0
2457271.5 15.4891471888 0 13.9494239011 0
2457272.5 15.4989880437 0 13.9575392188 0
2457273.5 15.4546502894 0 13.9278439059 0
2457274.5 16.733217063 0 15.362653606 0
2457275.5 16.8960858628 0 15.5410724583 0
2457276.5 16.9047899797 0 15.5482600392 0
2457277.5 16.9230451923 0 15.5706756902 0
2457278.5 16.7737020207 0 15.4081849993 0
2457279.5 16.8038642705 0 15.445074382 0
2457280.5 16.9408383954 0 15.5925756977 0
2457281.5 16.7710495664 0 15.4060890319 0
2457282.5 15.4544697527 0 13.9204455409 0
2457283.5 15.4525762563 0 13.9249737009 0
2457284.5 15.380058193 0 13.8375710892 0
2457285.5 15.3161409452 0 13.7616065048 0
2457286.5 15.3662169954 0 13.8207349987 0
2457287.5 15.3613388586 0 13.8084603092 0
2457288.5 15.3675889977 0 13.8126937223 0
2457289.5 15.3723613313 0 13.8161606873 0
2457290.5 16.5418214011 0 15.14955355 0
2457291.5 16.4344894528 0 15.0298395354 0
2457292.5 16.306361168 0 14.8904943876 0
2457293.5 16.3714435482 0 14.9657933923 0
2457294.5 15.5933347193 0 14.0904634916 0
2457295.5 15.5005243515 0 13.983194061 0
2457296.5 15.4903025448 0 13.9670583285 0
2457297.5 15.3760051308 0 13.8365737335 0
2457298.5 15.3580480673 0 13.8111151086 0
2457299.5 15.3294925375 0 13.775099585 0
2457300.5 15.3690493674 0 13.8164920783 0
2457301.5 15.3477773474 0 13.7840183882 0
2457302.5 16.423296535 0 15.0100588943 0
2457303.5 16.61904004 0 15.2070757315 0
2457304.5 16.5011622355 0 15.0793282738 0
2457305.5 16.5629142996 0 15.1483242412 0
2457306.5 15.6847907917 0 14.1550936213 0
2457307.5 15.773850803 0 14.2558273799 0
2457308.5 15.8143245705 0 14.3063998821 0
2457309.5 15.7198995809 0 14.1978767115 0
2457310.5 16.7624591216 0 15.3700861243 0
2457311.5 16.7752052676 0 15.3883278271 0
2457312.5 16.6626694582 0 15.2594798978 0
2457313.5 16.653533094 0 15.2485521407 0
2457314.5 16.3386181634 0 14.8947470216 0
2457315.5 16.2860285921 0 14.8391068346 0
2457316.5 16.2273056781 0 14.7703948832 0
2457317.5 16.2979001713 0 14.8453636422 0
2457318.5 16.4033506827 0 14.9463651719 0
2457319.5 16.3366369478 0 14.8762194124 0
2457320.5 16.2215805466 0 14.75067326 0
2457321.5 16.3288322146 0 14.871916042 0
2457322.5 15.9685950198 0 14.4606140458 0
2457323.5 16.08535036 0 14.5912415837 0
2457324.5 16.0831307681 0 14.5868632104 0
2457325.5 16.0284642498 0 14.529513794 0
2457326.5 16.5862004824 0 15.1616683589 0
2457327.5 16.6617264179 0 15.2460578051 0
2457328.5 16.6891240679 0 15.2769847721 0
2457329.5 16.5027570489 0 15.0737171938 0
2457330.5 17.1174235051 0 15.7521234168 0
2457331.5 17.0054366019 0 15.6325888399 0
2457332.5 16.899740642 0 15.5187868428 0
2457333.5 16.9609827499 0 15.5797774892 0
2457334.5 15.8376021992 0 14.3142277449 0
2457335.5 15.8659551112 0 14.3436616751 0
2457336.5 15.9450141686 0 14.4368819119 0
2457337.5 15.9158527565 0 14.4081090782 0
2457338.5 15.7583388001 0 14.2228548015 0
2457339.5 15.7033474708 0 14.1660725112 0
2457340.5 15.7148435967 0 14.1778150772 0
2457341.5 15.6717980442 0 14.1242180752 0
2457342.5 16.5584741275 0 15.1353556267 0
2457343.5 16.5961620172 0 15.1727348555 0
2457344.5 16.568311788 0 15.1370168807 0
2457345.5 16.7221231839 0 15.3080747063 0
2457346.5 15.9431447233 0 14.4186354094 0
2457347.5 16.0026988813 0 14.483313023 0
2457348.5 15.9352649086 0 14.4122253548 0
2457349.5 16.0120575068 0 14.5015693523 0
2457350.5 16.342191843 0 14.877460122 0
2457351.5 16.3082588705 0 14.8376436096 0
2457352.5 16.2089240245 0 14.7282729271 0
2457353.5 16.2854200675 0 14.8171986122 0
2457354.5 16.0520475121 0 14.5518934507 0
2457355.5 15.9965662978 0 14.4914433702 0
2457356.5 16.0156075026 0 14.5096535326 0
2457357.5 15.9257613337 0 14.4084855603 0
2457358.5 16.2250733378 0 14.7575712381 0
2457359.5 16.0947590597 0 14.6136951004 0
2457360.5 16.0612752552 0 14.5728992717 0
2457361.5 16.1190325266 0 14.6396234928 0
2457362.5 16.5110367009 0 15.0762316794 0
2457363.5 16.1800946713 0 14.7318105315 0
2457364.5 16.3056674148 0 14.8707577927 0
2457365.5 16.219831009 0 14.7791263475 0
2457366.5 15.877553717 0 14.3964127391 0
2457367.5 15.9302709796 0 14.4541943895 0
2457368.5 15.9763095935 0 14.5107267608 0
2457369.5 15.8800673185 0 14.4066427981 0
2457370.5 16.1708586044 0 14.737471935 0
2457371.5 16.1459473775 0 14.7049122138 0
2457372.5 16.009654074 0 14.5513898353 0
2457373.5 16.1256899148 0 14.6846739181 0
2457374.5 16.0265590532 0 14.5690802084 0
2457375.5 15.9430908921 0 14.4785640859 0
2457376.5 15.9508475314 0 14.4835579322 0
2457377.5 16.0899931101 0 14.6364495512 0
2457378.5 15.6713748125 0 14.1870064502 0
2457379.5 15.5849646513 0 14.0862982895 0
2457380.5 15.6400472046 0 14.1508686459 0
2457381.5 15.6237259273 0 14.1362598479 0
2457382.5 15.3237760372 0 13.7870196381 0
2457383.5 15.2799318312 0 13.7270226027 0
2457384.5 15.3594059997 0 13.8174020988 0
2457385.5 15.4491271652 0 13.9238649737 0
2457386.5 15.4652814459 0 13.9382882749 0
2457387.5 15.4947696627 0 13.9728199779 0
2457388.5 15.5347599777 0 14.0195555614 0
2457389.5 15.5649613766 0 14.051918008 0
2457390.5 15.5482062508 0 14.0323738857 0
2457391.5 15.6728403004 0 14.1702449311 0
2457392.5 15.6189159809 0 14.1115000397 0
2457393.5 15.7628896831 0 14.262105248 0
2457394.5 15.9964132495 0 14.5283859792 0
2457395.5 16.0176163483 0 14.5473456851 0
2457396.5 15.9796708162 0 14.5028530134 0
2457397.5 15.9322902916 0 14.451896873 0
2457398.5 15.7412900676 0 14.2394201445 0
2457399.5 15.7408912828 0 14.2454681073 0
2457400.5 15.796723655 0 14.3071269064 0
2457401.5 15.7168231596 0 14.217376216 0
2457402.5 15.7953395402 0 14.3020245244 0
2457403.5 15.8804688627 0 14.3993615597 0
2457404.5 15.7526034358 0 14.2561485667 0
2457405.5 15.8367134729 0 14.3486636314 0
2457406.5 16.7562848399 0 15.3755766256 0
2457407.5 16.8089333861 0 15.4294689498 0
2457408.5 17.0377201792 0 15.6684610113 0
2457409.5 16.997838886 0 15.6276137489 0
2457410.5 16.1983658001 0 14.7377729222 0
2457411.5 16.1801877132 0 14.7219353182 0
2457412.5 16.0985528944 0 14.6339503861 0
2457413.5 16.0540604918 0 14.5799878342 0
2457414.5 16.324990886 0 14.8848874285 0
2457415.5 16.2679422878 0 14.8154613495 0
2457416.5 16.3972258477 0 14.9572068326 0
2457417.5 16.3619510924 0 14.9195373609 0
2457418.5 15.8344777406 0 14.3229542493 0
2457419.5 15.891996984 0 14.3923397361 0
2457420.5 16.0061533546 0 14.5173840934 0
2457421.5 16.0063747168 0 14.5226084191 0
2457422.5 15.5669834169 0 14.009471546 0
2457423.5 15.4671855627 0 13.9073204895 0
2457424.5 15.495423866 0 13.9486287643 0
2457425.5 15.5651157586 0 14.0255392695 0
2457426.5 16.3708028848 0 14.9432528886 0
2457427.5 16.2701817272 0 14.8267086904 0
2457428.5 16.3224550251 0 14.8807830878 0
2457429.5 16.2929339069 0 14.8514426961 0
2457430.5 16.5573343344 0 15.1457934196 0
2457431.5 16.7103479652 0 15.3136318104 0
2457432.5 16.5184048826 0 15.1043885835 0
2457433.5 16.5115105755 0 15.0951919779 0
2457434.5 16.7618472076 0 15.3748869524 0
2457435.5 16.8636455164 0 15.486632603 0
2457436.5 16.9846894146 0 15.6214074811 0
2457437.5 16.9935530926 0 15.6331242335 0
2457438.5 15.5500698899 0 14.0052259825 0
2457439.5 15.5104339013 0 13.9630156331 0
2457440.5 15.5465185767 0 14.0025352023 0
2457441.5 15.4744208899 0 13.9200647954 0
2457442.5 16.5606553772 0 15.1585284207 0
2457443.5 16.4465673392 0 15.0282730355 0
2457444.5 16.3212353223 0 14.8902087877 0
2457445.5 16.2626404521 0 14.8274040137 0
2457446.5 16.0603588905 0 14.5966803361 0
2457447.5 16.0021246127 0 14.5257921633 0
2457448.5 15.9075585532 0 14.4140092704 0
2457449.5 15.8664930261 0 14.3696157122 0
2457450.5 15.9511874766 0 14.4646302752 0
2457451.5 15.9543281351 0 14.4731532589 0
2457452.5 16.0915990207 0 14.6232523958 0
2457453.5 16.2113625717 0 14.7287810978 0
2457454.5 16.3565034807 0 14.8885300772 0
2457455.5 16.4434626215 0 14.9811628882 0
2457456.5 16.4394653882 0 14.9720797464 0
2457457.5 16.5021721996 0 15.0381843046 0
2457458.5 16.1212405163 0 14.6044957173 0
2457459.5 16.1397421031 0 14.6228127611 0
2457460.5 16.0964689073 0 14.5719889957 0
2457461.5 16.0058078235 0 14.4657820206 0
2457462.5 16.5403709613 0 15.0809070852 0
2457463.5 16.5912746632 0 15.1384711012 0
2457464.5 16.5924892633 0 15.1386593382 0
2457465.5 16.5558097954 0 15.0933910993 0
2457466.5 16.8347307608 0 15.4066922267 0
2457467.5 16.923126244 0 15.5048158359 0
2457468.5 17.1224829601 0 15.7171705325 0
2457469.5 17.0775055425 0 15.6620197075 0
2457470.5 17.0721566401 0 15.6514307156 0
2457471.5 16.9765905265 0 15.5439535379 0
2457472.5 17.135467355 0 15.7182901108 0
2457473.5 17.2828934354 0 15.8790692308 0
2457474.5 17.0976302969 0 15.6717651875 0
2457475.5 16.9765623684 0 15.538183675 0
2457476.5 16.9156813861 0 15.4660662081 0
2457477.5 16.7712892707 0 15.3096328558 0
2457478.5 16.295548102 0 14.7590390689 0
2457479.5 16.2614673548 0 14.7220462598 0
2457480.5 16.269592505 0 14.7371556899 0
2457481.5 16.2531742331 0 14.709989101 0
2457482.5 16.5982987727 0 15.1168479699 0
2457483.5 16.6405468071 0 15.1714748371 0
2457484.5 16.6704532656 0 15.2014578328 0
2457485.5 16.5792367554 0 15.0975602698 0
2457486.5 17.0474859493 0 15.6207907051 0
2457487.5 17.2055941642 0 15.7915044844 0
2457488.5 17.407256836 0 16.0103760597 0
2457489.5 17.5411802073 0 16.1593130098 0
2457490.5 17.6265951315 0 16.2493885671 0
2457491.5 17.6386141879 0 16.2591388053 0
2457492.5 17.6232820162 0 16.2427146733 0
2457493.5 17.5988827555 0 16.2206314026 0
2457494.5 16.4510477386 0 14.9344934568 0
2457495.5 16.4521647359 0 14.928346205 0
2457496.5 16.3999178911 0 14.8666670488 0
2457497.5 16.3717726638 0 14.8334696753 0
2457498.5 16.6152541219 0 15.0954560783 0
2457499.5 16.6128185351 0 15.1010168408 0
2457500.5 16.5839930423 0 15.0706707215 0
2457501.5 16.5177487149 0 15.0003471654 0
2457502.5 17.6860325708 0 16.316355568 0
2457503.5 17.6001433908 0 16.2210194518 0
2457504.5 17.483758949 0 16.096223925 0
2457505.5 17.4073864334 0 16.0107384722 0
2457506.5 16.7001590975 0 15.2196256083 0
2457507.5 16.6902045124 0 15.2134679963 0
2457508.5 16.6470875982 0 15.1599679783 0
2457509.5 16.7363711335 0 15.2639529807 0
2457510.5 17.153939291 0 15.7378864186 0
2457511.5 17.0760739938 0 15.6473168866 0
2457512.5 17.116947312 0 15.6921404079 0
2457513.5 16.962208037 0 15.5376400102 0
2457514.5 16.2512091129 0 14.7302308175 0
2457515.5 16.2745986476 0 14.7648201516 0
2457516.5 16.3685759813 0 14.8730465502 0
2457517.5 16.2619230423 0 14.749164119 0
2457518.5 17.3455048925 0 15.9712527944 0
2457519.5 17.5013320379 0 16.1404799744 0
2457520.5 17.5078442664 0 16.1455656017 0
2457521.5 17.6914150801 0 16.3444693504 0
2457522.5 16.2425022238 0 14.7248799513 0
2457523.5 16.2418211652 0 14.7200107731 0
2457524.5 16.2028972082 0 14.6688384552 0
2457525.5 16.3018371674 0 14.7832232893 0
2457526.5 17.0771502365 0 15.6630002261 0
2457527.5 17.1000636771 0 15.6840476522 0
2457528.5 16.9721398878 0 15.5541277955 0
2457529.5 16.8908313913 0 15.4620674621 0
2457530.5 17.213059838 0 15.8198447588 0
2457531.5 17.3878042899 0 16.0090761158 0
2457532.5 17.3872375142 0 16.005749149 0
2457533.5 17.329695898 0 15.9416937653 0
2457534.5 16.3390511399 0 14.8303597044 0
2457535.5 16.2580490361 0 14.740814757 0
2457536.5 16.1961169699 0 14.669816077 0
2457537.5 16.1754296323 0 14.6428786269 0
2457538.5 17.333165167 0 15.9547505241 0
2457539.5 17.4009403041 0 16.0304364621 0
2457540.5 17.4621436153 0 16.0936403754 0
2457541.5 17.5062862267 0 16.1449420739 0
2457542.5 17.2256260027 0 15.8363237989 0
2457543.5 17.3690636328 0 15.9861047168 0
2457544.5 17.3134506984 0 15.9213388287 0
2457545.5 17.2659538149 0 15.8680018627 0
2457546.5 16.6965736058 0 15.228344 0
2457547.5 16.8593749639 0 15.406342677 0
2457548.5 16.8693113803 0 15.4191777533 0
2457549.5 16.9407722276 0 15.5004219207 0
2457550.5 16.731425185 0 15.2678649766 0
2457551.5 16.7680859371 0 15.3036788519 0
2457552.5 16.7662256856 0 15.2973000673 0
2457553.5 16.7911889354 0 15.3259448571 0
2457554.5 16.9951662116 0 15.5598074087 0
2457555.5 17.1020426115 0 15.6819667554 0
2457556.5 17.1938835833 0 15.7831819269 0
2457557.5 17.0970533288 0 15.670169104 0
2457558.5 16.9121539581 0 15.475385205 0
2457559.5 16.7451218945 0 15.2932405079 0
2457560.5 16.7761290628 0 15.3304135804 0
2457561.5 16.6744248185 0 15.2208467218 0
2457562.5 16.5911853388 0 15.1275233436 0
2457563.5 16.6419695467 0 15.1906418154 0
2457564.5 16.5126141728 0 15.0505572107 0
2457565.5 16.638290005 0 15.189560195 0
2457566.5 17.373527687 0 16.0071598604 0
2457567.5 17.3935631876 0 16.0339441714 0
2457568.5 17.3774494537 0 16.0161886722 0
2457569.5 17.3552654009 0 15.9908391296 0
2457570.5 16.9324517354 0 15.5191565018 0
2457571.5 16.9223918937 0 15.5084523038 0
2457572.5 16.9309470896 0 15.5194586614 0
2457573.5 16.8313349752 0 15.4053579437 0
2457574.5 16.0557332227 0 14.5125173734 0
2457575.5 16.0125815966 0 14.4560966982 0
2457576.5 15.9724047743 0 14.4017187619 0
2457577.5 15.9886362537 0 14.4279895557 0
2457578.5 17.0694387252 0 15.6637741137 0
2457579.5 17.205245687 0 15.8131522531 0
2457580.5 17.2878964489 0 15.9042204777 0
2457581.5 17.105083447 0 15.7041363394 0
2457582.5 16.3168180934 0 14.8174078212 0
2457583.5 16.4585584839 0 14.9739172286 0
2457584.5 16.5625625927 0 15.0926053431 0
2457585.5 16.6101530044 0 15.1520610631 0
2457586.5 16.1269288803 0 14.6042377902 0
2457587.5 16.0935003608 0 14.5729373691 0
2457588.5 15.8665547671 0 14.3325273711 0
2457589.5 15.7754874025 0 14.2258974384 0
2457590.5 16.769492223 0 15.360346125 0
2457591.5 16.781942795 0 15.375941274 0
2457592.5 16.8994196313 0 15.5105027042 0
2457593.5 17.067825237 0 15.6941662153 0
2457594.5 16.9661763893 0 15.5803497153 0
2457595.5 16.9491935848 0 15.5566323463 0
2457596.5 16.8351026453 0 15.4298810333 0
2457597.5 16.8976570139 0 15.4953150617 0
2457598.5 17.054731999 0 15.6640510791 0
2457599.5 17.1617389345 0 15.7799400727 0
2457600.5 17.0578669716 0 15.6645609681 0
2457601.5 16.9732434861 0 15.575416891 0
2457602.5 16.3473369581 0 14.8741782368 0
2457603.5 16.2001899337 0 14.7255585419 0
2457604.5 16.2700593105 0 14.8043955183 0
2457605.5 16.3305610592 0 14.87830908 0
2457606.5 16.5455950566 0 15.1234369826 0
2457607.5 16.457074193 0 15.0203277816 0
2457608.5 16.5004013788 0 15.0718313739 0
2457609.5 16.4106824486 0 14.9736777031 0
2457610.5 16.2695844644 0 14.8196143097 0
2457611.5 16.3317235443 0 14.8857598076 0
2457612.5 16.3687257295 0 14.9257757364 0
2457613.5 16.4042023676 0 14.9636934029 0
2457614.5 16.9658072453 0 15.5856353208 0
2457615.5 16.9185553278 0 15.5287652519 0
2457616.5 17.0699800106 0 15.6941468727 0
2457617.5 17.0184468775 0 15.6406378035 0
2457618.5 16.2681339391 0 14.8098368732 0
2457619.5 16.2119475383 0 14.7423474399 0
2457620.5 16.1307659467 0 14.6460400984 0
2457621.5 16.2449713165 0 14.7766823001 0
2457622.5 16.5623785415 0 15.1320773872 0
2457623.5 16.6221071357 0 15.2012675363 0
