2457258.5 16.5353339627 0 14.9923519311 0
2457259.5 16.5902159371 0 15.0552269623 0
2457260.5 16.6495899658 0 15.1311554439 0
2457261.5 16.7741603989 0 15.2669517397 0
2457262.5 17.8964968229 0 16.5217027067 0
2457263.5 17.8995450904 0 16.5252131759 0
2457264.5 18.0573488651 0 16.6972482887 0
2457265.5 18.1932772235 0 16.8451195119 0
2457266.5 17.0509812236 0 15.577376097 0
2457267.5 17.020764091 0 15.5375790854 0
2457268.5 16.9568607944 0 15.4598395886 0
2457269.5 17.0526820312 0 15.5691711577 0
2457270.5 18.0743658204 0 16.7100442397 0
2457271.5 17.9355455451 0 16.5626784419 0
2457272.5 17.8600551981 0 16.4848070069 0
2457273.5 18.2527797783 0 16.8933719243 0
2457274.5 17.0493855927 0 15.5504161072 0
2457275.5 17.1163416887 0 15.6312622875 0
2457276.5 17.1072802514 0 15.6155042138 0
2457277.5 17.1376612441 0 15.643128469 0
2457278.5 16.826751299 0 15.2895411911 0
2457279.5 16.7706906638 0 15.2328933918 0
2457280.5 16.7444617413 0 15.211560703 0
2457281.5 16.6882441383 0 15.1554744619 0
2457282.5 17.3551133742 0 15.9124818261 0
2457283.5 17.4405739439 0 16.0136628482 0
2457284.5 17.5024752579 0 16.0775375561 0
2457285.5 17.59288762 0 16.1730329606 0
2457286.5 17.1889782935 0 15.7142347099 0
2457287.5 17.2189726673 0 15.7457427129 0
2457288.5 17.3463471255 0 15.8629964059 0
2457289.5 17.2958460714 0 15.7980837218 0
2457290.5 17.0597400046 0 15.5277147635 0
2457291.5 16.9911423157 0 15.4420903699 0
2457292.5 16.9567014811 0 15.396186508 0
2457293.5 16.9675657876 0 15.3985020864 0
2457294.5 17.2538008338 0 15.742506449 0
2457295.5 17.1506878675 0 15.6316557899 0
2457296.5 17.1569946374 0 15.6490458997 0
2457297.5 17.1111794036 0 15.5963492324 0
2457298.5 18.3455089725 0 16.977224949 0
2457299.5 18.3255310985 0 16.9529662994 0
2457300.5 18.1827813678 0 16.7971505807 0
2457301.5 18.0851866728 0 16.6903193632 0
2457302.5 16.94821865 0 15.4005262904 0
2457303.5 17.2082324764 0 15.6612999718 0
2457304.5 17.2419176254 0 15.7122675981 0
2457305.5 17.3368809699 0 15.8223140059 0
2457306.5 18.3399839361 0 16.9497212772 0
2457307.5 18.2040894065 0 16.8047086258 0
2457308.5 18.2442212 0 16.8507322599 0
2457309.5 18.1879632103 0 16.7819691343 0
2457310.5 18.223591159 0 16.8211562651 0
2457311.5 18.2241384704 0 16.8283579475 0
2457312.5 18.0623344051 0 16.6541466737 0
2457313.5 17.9459229224 0 16.5257787031 0
2457314.5 17.6838614229 0 16.2328742468 0
2457315.5 17.6500631915 0 16.2012185266 0
2457316.5 17.6184800348 0 16.1677170831 0
2457317.5 17.7316081299 0 16.2888724176 0
2457318.5 18.0594699988 0 16.6444112524 0
2457319.5 18.1644300197 0 16.7647612882 0
2457320.5 18.2076756484 0 16.8164064198 0
2457321.5 18.2603811987 0 16.8738829002 0
2457322.5 17.1705596908 0 15.6433835252 0
2457323.5 17.199073613 0 15.6788513475 0
2457324.5 17.2870091053 0 15.7714461461 0
2457325.5 17.3179631547 0 15.8024953928 0
2457326.5 17.2813947965 0 15.7617061019 0
2457327.5 17.1392005429 0 15.6041678731 0
2457328.5 17.1447164815 0 15.6126178284 0
2457329.5 17.177638244 0 15.6400779407 0
2457330.5 17.472170753 0 15.9739506391 0
2457331.5 17.4017126153 0 15.8987929292 0
2457332.5 17.3005288207 0 15.7806370929 0
2457333.5 17.4195222383 0 15.9111139639 0
2457334.5 17.6084343399 0 16.1244832526 0
2457335.5 17.6896538014 0 16.2183386957 0
2457336.5 17.6974028298 0 16.2224220635 0
2457337.5 17.8513383841 0 16.3884193546 0
2457338.5 18.6255126415 0 17.2548979198 0
2457339.5 18.5974395447 0 17.220362344 0
2457340.5 18.6876829538 0 17.3219091434 0
2457341.5 18.7819210244 0 17.422077927 0
2457342.5 18.393865163 0 16.9918084174 0
2457343.5 18.3402033063 0 16.935391128 0
2457344.5 18.3515471808 0 16.9444929604 0
2457345.5 18.2225227092 0 16.7984635998 0
2457346.5 18.6343684357 0 17.252512935 0
2457347.5 18.5045930307 0 17.1083296071 0
2457348.5 18.4346389284 0 17.0541140099 0
2457349.5 18.4764486252 0 17.0962767794 0
2457350.5 17.2173771951 0 15.6806069701 0
2457351.5 17.213175712 0 15.6639980419 0
2457352.5 17.246462396 0 15.7111646607 0
2457353.5 17.3134900154 0 15.7853443755 0
2457354.5 17.2072196608 0 15.6605731317 0
2457355.5 17.1998046055 0 15.6469864272 0
2457356.5 17.161156285 0 15.6130254441 0
2457357.5 17.0799590749 0 15.5181805315 0
2457358.5 18.2326276341 0 16.8325854987 0
2457359.5 18.3871524968 0 17.0037902891 0
2457360.5 18.3512460767 0 16.963181714 0
2457361.5 18.4226101787 0 17.0364399903 0
2457362.5 17.6712088732 0 16.1986378986 0
2457363.5 17.7305293784 0 16.2729243282 0
2457364.5 17.6738166552 0 16.2102819585 0
2457365.5 17.7075953626 0 16.2413070751 0
2457366.5 17.2644836045 0 15.7186103829 0
2457367.5 17.4179133855 0 15.8885593951 0
2457368.5 17.2834874224 0 15.7377765246 0
2457369.5 17.3245367078 0 15.7917710053 0
2457370.5 17.7585307005 0 16.2955029886 0
2457371.5 17.6669634266 0 16.1994355956 0
2457372.5 17.535422878 0 16.0545189383 0
2457373.5 17.3979573473 0 15.9016523921 0
2457374.5 17.8471662398 0 16.4164959818 0
2457375.5 17.9649315119 0 16.5427903378 0
2457376.5 18.0468453374 0 16.6271438565 0
2457377.5 17.9644467896 0 16.5412582333 0
2457378.5 17.4338782867 0 15.9079791661 0
2457379.5 17.3882910329 0 15.8650122937 0
2457380.5 17.3932433209 0 15.878159815 0
2457381.5 17.3108680376 0 15.7797632714 0
2457382.5 17.3049578424 0 15.7841246739 0
2457383.5 17.2617243594 0 15.7427089173 0
2457384.5 17.3023047779 0 15.7903241608 0
2457385.5 17.2906550549 0 15.7855478297 0
2457386.5 17.2420888459 0 15.7351191064 0
2457387.5 17.2530637161 0 15.752135355 0
2457388.5 17.2112200154 0 15.696264875 0
2457389.5 17.2034132637 0 15.6778022943 0
2457390.5 18.5061635028 0 17.1405954218 0
2457391.5 18.5332406538 0 17.1693763986 0
2457392.5 18.6444537899 0 17.2864390529 0
2457393.5 18.3377132825 0 16.9783881251 0
2457394.5 17.2232690495 0 15.7399750197 0
2457395.5 17.2388897764 0 15.7588080348 0
2457396.5 17.2089771375 0 15.7182297284 0
2457397.5 17.2325206257 0 15.7394447693 0
2457398.5 17.4249010135 0 15.9558987353 0
2457399.5 17.4237040999 0 15.9564626853 0
2457400.5 17.3141037288 0 15.8324896578 0
2457401.5 17.4722966933 0 16.007466278 0
2457402.5 17.5260593479 0 16.0719348352 0
2457403.5 17.5952024079 0 16.1506623162 0
2457404.5 17.6189998872 0 16.1752905224 0
2457405.5 17.6293858213 0 16.1871821982 0
2457406.5 17.4487404652 0 15.9887887494 0
2457407.5 17.5978409865 0 16.1504953291 0
2457408.5 17.4016055099 0 15.9463813118 0
2457409.5 17.5718797469 0 16.130726263 0
2457410.5 17.7724509514 0 16.353401601 0
2457411.5 17.8119250787 0 16.3954900738 0
2457412.5 17.93815832 0 16.531955364 0
2457413.5 17.9114223538 0 16.5014197239 0
2457414.5 18.2206276156 0 16.8465192376 0
2457415.5 18.2253747428 0 16.8505806176 0
2457416.5 18.2387466758 0 16.8685694354 0
2457417.5 18.3766949876 0 17.0152470515 0
2457418.5 18.3759072393 0 17.0100192239 0
2457419.5 18.439822283 0 17.0777608756 0
2457420.5 18.3224918529 0 16.9478875543 0
2457421.5 18.2712919308 0 16.8864725212 0
2457422.5 18.3747508668 0 17.0052878978 0
2457423.5 18.5401297319 0 17.1801188367 0
2457424.5 18.6439925056 0 17.2947382956 0
2457425.5 18.7030977723 0 17.3608528749 0
2457426.5 18.4320837849 0 17.0615539214 0
2457427.5 18.2438855295 0 16.857377521 0
2457428.5 18.2949917548 0 16.907227563 0
2457429.5 18.1509975499 0 16.7517254314 0
2457430.5 18.3600606055 0 16.9855239292 0
2457431.5 18.2934402735 0 16.9182846193 0
2457432.5 18.2479388193 0 16.8625687574 0
2457433.5 18.1689162802 0 16.7732399443 0
2457434.5 18.2830691381 0 16.8961169896 0
2457435.5 18.3671677854 0 16.9942567911 0
2457436.5 18.3640844916 0 16.9963631168 0
2457437.5 18.5352004408 0 17.1841973371 0
2457438.5 17.3903353846 0 15.8696910504 0
2457439.5 17.2893584866 0 15.7520088168 0
2457440.5 17.3009282483 0 15.772405291 0
2457441.5 17.2241293594 0 15.691929287 0
2457442.5 17.8002201173 0 16.3492437587 0
2457443.5 17.8342510748 0 16.3935066452 0
2457444.5 17.7757397675 0 16.3303543694 0
2457445.5 17.8797987525 0 16.4412795205 0
2457446.5 18.23212376 0 16.833321463 0
2457447.5 18.2598111607 0 16.8579663906 0
2457448.5 18.2838101849 0 16.8913680301 0
2457449.5 18.4017527867 0 17.0202432987 0
2457450.5 18.1603718499 0 16.7565388242 0
2457451.5 18.2443690313 0 16.8451076323 0
2457452.5 18.3457472072 0 16.9622861108 0
2457453.5 18.6983389541 0 17.3254682141 0
2457454.5 17.7742294736 0 16.2972957171 0
2457455.5 17.8681679721 0 16.4005495467 0
2457456.5 17.9294031599 0 16.4730118015 0
2457457.5 17.8196791281 0 16.3469468396 0
2457458.5 17.6291195748 0 16.1311167032 0
2457459.5 17.6199964416 0 16.1258512924 0
2457460.5 17.4821439609 0 15.9715805923 0
2457461.5 17.5292763299 0 16.0266322789 0
2457462.5 17.3846413744 0 15.8642791824 0
2457463.5 17.3362607856 0 15.8177905654 0
2457464.5 17.3306253407 0 15.8103532803 0
2457465.5 17.2817685963 0 15.7622118472 0
2457466.5 18.1871633071 0 16.7868450541 0
2457467.5 18.2545752366 0 16.8624987416 0
2457468.5 18.5295230489 0 17.1337403801 0
2457469.5 18.5930337758 0 17.2033769111 0
2457470.5 17.7402830422 0 16.2376653424 0
2457471.5 17.7168842408 0 16.2081811052 0
2457472.5 17.6016593041 0 16.0844833215 0
2457473.5 17.5981259353 0 16.0837898943 0
2457474.5 17.9861279035 0 16.526315297 0
2457475.5 18.111046838 0 16.667801504 0
2457476.5 18.0867141378 0 16.6362348563 0
2457477.5 18.0738650715 0 16.6293055204 0
2457478.5 17.5291353512 0 16.0164882343 0
2457479.5 17.5301067362 0 16.0148704184 0
2457480.5 17.5303707648 0 16.0084525632 0
2457481.5 17.5083418631 0 15.9773761362 0
2457482.5 17.7956256391 0 16.3006864421 0
2457483.5 17.6811056329 0 16.1728516245 0
2457484.5 17.6916388898 0 16.1859696737 0
2457485.5 17.7719580616 0 16.2702439901 0
2457486.5 18.7775809794 0 17.3993844624 0
2457487.5 18.6938418144 0 17.3122828086 0
2457488.5 18.6537899987 0 17.2693469994 0
2457489.5 18.6599164074 0 17.2723889171 0
2457490.5 18.7659422666 0 17.3867267885 0
2457491.5 18.7110952161 0 17.3196814381 0
2457492.5 18.6559442595 0 17.2522510445 0
2457493.5 18.845859078 0 17.4567664487 0
2457494.5 19.1020411211 0 17.7388405865 0
2457495.5 19.1394895758 0 17.7817426452 0
2457496.5 18.9704437558 0 17.6011449455 0
2457497.5 18.7757839172 0 17.3934214504 0
2457498.5 17.9116702682 0 16.4395365217 0
2457499.5 18.062522317 0 16.6044002778 0
2457500.5 18.098992613 0 16.6528656223 0
2457501.5 18.2285721627 0 16.7981068975 0
2457502.5 18.3729332141 0 16.9587097482 0
2457503.5 18.2836327523 0 16.8546051158 0
2457504.5 18.3748509917 0 16.9527865674 0
2457505.5 18.2108277709 0 16.7767808725 0
2457506.5 18.9498802955 0 17.5898754111 0
2457507.5 19.0653661304 0 17.7124520024 0
2457508.5 19.1814447967 0 17.8382802317 0
2457509.5 19.2850754867 0 17.9490445754 0
2457510.5 19.0671924346 0 17.7066027075 0
2457511.5 18.955952136 0 17.5862740845 0
2457512.5 19.0012976798 0 17.6338627052 0
2457513.5 18.9018601616 0 17.5485818254 0
2457514.5 17.6276388612 0 16.1151696126 0
2457515.5 17.6278089849 0 16.1100933674 0
2457516.5 17.6286958187 0 16.101317621 0
2457517.5 17.62508167 0 16.0998895259 0
2457518.5 17.5815885522 0 16.0464085136 0
2457519.5 17.4851214247 0 15.9327421299 0
2457520.5 17.4750583496 0 15.9105261116 0
2457521.5 17.4100076188 0 15.8331461787 0
2457522.5 19.0954269437 0 17.737741654 0
2457523.5 19.2134241009 0 17.8613783869 0
2457524.5 19.2804576191 0 17.9362587949 0
2457525.5 19.1374311762 0 17.7779524919 0
2457526.5 18.478286262 0 17.0491440132 0
2457527.5 18.3479825811 0 16.9052914987 0
2457528.5 18.3056453168 0 16.8651237974 0
2457529.5 18.2291491926 0 16.7877686689 0
2457530.5 18.6480479842 0 17.2600465804 0
2457531.5 18.8359860167 0 17.4625421307 0
2457532.5 18.9070212879 0 17.5432836133 0
2457533.5 19.0038014632 0 17.6513204323 0
2457534.5 18.8394343302 0 17.4762006711 0
2457535.5 18.7418818227 0 17.3642757433 0
2457536.5 18.6488340628 0 17.2649460557 0
2457537.5 18.6760940158 0 17.2909290624 0
2457538.5 17.8181069413 0 16.3276256137 0
2457539.5 17.8643820493 0 16.3765987143 0
2457540.5 17.9744993819 0 16.4946226355 0
2457541.5 17.9334702658 0 16.4393435728 0
2457542.5 17.64595747 0 16.1122968443 0
2457543.5 17.5731206638 0 16.0263765693 0
2457544.5 17.4680492528 0 15.9115231361 0
2457545.5 17.4284956254 0 15.8736386925 0
2457546.5 18.3524564701 0 16.9239172947 0
2457547.5 18.4013686967 0 16.983558607 0
2457548.5 18.3538956117 0 16.9312576259 0
2457549.5 18.2746771048 0 16.8457297012 0
2457550.5 18.6122542007 0 17.224517648 0
2457551.5 18.6066025923 0 17.2150639501 0
2457552.5 18.6429880763 0 17.2559562247 0
2457553.5 18.7986798221 0 17.4257270658 0
2457554.5 17.8851896238 0 16.4005136562 0
2457555.5 17.8589164467 0 16.377215014 0
2457556.5 17.8939540433 0 16.4155018356 0
2457557.5 17.991892358 0 16.5182347595 0
2457558.5 17.4425977223 0 15.9241881736 0
2457559.5 17.4802434705 0 15.968539117 0
2457560.5 17.4612055844 0 15.9498077619 0
2457561.5 17.4788146927 0 15.9757992518 0
2457562.5 17.9671259615 0 16.5357073322 0
2457563.5 17.9215629531 0 16.4833604835 0
2457564.5 17.8228537353 0 16.374310624 0
2457565.5 17.8702523966 0 16.4336677644 0
2457566.5 17.228076825 0 15.6945469642 0
2457567.5 17.1751117878 0 15.6253937984 0
2457568.5 17.1757591608 0 15.630629021 0
2457569.5 17.183089101 0 15.6277805929 0
2457570.5 17.6603751724 0 16.1832838877 0
2457571.5 17.7381809854 0 16.2730477698 0
2457572.5 17.8644412809 0 16.4110415984 0
2457573.5 17.6921196926 0 16.2253693308 0
2457574.5 17.5736932566 0 16.0818566501 0
2457575.5 17.6205426195 0 16.1334160391 0
2457576.5 17.5064266722 0 16.0055443614 0
2457577.5 17.4841579891 0 15.9719573899 0
2457578.5 17.3770480104 0 15.8494407287 0
2457579.5 17.3728978081 0 15.8434949395 0
2457580.5 17.4498792612 0 15.9231789481 0
2457581.5 17.4637112536 0 15.9315623125 0
2457582.5 18.0405380627 0 16.584958771 0
2457583.5 18.1247081596 0 16.682807094 0
2457584.5 18.173028368 0 16.7296245105 0
2457585.5 18.1809508733 0 16.7389972058 0
2457586.5 17.758004293 0 16.2499291576 0
2457587.5 17.7341526966 0 16.2206932272 0
2457588.5 17.8744158152 0 16.373775236 0
2457589.5 17.8751248218 0 16.3720615381 0
2457590.5 17.8940946672 0 16.3904950986 0
2457591.5 17.836102636 0 16.329628124 0
2457592.5 17.8407954804 0 16.3337277002 0
2457593.5 17.8417727212 0 16.329121703 0
2457594.5 17.8421741011 0 16.3405302254 0
2457595.5 17.7378026091 0 16.2259887609 0
2457596.5 17.7816356872 0 16.2852948566 0
2457597.5 17.7325097248 0 16.2191977267 0
2457598.5 18.3516953851 0 16.923036896 0
2457599.5 18.5337970166 0 17.1224415504 0
2457600.5 18.5007449861 0 17.0871571267 0
2457601.5 18.4387267672 0 17.0172351361 0
2457602.5 18.5163655755 0 17.0956653662 0
2457603.5 18.8316302628 0 17.4095350185 0
2457604.5 18.7569261509 0 17.3322465726 0
2457605.5 18.8258543046 0 17.414106778 0
2457606.5 18.5347720422 0 17.0860679574 0
2457607.5 18.4609559216 0 17.0053994239 0
2457608.5 18.3596303494 0 16.8927200977 0
2457609.5 18.4097924966 0 16.9396914094 0
2457610.5 19.1349023163 0 17.7426673256 0
2457611.5 19.2141009164 0 17.8288072648 0
2457612.5 19.2378725059 0 17.8504929854 0
2457613.5 19.4529223476 0 18.0818690869 0
2457614.5 18.2615331206 0 16.7465231387 0
2457615.5 18.3059522819 0 16.7945179577 0
2457616.5 18.1432916273 0 16.6168775176 0
2457617.5 18.026077831 0 16.4926214869 0
2457618.5 18.9919622641 0 17.6168931913 0
2457619.5 19.1403411811 0 17.7798584891 0
2457620.5 19.1349409815 0 17.7790724109 0
2457621.5 19.1891297273 0 17.8388863568 0
2457622.5 19.0825472239 0 17.7171378959 0
2457623.5 19.0253503268 0 17.6601029797 0
